0.0905768 1
0.182886 361
0.276809 1081
0.370731 1801
0.462998 2521
0.46631 3241
0.55692 3961
0.560232 4681
0.563544 5401
0.650842 6121
0.654154 6841
0.657466 7561
0.660778 8281
0.743109 9001
0.746421 9721
0.749733 10441
0.753045 11161
0.756357 11881
0.759669 12601
0.835375 13321
0.838687 14041
0.841999 14761
0.845311 15481
0.848623 16201
0.851935 16921
0.855247 17641
0.858559 18361
0.861871 19081
0.927642 19801
0.930954 20521
0.934266 21241
0.937578 21961
0.94089 22681
0.944202 23401
0.947514 24121
0.950826 24841
0.954138 25561
0.95745 26281
0.960762 27001
0.964074 27721
0.967386 28441
0.970698 29161
1.02156 29881
1.02488 30601
1.02819 31321
1.0315 32041
1.03481 32761
1.03812 33481
1.04144 34201
1.04475 34921
1.04806 35641
1.05137 36361
1.05468 37081
1.058 37801
1.06131 38521
1.06462 39241
1.06793 39961
1.07124 40681
1.07456 41401
1.08118 42841
1.08449 43561
1.0878 44281
1.11549 45001
1.1188 45721
1.12211 46441
1.12542 47161
1.12873 47881
1.13205 48601
1.13536 49321
1.13867 50041
1.14198 50761
1.14529 51481
1.14861 52201
1.15192 52921
1.15523 53641
1.15854 54361
1.16185 55081
1.16517 55801
1.16848 56521
1.17179 57241
1.1751 57961
1.17841 58681
1.18173 59401
1.18504 60121
1.18835 60841
1.19166 61561
1.19497 62281
1.19829 63001
1.2016 63721
1.20491 64441
1.20822 65161
1.21153 65881
1.21485 66601
1.21816 67321
1.22147 68041
1.22478 68761
1.22809 69481
1.23141 70201
1.23472 70921
1.23803 71641
1.24134 72361
1.24465 73081
1.24797 73801
1.25128 74521
1.25459 75241
1.2579 75961
1.26121 76681
1.26453 77401
1.26784 78121
1.27115 78841
1.27446 79561
1.27777 80281
1.28109 81001
1.2844 81721
1.28771 82441
1.29102 83161
1.29433 83881
1.29765 84601
1.30096 85321
1.30427 86041
1.30758 86761
1.31089 87481
1.31421 88201
1.31752 88921
1.32083 89641
1.5328 135361
1.53611 136081
1.53942 136801
1.54273 137521
1.54605 138241
1.54936 138961
1.55267 139681
1.55598 140401
1.55929 141121
1.56261 141841
1.56592 142561
1.56923 143281
1.57254 144001
1.57585 144721
1.57917 145441
1.58248 146161
1.58579 146881
1.5891 147601
1.59241 148321
1.59573 149041
1.59904 149761
1.60235 150481
1.70833 173161
1.75593 173881
1.75924 174601
1.76255 175321
1.76586 176041
1.76917 176761
1.77249 177481
1.7758 178201
1.77911 178921
1.78242 179641
1.78573 180361
1.78905 181081
1.79236 181801
1.79567 182521
1.79898 183241
1.84819 183961
1.85151 184681
1.85482 185401
1.85813 186121
1.86144 186841
1.86475 187561
1.86807 188281
1.87138 189001
1.87469 189721
1.878 190441
1.88131 191161
1.88463 191881
1.88794 192601
1.89125 193321
1.89456 194041
1.94212 194761
1.94543 195481
1.94874 196201
1.95205 196921
1.95536 197641
1.95868 198361
1.96199 199081
1.9653 199801
1.96861 200521
1.97192 201241
1.97524 201961
1.97855 202681
1.98186 203401
1.98517 204121
1.98848 204841
2.03438 205561
2.03769 206281
2.04101 207001
2.04432 207721
2.05094 209161
2.05425 209881
2.05757 210601
2.06088 211321
2.06419 212041
2.0675 212761
2.07081 213481
2.07413 214201
2.07744 214921
2.08075 215641
2.08406 216361
2.1283 217081
2.13162 217801
2.13493 218521
2.13824 219241
2.14486 219961
2.14818 220681
2.15149 221401
2.1548 222121
2.15811 222841
2.16142 223561
2.16474 224281
2.16805 225001
2.17136 225721
2.17467 226441
2.17798 227161
2.1813 227881
2.22057 228601
2.22388 229321
2.22719 230041
2.23051 230761
2.23713 231481
2.24044 232201
2.24375 232921
2.24707 233641
2.25038 234361
2.25369 235081
2.257 235801
2.26031 236521
2.26363 237241
2.26694 237961
2.27025 238681
2.27356 239401
2.27687 240121
2.31449 240841
2.31781 241561
2.32112 242281
2.32443 243001
2.33105 243721
2.33437 244441
2.33768 245161
2.34099 245881
2.3443 246601
2.34761 247321
2.35093 248041
2.35424 248761
2.35755 249481
2.36086 250201
2.36417 250921
2.36749 251641
2.3708 252361
2.40676 253081
2.41007 253801
2.41338 254521
2.4167 255241
2.42332 255961
2.42663 256681
2.42994 257401
2.43326 258121
2.43657 258841
2.43988 259561
2.44319 260281
2.4465 261001
2.44982 261721
2.45313 262441
2.45644 263161
2.45975 263881
2.46306 264601
2.46638 265321
2.50068 266041
2.50399 266761
2.50731 267481
2.51062 268201
2.51724 268921
2.52055 269641
2.52387 270361
2.52718 271081
2.53049 271801
2.5338 272521
2.53711 273241
2.54043 273961
2.54374 274681
2.54705 275401
2.55036 276121
2.55367 276841
2.55699 277561
2.5603 278281
2.59295 279001
2.59626 279721
2.59957 280441
2.60288 281161
2.60951 281881
2.61282 282601
2.61613 283321
2.61944 284041
2.62276 284761
2.62607 285481
2.62938 286201
2.63269 286921
2.636 287641
2.63932 288361
2.64263 289081
2.64594 289801
2.64925 290521
2.65256 291241
2.65588 291961
2.68687 292681
2.69018 293401
2.69349 294121
2.69681 294841
2.70343 295561
2.70674 296281
2.71005 297001
2.71337 297721
2.71668 298441
2.71999 299161
2.7233 299881
2.72661 300601
2.72993 301321
2.73324 302041
2.73655 302761
2.73986 303481
2.74317 304201
2.74649 304921
2.7498 305641
2.77914 306361
2.78245 307081
2.78576 307801
2.78907 308521
2.7957 309241
2.79901 309961
2.80232 310681
2.80563 311401
2.80895 312121
2.81226 312841
2.81557 313561
2.81888 314281
2.82219 315001
2.82551 315721
2.82882 316441
2.83213 317161
2.83544 317881
2.83875 318601
2.84207 319321
2.84538 320041
2.87306 320761
2.87637 321481
2.87968 322201
2.883 322921
2.88962 323641
2.89293 324361
2.89624 325081
2.89956 325801
2.90287 326521
2.90618 327241
2.90949 327961
2.9128 328681
2.91612 329401
2.91943 330121
2.92274 330841
2.92605 331561
2.92936 332281
2.93268 333001
2.93599 333721
2.9393 334441
2.96533 335161
2.96864 335881
2.97195 336601
2.97526 337321
2.98189 338041
2.9852 338761
2.98851 339481
2.99182 340201
2.99513 340921
2.99845 341641
3.00176 342361
3.00507 343081
3.00838 343801
3.01169 344521
3.01501 345241
3.01832 345961
3.02163 346681
3.02494 347401
3.02825 348121
3.03157 348841
3.03488 349561
3.05925 350281
3.06256 351001
3.06587 351721
3.06918 352441
3.07581 353161
3.07912 353881
3.08243 354601
3.08574 355321
3.08906 356041
3.09237 356761
3.09568 357481
3.09899 358201
3.1023 358921
3.10562 359641
3.10893 360361
3.11224 361081
3.11555 361801
3.11886 362521
3.12218 363241
3.12549 363961
3.1288 364681
3.15151 365401
3.15483 366121
3.15814 366841
3.16145 367561
3.16807 368281
3.17139 369001
3.1747 369721
3.17801 370441
3.18132 371161
3.18463 371881
3.18795 372601
3.19126 373321
3.19457 374041
3.19788 374761
3.20119 375481
3.20451 376201
3.20782 376921
3.21113 377641
3.21444 378361
3.21775 379081
3.22107 379801
3.22438 380521
3.24544 381241
3.24875 381961
3.25206 382681
3.25537 383401
3.262 384121
3.26531 384841
3.26862 385561
3.27193 386281
3.27525 387001
3.27856 387721
3.28187 388441
3.28518 389161
3.28849 389881
3.29181 390601
3.29512 391321
3.29843 392041
3.30174 392761
3.30505 393481
3.30837 394201
3.31168 394921
3.31499 395641
3.3183 396361
3.3377 397081
3.34102 397801
3.34433 398521
3.34764 399241
3.35426 399961
3.35758 400681
3.36089 401401
3.3642 402121
3.36751 402841
3.37082 403561
3.37414 404281
3.37745 405001
3.38076 405721
3.38407 406441
3.38738 407161
3.3907 407881
3.39401 408601
3.39732 409321
3.40063 410041
3.40394 410761
3.40726 411481
3.41057 412201
3.41388 412921
3.43163 413641
3.43494 414361
3.43825 415081
3.44156 415801
3.44819 416521
3.4515 417241
3.45481 417961
3.45812 418681
3.46143 419401
3.46475 420121
3.46806 420841
3.47137 421561
3.47468 422281
3.47799 423001
3.48131 423721
3.48462 424441
3.48793 425161
3.49124 425881
3.49455 426601
3.49787 427321
3.50118 428041
3.50449 428761
3.5078 429481
3.52389 430201
3.5272 430921
3.53052 431641
3.53383 432361
3.54045 433081
3.54376 433801
3.54708 434521
3.55039 435241
3.5537 435961
3.55701 436681
3.56032 437401
3.56364 438121
3.56695 438841
3.57026 439561
3.57357 440281
3.57688 441001
3.5802 441721
3.58351 442441
3.58682 443161
3.59013 443881
3.59344 444601
3.59676 445321
3.60007 446041
3.60338 446761
3.61781 447481
3.62113 448201
3.62444 448921
3.62775 449641
3.63437 450361
3.63769 451081
3.641 451801
3.64431 452521
3.64762 453241
3.65093 453961
3.65425 454681
3.65756 455401
3.66087 456121
3.66418 456841
3.66749 457561
3.67081 458281
3.67412 459001
3.67743 459721
3.68074 460441
3.68405 461161
3.68737 461881
3.69068 462601
3.69399 463321
3.6973 464041
3.71008 464761
3.71339 465481
3.71671 466201
3.72002 466921
3.72664 467641
3.72995 468361
3.73327 469081
3.73658 469801
3.73989 470521
3.7432 471241
3.74651 471961
3.74983 472681
3.75314 473401
3.75645 474121
3.75976 474841
3.76307 475561
3.76639 476281
3.7697 477001
3.77301 477721
3.77632 478441
3.77963 479161
3.78295 479881
3.78626 480601
3.78957 481321
3.79288 482041
3.804 482761
3.80732 483481
3.81063 484201
3.81394 484921
3.82056 485641
3.82388 486361
3.82719 487081
3.8305 487801
3.83381 488521
3.83712 489241
3.84044 489961
3.84375 490681
3.84706 491401
3.85037 492121
3.85368 492841
3.857 493561
3.86031 494281
3.86362 495001
3.86693 495721
3.87024 496441
3.87356 497161
3.87687 497881
3.88018 498601
3.88349 499321
3.8868 500041
3.89627 500761
3.89958 501481
3.90289 502201
3.90621 502921
3.91283 503641
3.91614 504361
3.91945 505081
3.92277 505801
3.92608 506521
3.92939 507241
3.9327 507961
3.93601 508681
3.93933 509401
3.94264 510121
3.94595 510841
3.94926 511561
3.95257 512281
3.95589 513001
3.9592 513721
3.96251 514441
3.96582 515161
3.96913 515881
3.97245 516601
3.97576 517321
3.97907 518041
3.98238 518761
3.99019 519481
3.9935 520201
3.99682 520921
4.00013 521641
4.00675 522361
4.01006 523081
4.01338 523801
4.01669 524521
4.02 525241
4.02331 525961
4.02662 526681
4.02994 527401
4.03325 528121
4.03656 528841
4.03987 529561
4.04318 530281
4.0465 531001
4.04981 531721
4.05312 532441
4.05643 533161
4.05974 533881
4.06306 534601
4.06637 535321
4.06968 536041
4.07299 536761
4.0763 537481
4.08246 538201
4.08577 538921
4.08908 539641
4.09239 540361
4.09902 541081
4.10233 541801
4.10564 542521
4.10895 543241
4.11227 543961
4.11558 544681
4.11889 545401
4.1222 546121
4.12551 546841
4.12883 547561
4.13214 548281
4.13545 549001
4.13876 549721
4.14207 550441
4.14539 551161
4.1487 551881
4.15201 552601
4.15532 553321
4.15863 554041
4.16195 554761
4.16526 555481
4.16857 556201
4.17188 556921
4.17638 557641
4.17969 558361
4.18301 559081
4.18632 559801
4.19294 560521
4.19625 561241
4.19957 561961
4.20288 562681
4.20619 563401
4.2095 564121
4.21281 564841
4.21613 565561
4.21944 566281
4.22275 567001
4.22606 567721
4.22937 568441
4.23269 569161
4.236 569881
4.23931 570601
4.24262 571321
4.24593 572041
4.24925 572761
4.25256 573481
4.25587 574201
4.25918 574921
4.26249 575641
4.26581 576361
4.26912 577081
4.27243 577801
4.27574 578521
4.27905 579241
4.28521 579961
4.28852 580681
4.29183 581401
4.29514 582121
4.29846 582841
4.30177 583561
4.30508 584281
4.30839 585001
4.3117 585721
4.31502 586441
4.31833 587161
4.32164 587881
4.32495 588601
4.32826 589321
4.33158 590041
4.33489 590761
4.3382 591481
4.34151 592201
4.34482 592921
4.34814 593641
4.35145 594361
4.35476 595081
4.35807 595801
4.36138 596521
4.3647 597241
4.36801 597961
4.37132 598681
4.37463 599401
4.37913 600121
4.38244 600841
4.38575 601561
4.38907 602281
4.39238 603001
4.39569 603721
4.399 604441
4.40231 605161
4.40563 605881
4.40894 606601
4.41225 607321
4.41556 608041
4.41887 608761
4.42219 609481
4.4255 610201
4.42881 610921
4.43212 611641
4.43543 612361
4.43875 613081
4.44206 613801
4.44537 614521
4.44868 615241
4.45199 615961
4.45531 616681
4.45862 617401
4.46193 618121
4.46524 618841
4.46855 619561
4.47187 620281
4.47518 621001
4.47849 621721
4.4818 622441
4.48511 623161
4.48843 623881
4.49174 624601
4.49505 625321
4.49836 626041
4.50167 626761
4.50499 627481
4.5083 628201
4.51161 628921
4.51492 629641
4.51823 630361
4.52155 631081
4.52486 631801
4.52817 632521
4.53148 633241
4.53479 633961
4.53811 634681
4.54142 635401
4.54473 636121
4.54804 636841
4.55135 637561
4.55467 638281
4.55798 639001
4.56129 639721
4.5646 640441
4.56791 641161
4.57123 641881
4.57454 642601
4.57785 643321
4.58116 644041
4.58447 644761
4.58779 645481
4.5911 646201
4.59441 646921
4.59772 647641
4.60103 648361
4.60435 649081
4.60766 649801
4.61097 650521
4.61428 651241
4.61759 651961
4.62091 652681
4.62422 653401
4.62753 654121
4.63084 654841
4.63415 655561
4.63747 656281
4.64078 657001
4.64409 657721
4.6474 658441
4.65071 659161
4.65403 659881
4.65734 660601
4.66065 661321
4.66396 662041
4.66727 662761
4.67059 663481
4.6739 664201
4.67721 664921
4.68052 665641
4.68383 666361
4.68715 667081
4.69046 667801
4.69377 668521
4.69708 669241
4.70039 669961
4.70371 670681
4.70702 671401
4.71033 672121
4.71364 672841
4.71695 673561
4.72027 674281
4.72358 675001
4.72689 675721
4.7302 676441
4.73351 677161
4.73683 677881
4.74014 678601
4.74345 679321
4.74676 680041
4.75007 680761
4.75339 681481
4.7567 682201
4.76001 682921
4.76332 683641
4.76663 684361
4.76995 685081
4.77326 685801
4.77657 686521
4.77988 687241
4.78319 687961
4.78651 688681
4.78982 689401
4.79313 690121
4.79644 690841
4.79975 691561
4.80307 692281
4.80638 693001
4.80969 693721
4.813 694441
4.81631 695161
4.81963 695881
4.82294 696601
4.82625 697321
4.82956 698041
4.83287 698761
4.83619 699481
4.8395 700201
4.84281 700921
4.84612 701641
4.84943 702361
4.85275 703081
4.85606 703801
4.85937 704521
4.86268 705241
4.86599 705961
4.86931 706681
4.87262 707401
4.87593 708121
4.87924 708841
4.88255 709561
4.88587 710281
4.88918 711001
4.89249 711721
4.8958 712441
4.89911 713161
4.90243 713881
4.90574 714601
4.90905 715321
4.91236 716041
4.91567 716761
4.91899 717481
4.9223 718201
4.92561 718921
4.92892 719641
4.93223 720361
4.93555 721081
4.93886 721801
4.94217 722521
4.94548 723241
4.94879 723961
4.95211 724681
4.95542 725401
4.95873 726121
4.96204 726841
4.96535 727561
4.96867 728281
4.97198 729001
4.97529 729721
4.9786 730441
4.98191 731161
4.98523 731881
4.98854 732601
4.99185 733321
4.99516 734041
4.99847 734761
5.00179 735481
5.0051 736201
5.00841 736921
5.01172 737641
5.01503 738361
5.01835 739081
5.02166 739801
5.02497 740521
5.02828 741241
5.03159 741961
5.03491 742681
5.03822 743401
5.04153 744121
5.04484 744841
5.04815 745561
5.05147 746281
5.05478 747001
5.05809 747721
5.0614 748441
5.06471 749161
5.06803 749881
5.07134 750601
5.07465 751321
5.07796 752041
5.08127 752761
5.08459 753481
5.0879 754201
5.09121 754921
5.09452 755641
5.09783 756361
5.10115 757081
5.10446 757801
5.10777 758521
5.11108 759241
5.11439 759961
5.11771 760681
5.12102 761401
5.12433 762121
5.12764 762841
5.13095 763561
5.13427 764281
5.13758 765001
5.14089 765721
5.1442 766441
5.14751 767161
5.15083 767881
5.15414 768601
5.15745 769321
5.16076 770041
5.16407 770761
5.16739 771481
5.1707 772201
5.17401 772921
5.17732 773641
5.18063 774361
5.18395 775081
5.18726 775801
5.19057 776521
5.19388 777241
5.19719 777961
5.20051 778681
5.20382 779401
5.20713 780121
5.21044 780841
5.21375 781561
5.21707 782281
5.22038 783001
5.22369 783721
5.227 784441
5.23031 785161
5.23363 785881
5.23694 786601
5.24025 787321
5.24356 788041
5.24687 788761
5.25019 789481
5.2535 790201
5.25681 790921
5.26012 791641
5.26343 792361
5.26675 793081
5.27006 793801
5.27337 794521
5.27668 795241
5.27999 795961
5.28331 796681
5.28662 797401
5.28993 798121
5.29324 798841
5.29655 799561
5.29987 800281
5.30318 801001
5.30649 801721
5.3098 802441
5.31311 803161
5.31643 803881
5.31974 804601
5.32305 805321
5.32636 806041
5.32967 806761
5.33299 807481
5.3363 808201
5.33961 808921
5.34292 809641
5.34623 810361
5.34955 811081
5.35286 811801
5.35617 812521
5.35948 813241
5.36279 813961
5.36611 814681
5.36942 815401
5.37273 816121
5.37604 816841
5.37935 817561
5.38267 818281
5.38598 819001
5.38929 819721
5.3926 820441
5.39591 821161
5.39923 821881
5.40254 822601
5.40585 823321
5.40916 824041
5.41247 824761
5.41579 825481
5.4191 826201
5.42241 826921
5.42572 827641
5.42903 828361
5.43235 829081
5.43566 829801
5.43897 830521
5.44228 831241
5.44559 831961
5.44891 832681
5.45222 833401
5.45553 834121
5.45884 834841
5.46215 835561
5.46547 836281
5.46878 837001
5.47209 837721
5.4754 838441
5.47871 839161
5.48203 839881
5.48534 840601
5.48865 841321
5.49196 842041
5.49527 842761
5.49859 843481
5.5019 844201
5.50521 844921
5.50852 845641
5.51183 846361
5.51515 847081
5.51846 847801
5.52177 848521
5.52508 849241
5.52839 849961
5.53171 850681
5.53502 851401
5.53833 852121
5.54164 852841
5.54495 853561
5.54827 854281
5.55158 855001
5.55489 855721
5.5582 856441
5.56151 857161
5.56483 857881
5.56814 858601
5.57145 859321
5.57476 860041
5.57807 860761
5.58139 861481
5.5847 862201
5.58801 862921
5.59132 863641
5.59463 864361
5.59795 865081
5.60126 865801
5.60457 866521
5.60788 867241
5.61119 867961
5.61451 868681
5.61782 869401
5.62113 870121
5.62444 870841
5.62775 871561
5.63107 872281
5.63438 873001
5.63769 873721
5.641 874441
5.64431 875161
5.64763 875881
5.65094 876601
5.65425 877321
5.65756 878041
5.66087 878761
5.66419 879481
5.6675 880201
5.67081 880921
5.67412 881641
5.67743 882361
5.68075 883081
5.68406 883801
5.68737 884521
5.69068 885241
5.69399 885961
5.69731 886681
5.70062 887401
5.70393 888121
5.70724 888841
5.71055 889561
5.71387 890281
5.71718 891001
5.72049 891721
5.7238 892441
5.72711 893161
5.73043 893881
5.73374 894601
5.73705 895321
5.74036 896041
5.74367 896761
5.74699 897481
5.7503 898201
5.75361 898921
5.75692 899641
5.76023 900361
5.76355 901081
5.76686 901801
5.77017 902521
5.77348 903241
5.77679 903961
5.78011 904681
5.78342 905401
5.78673 906121
5.79004 906841
5.79505 907201
5.91258 933121
5.9519 933841
5.95521 934561
5.95852 935281
5.96183 936001
5.96515 936721
5.96846 937441
5.97177 938161
5.97508 938881
5.97839 939601
5.98171 940321
5.98502 941041
5.98833 941761
5.99164 942481
5.99495 943201
5.99827 943921
6.00158 944641
6.00489 945361
6.04582 946081
6.04913 946801
6.05244 947521
6.05576 948241
6.05907 948961
6.06238 949681
6.06569 950401
6.069 951121
6.07232 951841
6.07563 952561
6.07894 953281
6.08225 954001
6.08556 954721
6.08888 955441
6.09219 956161
6.0955 956881
6.09881 957601
6.13809 958321
6.1414 959041
6.14471 959761
6.14802 960481
6.15133 961201
6.15465 961921
6.15796 962641
6.16127 963361
6.16458 964081
6.16789 964801
6.17121 965521
6.17452 966241
6.17783 966961
6.18114 967681
6.18445 968401
6.18777 969121
6.19108 969841
6.19439 970561
6.23201 971281
6.23532 972001
6.23863 972721
6.24195 973441
6.24526 974161
6.24857 974881
6.25188 975601
6.25519 976321
6.2585 977041
6.26182 977761
6.26513 978481
6.26844 979201
6.27175 979921
6.27506 980641
6.27838 981361
6.28169 982081
6.285 982801
6.28831 983521
6.32428 984241
6.32759 984961
6.3309 985681
6.33421 986401
6.33752 987121
6.34084 987841
6.34415 988561
6.34746 989281
6.35077 990001
6.35408 990721
6.3574 991441
6.36071 992161
6.36402 992881
6.36733 993601
6.37064 994321
6.37396 995041
6.37727 995761
6.38058 996481
6.38389 997201
6.4182 997921
6.42151 998641
6.42482 999361
6.42813 1000081
6.43145 1000801
6.43476 1001521
6.43807 1002241
6.44138 1002961
6.44469 1003681
6.44801 1004401
6.45132 1005121
6.45463 1005841
6.45794 1006561
6.46125 1007281
6.46457 1008001
6.46788 1008721
6.47119 1009441
6.4745 1010161
6.47781 1010881
6.51046 1011601
6.51378 1012321
6.51709 1013041
6.5204 1013761
6.52371 1014481
6.52702 1015201
6.53034 1015921
6.53365 1016641
6.53696 1017361
6.54027 1018081
6.54358 1018801
6.5469 1019521
6.55021 1020241
6.55352 1020961
6.55683 1021681
6.56014 1022401
6.56346 1023121
6.56677 1023841
6.57008 1024561
6.57339 1025281
6.60439 1026001
6.6077 1026721
6.61101 1027441
6.61432 1028161
6.61763 1028881
6.62095 1029601
6.62426 1030321
6.62757 1031041
6.63088 1031761
6.63419 1032481
6.63751 1033201
6.64082 1033921
6.64413 1034641
6.64744 1035361
6.65075 1036081
6.65407 1036801
6.65738 1037521
6.66069 1038241
6.664 1038961
6.66731 1039681
6.69665 1040401
6.69996 1041121
6.70328 1041841
6.70659 1042561
6.7099 1043281
6.71321 1044001
6.71652 1044721
6.71984 1045441
6.72315 1046161
6.72646 1046881
6.72977 1047601
6.73308 1048321
6.7364 1049041
6.73971 1049761
6.74302 1050481
6.74633 1051201
6.74964 1051921
6.75296 1052641
6.75627 1053361
6.75958 1054081
6.76289 1054801
6.79058 1055521
6.79389 1056241
6.7972 1056961
6.80051 1057681
6.80382 1058401
6.80714 1059121
6.81045 1059841
6.81376 1060561
6.81707 1061281
6.82038 1062001
6.8237 1062721
6.82701 1063441
6.83032 1064161
6.83363 1064881
6.83694 1065601
6.84026 1066321
6.84357 1067041
6.84688 1067761
6.85019 1068481
6.8535 1069201
6.85682 1069921
6.88284 1070641
6.88615 1071361
6.88947 1072081
6.89278 1072801
6.89609 1073521
6.8994 1074241
6.90271 1074961
6.90603 1075681
6.90934 1076401
6.91265 1077121
6.91596 1077841
6.91927 1078561
6.92259 1079281
6.9259 1080001
6.92921 1080721
6.93252 1081441
6.93583 1082161
6.93915 1082881
6.94246 1083601
6.94577 1084321
6.94908 1085041
6.95239 1085761
6.97676 1086481
6.98008 1087201
6.98339 1087921
6.9867 1088641
6.99001 1089361
6.99332 1090081
6.99664 1090801
6.99995 1091521
7.00326 1092241
7.00657 1092961
7.00988 1093681
7.0132 1094401
7.01651 1095121
7.01982 1095841
7.02313 1096561
7.02644 1097281
7.02976 1098001
7.03307 1098721
7.03638 1099441
7.03969 1100161
7.043 1100881
7.04632 1101601
7.06903 1102321
7.07234 1103041
7.07565 1103761
7.07897 1104481
7.08228 1105201
7.08559 1105921
7.0889 1106641
7.09221 1107361
7.09553 1108081
7.09884 1108801
7.10215 1109521
7.10546 1110241
7.10877 1110961
7.11209 1111681
7.1154 1112401
7.11871 1113121
7.12202 1113841
7.12533 1114561
7.12865 1115281
7.13196 1116001
7.13527 1116721
7.13858 1117441
7.14189 1118161
7.16295 1118881
7.16626 1119601
7.16958 1120321
7.17289 1121041
7.1762 1121761
7.17951 1122481
7.18282 1123201
7.18614 1123921
7.18945 1124641
7.19276 1125361
7.19607 1126081
7.19938 1126801
7.2027 1127521
7.20601 1128241
7.20932 1128961
7.21263 1129681
7.21594 1130401
7.21926 1131121
7.22257 1131841
7.22588 1132561
7.22919 1133281
7.2325 1134001
7.23582 1134721
7.25522 1135441
7.25853 1136161
7.26184 1136881
7.26516 1137601
7.26847 1138321
7.27178 1139041
7.27509 1139761
7.2784 1140481
7.28172 1141201
7.28503 1141921
7.28834 1142641
7.29165 1143361
7.29496 1144081
7.29828 1144801
7.30159 1145521
7.3049 1146241
7.30821 1146961
7.31152 1147681
7.31484 1148401
7.31815 1149121
7.32146 1149841
7.32477 1150561
7.32808 1151281
7.3314 1152001
7.34914 1152721
7.35245 1153441
7.35577 1154161
7.35908 1154881
7.36239 1155601
7.3657 1156321
7.36901 1157041
7.37233 1157761
7.37564 1158481
7.37895 1159201
7.38226 1159921
7.38557 1160641
7.38889 1161361
7.3922 1162081
7.39551 1162801
7.39882 1163521
7.40213 1164241
7.40545 1164961
7.40876 1165681
7.41207 1166401
7.41538 1167121
7.41869 1167841
7.42201 1168561
7.42532 1169281
7.44141 1170001
7.44472 1170721
7.44803 1171441
7.45134 1172161
7.45466 1172881
7.45797 1173601
7.46128 1174321
7.46459 1175041
7.4679 1175761
7.47122 1176481
7.47453 1177201
7.47784 1177921
7.48115 1178641
7.48446 1179361
7.48778 1180081
7.49109 1180801
7.4944 1181521
7.49771 1182241
7.50102 1182961
7.50434 1183681
7.50765 1184401
7.51096 1185121
7.51427 1185841
7.51758 1186561
7.5209 1187281
7.53533 1188001
7.53864 1188721
7.54195 1189441
7.54527 1190161
7.54858 1190881
7.55189 1191601
7.5552 1192321
7.55851 1193041
7.56183 1193761
7.56514 1194481
7.56845 1195201
7.57176 1195921
7.57507 1196641
7.57839 1197361
7.5817 1198081
7.58501 1198801
7.58832 1199521
7.59163 1200241
7.59495 1200961
7.59826 1201681
7.60157 1202401
7.60488 1203121
7.60819 1203841
7.61151 1204561
7.61482 1205281
7.6276 1206001
7.63091 1206721
7.63422 1207441
7.63753 1208161
7.64084 1208881
7.64416 1209601
7.64747 1210321
7.65078 1211041
7.65409 1211761
7.6574 1212481
7.66072 1213201
7.66403 1213921
7.66734 1214641
7.67065 1215361
7.67396 1216081
7.67728 1216801
7.68059 1217521
7.6839 1218241
7.68721 1218961
7.69052 1219681
7.69384 1220401
7.69715 1221121
7.70046 1221841
7.70377 1222561
7.70708 1223281
7.7104 1224001
7.72152 1224721
7.72483 1225441
7.72814 1226161
7.73146 1226881
7.73477 1227601
7.73808 1228321
7.74139 1229041
7.7447 1229761
7.74802 1230481
7.75133 1231201
7.75464 1231921
7.75795 1232641
7.76126 1233361
7.76458 1234081
7.76789 1234801
7.7712 1235521
7.77451 1236241
7.77782 1236961
7.78114 1237681
7.78445 1238401
7.78776 1239121
7.79107 1239841
7.79438 1240561
7.7977 1241281
7.80101 1242001
7.80432 1242721
7.81379 1243441
7.8171 1244161
7.82041 1244881
7.82372 1245601
7.82703 1246321
7.83035 1247041
7.83366 1247761
7.83697 1248481
7.84028 1249201
7.84359 1249921
7.84691 1250641
7.85022 1251361
7.85353 1252081
7.85684 1252801
7.86015 1253521
7.86347 1254241
7.86678 1254961
7.87009 1255681
7.8734 1256401
7.87671 1257121
7.88003 1257841
7.88334 1258561
7.88665 1259281
7.88996 1260001
7.89327 1260721
7.89659 1261441
7.8999 1262161
7.90771 1262881
7.91102 1263601
7.91433 1264321
7.91764 1265041
7.92096 1265761
7.92427 1266481
7.92758 1267201
7.93089 1267921
7.9342 1268641
7.93752 1269361
7.94083 1270081
7.94414 1270801
7.94745 1271521
7.95076 1272241
7.95408 1272961
7.95739 1273681
7.9607 1274401
7.96401 1275121
7.96732 1275841
7.97064 1276561
7.97395 1277281
7.97726 1278001
7.98057 1278721
7.98388 1279441
7.9872 1280161
7.99051 1280881
7.99382 1281601
7.99997 1282321
8.00329 1283041
8.0066 1283761
8.00991 1284481
8.01322 1285201
8.01653 1285921
8.01985 1286641
8.02316 1287361
8.02647 1288081
8.02978 1288801
8.03309 1289521
8.03641 1290241
8.03972 1290961
8.04303 1291681
8.04634 1292401
8.04965 1293121
8.05297 1293841
8.05628 1294561
8.05959 1295281
8.0629 1296001
8.06621 1296721
8.06953 1297441
8.07284 1298161
8.07615 1298881
8.07946 1299601
8.08277 1300321
8.08609 1301041
8.0894 1301761
8.0939 1302481
8.09721 1303201
8.10052 1303921
8.10383 1304641
8.10714 1305361
8.11046 1306081
8.11377 1306801
8.11708 1307521
8.12039 1308241
8.1237 1308961
8.12702 1309681
8.13033 1310401
8.13364 1311121
8.13695 1311841
8.14026 1312561
8.14358 1313281
8.14689 1314001
8.1502 1314721
8.15351 1315441
8.15682 1316161
8.16014 1316881
8.16345 1317601
8.16676 1318321
8.17007 1319041
8.17338 1319761
8.1767 1320481
8.18001 1321201
8.18332 1321921
8.18663 1322641
8.18994 1323361
8.19326 1324081
8.19657 1324801
8.19988 1325521
8.20319 1326241
8.2065 1326961
8.20982 1327681
8.21313 1328401
8.21644 1329121
8.21975 1329841
8.22306 1330561
8.22638 1331281
8.22969 1332001
8.233 1332721
8.23631 1333441
8.23962 1334161
8.24294 1334881
8.24625 1335601
8.24956 1336321
8.25287 1337041
8.25618 1337761
8.2595 1338481
8.26281 1339201
8.26612 1339921
8.26943 1340641
8.27274 1341361
8.27606 1342081
8.27937 1342801
8.28268 1343521
8.28599 1344241
8.2893 1344961
8.29262 1345681
8.29593 1346401
8.29924 1347121
8.30255 1347841
8.30586 1348561
8.30918 1349281
8.31249 1350001
8.3158 1350721
8.31911 1351441
8.32242 1352161
8.32574 1352881
8.32905 1353601
8.33236 1354321
8.33567 1355041
8.33898 1355761
8.3423 1356481
8.34561 1357201
8.34892 1357921
8.35223 1358641
8.35554 1359361
8.35886 1360081
8.36217 1360801
8.36548 1361521
8.36879 1362241
8.3721 1362961
8.37542 1363681
8.37873 1364401
8.38204 1365121
8.38535 1365841
8.38866 1366561
8.39198 1367281
8.39529 1368001
8.3986 1368721
8.40191 1369441
8.40522 1370161
8.40854 1370881
8.41185 1371601
8.41516 1372321
8.41847 1373041
8.42178 1373761
8.4251 1374481
8.42841 1375201
8.43172 1375921
8.43503 1376641
8.43834 1377361
8.44166 1378081
8.44497 1378801
8.44828 1379521
8.45159 1380241
8.4549 1380961
8.45822 1381681
8.46153 1382401
8.46484 1383121
8.46815 1383841
8.47146 1384561
8.47478 1385281
8.47809 1386001
8.4814 1386721
8.48471 1387441
8.48802 1388161
8.49134 1388881
8.49465 1389601
8.49796 1390321
8.50127 1391041
8.50458 1391761
8.5079 1392481
8.51121 1393201
8.51452 1393921
8.51783 1394641
8.52114 1395361
8.52446 1396081
8.52777 1396801
8.53108 1397521
8.53439 1398241
8.5377 1398961
8.54102 1399681
8.54433 1400401
8.54764 1401121
8.55095 1401841
8.55426 1402561
8.55758 1403281
8.56089 1404001
8.5642 1404721
8.56751 1405441
8.57082 1406161
8.57414 1406881
8.57745 1407601
8.58076 1408321
8.58407 1409041
8.58738 1409761
8.5907 1410481
8.59401 1411201
8.70165 1434241
8.74759 1434961
8.7509 1435681
8.75421 1436401
8.75752 1437121
8.76083 1437841
8.76415 1438561
8.76746 1439281
8.77077 1440001
8.77408 1440721
8.77739 1441441
8.78071 1442161
8.78402 1442881
8.78733 1443601
8.79064 1444321
8.79557 1445041
8.84151 1445761
8.84482 1446481
8.84813 1447201
8.85144 1447921
8.85476 1448641
8.85807 1449361
8.86138 1450081
8.86469 1450801
8.868 1451521
8.87132 1452241
8.87463 1452961
8.87794 1453681
8.88125 1454401
8.88456 1455121
8.88788 1455841
8.93377 1456561
8.93709 1457281
8.9404 1458001
8.94371 1458721
8.94702 1459441
8.95033 1460161
8.95365 1460881
8.95696 1461601
8.96027 1462321
8.96358 1463041
8.96689 1463761
8.97021 1464481
8.97352 1465201
8.97683 1465921
8.98014 1466641
8.98345 1467361
9.0277 1468081
9.03101 1468801
9.03432 1469521
9.03763 1470241
9.04094 1470961
9.04426 1471681
9.04757 1472401
9.05088 1473121
9.05419 1473841
9.0575 1474561
9.06082 1475281
9.06413 1476001
9.06744 1476721
9.07075 1477441
9.07406 1478161
9.07738 1478881
9.11996 1479601
9.12327 1480321
9.12659 1481041
9.1299 1481761
9.13321 1482481
9.13652 1483201
9.13983 1483921
9.14315 1484641
9.14646 1485361
9.14977 1486081
9.15308 1486801
9.15639 1487521
9.15971 1488241
9.16302 1488961
9.16633 1489681
9.16964 1490401
9.17295 1491121
9.21389 1491841
9.2172 1492561
9.22051 1493281
9.22382 1494001
9.22713 1494721
9.23045 1495441
9.23376 1496161
9.23707 1496881
9.24038 1497601
9.24369 1498321
9.24701 1499041
9.25032 1499761
9.25363 1500481
9.25694 1501201
9.26025 1501921
9.26357 1502641
9.26688 1503361
9.30615 1504081
9.30946 1504801
9.31278 1505521
9.31609 1506241
9.3194 1506961
9.32271 1507681
9.32602 1508401
9.32934 1509121
9.33265 1509841
9.33596 1510561
9.33927 1511281
9.34258 1512001
9.3459 1512721
9.34921 1513441
9.35252 1514161
9.35583 1514881
9.35914 1515601
9.36246 1516321
9.40007 1517041
9.40339 1517761
9.4067 1518481
9.41001 1519201
9.41332 1519921
9.41663 1520641
9.41995 1521361
9.42326 1522081
9.42657 1522801
9.42988 1523521
9.43319 1524241
9.43651 1524961
9.43982 1525681
9.44313 1526401
9.44644 1527121
9.44975 1527841
9.45307 1528561
9.45638 1529281
9.49234 1530001
9.49565 1530721
9.49896 1531441
9.50228 1532161
9.50559 1532881
9.5089 1533601
9.51221 1534321
9.51552 1535041
9.51884 1535761
9.52215 1536481
9.52546 1537201
9.52877 1537921
9.53208 1538641
9.5354 1539361
9.53871 1540081
9.54202 1540801
9.54533 1541521
9.54864 1542241
9.55196 1542961
9.58626 1543681
9.58957 1544401
9.59289 1545121
9.5962 1545841
9.59951 1546561
9.60282 1547281
9.60613 1548001
9.60945 1548721
9.61276 1549441
9.61607 1550161
9.61938 1550881
9.62269 1551601
9.62601 1552321
9.62932 1553041
9.63263 1553761
9.63594 1554481
9.63925 1555201
9.64257 1555921
9.64588 1556641
9.67853 1557361
9.68184 1558081
9.68515 1558801
9.68847 1559521
9.69178 1560241
9.69509 1560961
9.6984 1561681
9.70171 1562401
9.70503 1563121
9.70834 1563841
9.71165 1564561
9.71496 1565281
9.71827 1566001
9.72159 1566721
9.7249 1567441
9.72821 1568161
9.73152 1568881
9.73483 1569601
9.73815 1570321
9.74146 1571041
9.77245 1571761
9.77576 1572481
9.77908 1573201
9.78239 1573921
9.7857 1574641
9.78901 1575361
9.79232 1576081
9.79564 1576801
9.79895 1577521
9.80226 1578241
9.80557 1578961
9.80888 1579681
9.8122 1580401
9.81551 1581121
9.81882 1581841
9.82213 1582561
9.82544 1583281
9.82876 1584001
9.83207 1584721
9.83538 1585441
9.86472 1586161
9.86803 1586881
9.87134 1587601
9.87465 1588321
9.87797 1589041
9.88128 1589761
9.88459 1590481
9.8879 1591201
9.89121 1591921
9.89453 1592641
9.89784 1593361
9.90115 1594081
9.90446 1594801
9.90777 1595521
9.91109 1596241
9.9144 1596961
9.91771 1597681
9.92102 1598401
9.92433 1599121
9.92765 1599841
9.93096 1600561
9.95864 1601281
9.96195 1602001
9.96526 1602721
9.96858 1603441
9.97189 1604161
9.9752 1604881
9.97851 1605601
9.98182 1606321
9.98514 1607041
9.98845 1607761
9.99176 1608481
9.99507 1609201
9.99838 1609921
10.0017 1610641
10.005 1611361
10.0083 1612081
10.0116 1612801
10.0149 1613521
10.0183 1614241
10.0216 1614961
10.0249 1615681
10.0509 1616401
10.0542 1617121
10.0575 1617841
10.0608 1618561
10.0642 1619281
10.0675 1620001
10.0708 1620721
10.0741 1621441
10.0774 1622161
10.0807 1622881
10.084 1623601
10.0873 1624321
10.0907 1625041
10.094 1625761
10.0973 1626481
10.1006 1627201
10.1039 1627921
10.1072 1628641
10.1105 1629361
10.1138 1630081
10.1171 1630801
10.1205 1631521
10.1448 1632241
10.1481 1632961
10.1515 1633681
10.1548 1634401
10.1581 1635121
10.1614 1635841
10.1647 1636561
10.168 1637281
10.1713 1638001
10.1746 1638721
10.1779 1639441
10.1813 1640161
10.1846 1640881
10.1879 1641601
10.1912 1642321
10.1945 1643041
10.1978 1643761
10.2011 1644481
10.2044 1645201
10.2078 1645921
10.2111 1646641
10.2144 1647361
10.2371 1648081
10.2404 1648801
10.2437 1649521
10.247 1650241
10.2503 1650961
10.2537 1651681
10.257 1652401
10.2603 1653121
10.2636 1653841
10.2669 1654561
10.2702 1655281
10.2735 1656001
10.2768 1656721
10.2802 1657441
10.2835 1658161
10.2868 1658881
10.2901 1659601
10.2934 1660321
10.2967 1661041
10.3 1661761
10.3033 1662481
10.3066 1663201
10.31 1663921
10.331 1664641
10.3343 1665361
10.3376 1666081
10.341 1666801
10.3443 1667521
10.3476 1668241
10.3509 1668961
10.3542 1669681
10.3575 1670401
10.3608 1671121
10.3641 1671841
10.3675 1672561
10.3708 1673281
10.3741 1674001
10.3774 1674721
10.3807 1675441
10.384 1676161
10.3873 1676881
10.3906 1677601
10.3939 1678321
10.3973 1679041
10.4006 1679761
10.4039 1680481
10.4233 1681201
10.4266 1681921
10.4299 1682641
10.4332 1683361
10.4365 1684081
10.4398 1684801
10.4432 1685521
10.4465 1686241
10.4498 1686961
10.4531 1687681
10.4564 1688401
10.4597 1689121
10.463 1689841
10.4663 1690561
10.4697 1691281
10.473 1692001
10.4763 1692721
10.4796 1693441
10.4829 1694161
10.4862 1694881
10.4895 1695601
10.4928 1696321
10.4961 1697041
10.4995 1697761
10.5172 1698481
10.5205 1699201
10.5238 1699921
10.5271 1700641
10.5305 1701361
10.5338 1702081
10.5371 1702801
10.5404 1703521
10.5437 1704241
10.547 1704961
10.5503 1705681
10.5536 1706401
10.557 1707121
10.5603 1707841
10.5636 1708561
10.5669 1709281
10.5702 1710001
10.5735 1710721
10.5768 1711441
10.5801 1712161
10.5834 1712881
10.5868 1713601
10.5901 1714321
10.5934 1715041
10.6095 1715761
10.6128 1716481
10.6161 1717201
10.6194 1717921
10.6227 1718641
10.626 1719361
10.6293 1720081
10.6327 1720801
10.636 1721521
10.6393 1722241
10.6426 1722961
10.6459 1723681
10.6492 1724401
10.6525 1725121
10.6558 1725841
10.6592 1726561
10.6625 1727281
10.6658 1728001
10.6691 1728721
10.6724 1729441
10.6757 1730161
10.679 1730881
10.6823 1731601
10.6856 1732321
10.689 1733041
10.7034 1733761
10.7067 1734481
10.71 1735201
10.7133 1735921
10.7166 1736641
10.72 1737361
10.7233 1738081
10.7266 1738801
10.7299 1739521
10.7332 1740241
10.7365 1740961
10.7398 1741681
10.7431 1742401
10.7465 1743121
10.7498 1743841
10.7531 1744561
10.7564 1745281
10.7597 1746001
10.763 1746721
10.7663 1747441
10.7696 1748161
10.7729 1748881
10.7763 1749601
10.7796 1750321
10.7829 1751041
10.7957 1751761
10.799 1752481
10.8023 1753201
10.8056 1753921
10.8089 1754641
10.8122 1755361
10.8155 1756081
10.8188 1756801
10.8222 1757521
10.8255 1758241
10.8288 1758961
10.8321 1759681
10.8354 1760401
10.8387 1761121
10.842 1761841
10.8453 1762561
10.8487 1763281
10.852 1764001
10.8553 1764721
10.8586 1765441
10.8619 1766161
10.8652 1766881
10.8685 1767601
10.8718 1768321
10.8752 1769041
10.8785 1769761
10.8896 1770481
10.8929 1771201
10.8962 1771921
10.8995 1772641
10.9028 1773361
10.9061 1774081
10.9095 1774801
10.9128 1775521
10.9161 1776241
10.9194 1776961
10.9227 1777681
10.926 1778401
10.9293 1779121
10.9326 1779841
10.936 1780561
10.9393 1781281
10.9426 1782001
10.9459 1782721
10.9492 1783441
10.9525 1784161
10.9558 1784881
10.9591 1785601
10.9624 1786321
10.9658 1787041
10.9691 1787761
10.9724 1788481
10.9819 1789201
10.9852 1789921
10.9885 1790641
10.9918 1791361
10.9951 1792081
10.9984 1792801
11.0017 1793521
11.005 1794241
11.0083 1794961
11.0117 1795681
11.015 1796401
11.0183 1797121
11.0216 1797841
11.0249 1798561
11.0282 1799281
11.0315 1800001
11.0348 1800721
11.0382 1801441
11.0415 1802161
11.0448 1802881
11.0481 1803601
11.0514 1804321
11.0547 1805041
11.058 1805761
11.0613 1806481
11.0647 1807201
11.0741 1807921
11.0774 1808641
11.0807 1809361
11.0841 1810081
11.0874 1810801
11.0907 1811521
11.094 1812241
11.0973 1812961
11.1006 1813681
11.1039 1814401
11.1072 1815121
11.1105 1815841
11.1139 1816561
11.1172 1817281
11.1205 1818001
11.1238 1818721
11.1271 1819441
11.1304 1820161
11.1337 1820881
11.137 1821601
11.1404 1822321
11.1437 1823041
11.147 1823761
11.1503 1824481
11.1536 1825201
11.1569 1825921
11.1602 1826641
11.168 1827361
11.1714 1828081
11.1747 1828801
11.178 1829521
11.1813 1830241
11.1846 1830961
11.1879 1831681
11.1912 1832401
11.1945 1833121
11.1978 1833841
11.2012 1834561
11.2045 1835281
11.2078 1836001
11.2111 1836721
11.2144 1837441
11.2177 1838161
11.221 1838881
11.2243 1839601
11.2277 1840321
11.231 1841041
11.2343 1841761
11.2376 1842481
11.2409 1843201
11.2442 1843921
11.2475 1844641
11.2508 1845361
11.2542 1846081
11.2603 1846801
11.2636 1847521
11.2669 1848241
11.2702 1848961
11.2736 1849681
11.2769 1850401
11.2802 1851121
11.2835 1851841
11.2868 1852561
11.2901 1853281
11.2934 1854001
11.2967 1854721
11.3001 1855441
11.3034 1856161
11.3067 1856881
11.31 1857601
11.3133 1858321
11.3166 1859041
11.3199 1859761
11.3232 1860481
11.3265 1861201
11.3299 1861921
11.3332 1862641
11.3365 1863361
11.3398 1864081
11.3431 1864801
11.3464 1865521
11.3497 1866241
11.3542 1866961
11.3575 1867681
11.3609 1868401
11.3642 1869121
11.3675 1869841
11.3708 1870561
11.3741 1871281
11.3774 1872001
11.3807 1872721
11.384 1873441
11.3873 1874161
11.3907 1874881
11.394 1875601
11.3973 1876321
11.4006 1877041
11.4039 1877761
11.4072 1878481
11.4105 1879201
11.4138 1879921
11.4172 1880641
11.4205 1881361
11.4238 1882081
11.4271 1882801
11.4304 1883521
11.4337 1884241
11.437 1884961
11.4403 1885681
11.4437 1886401
11.447 1887121
11.4503 1887841
11.4536 1888561
11.4569 1889281
11.4602 1890001
11.4635 1890721
11.4668 1891441
11.4701 1892161
11.4735 1892881
11.4768 1893601
11.4801 1894321
11.4834 1895041
11.4867 1895761
11.49 1896481
11.4933 1897201
11.4966 1897921
11.5 1898641
11.5033 1899361
11.5066 1900081
11.5099 1900801
11.5132 1901521
11.5165 1902241
11.5198 1902961
11.5231 1903681
11.5265 1904401
11.5298 1905121
11.5331 1905841
11.5364 1906561
11.5397 1907281
11.543 1908001
11.5463 1908721
11.5496 1909441
11.5529 1910161
11.5563 1910881
11.5596 1911601
11.5629 1912321
11.5662 1913041
11.5695 1913761
11.5728 1914481
11.5761 1915201
11.5794 1915921
11.5828 1916641
11.5861 1917361
11.5894 1918081
11.5927 1918801
11.596 1919521
11.5993 1920241
11.6026 1920961
11.6059 1921681
11.6093 1922401
11.6126 1923121
11.6159 1923841
11.6192 1924561
11.6225 1925281
11.6258 1926001
11.6291 1926721
11.6324 1927441
11.6357 1928161
11.6391 1928881
11.6424 1929601
11.6457 1930321
11.649 1931041
11.6523 1931761
11.6556 1932481
11.6589 1933201
11.6622 1933921
11.6656 1934641
11.6689 1935361
11.6722 1936081
11.6755 1936801
11.6788 1937521
11.6821 1938241
11.6854 1938961
11.6887 1939681
11.6921 1940401
11.6954 1941121
11.6987 1941841
11.702 1942561
11.7053 1943281
11.7086 1944001
11.7119 1944721
11.7152 1945441
11.7185 1946161
11.7219 1946881
11.7252 1947601
11.7285 1948321
11.7318 1949041
11.7351 1949761
11.7384 1950481
11.7417 1951201
11.745 1951921
11.7484 1952641
11.7517 1953361
11.755 1954081
11.7583 1954801
11.7616 1955521
11.7649 1956241
11.7682 1956961
11.7715 1957681
11.7749 1958401
11.7782 1959121
11.7815 1959841
11.7848 1960561
11.7881 1961281
11.7914 1962001
11.7947 1962721
11.798 1963441
11.8013 1964161
11.8047 1964881
11.808 1965601
11.8113 1966321
11.8146 1967041
11.8179 1967761
11.8212 1968481
11.8245 1969201
11.8278 1969921
11.8312 1970641
11.8345 1971361
11.8378 1972081
11.8411 1972801
11.8444 1973521
11.8477 1974241
11.851 1974961
11.8543 1975681
11.8577 1976401
11.861 1977121
11.8643 1977841
11.8676 1978561
11.8709 1979281
11.8742 1980001
11.8775 1980721
11.8808 1981441
11.8841 1982161
11.8875 1982881
11.8908 1983601
11.8941 1984321
11.8974 1985041
11.9007 1985761
11.904 1986481
11.9073 1987201
11.9106 1987921
11.914 1988641
11.9173 1989361
11.9206 1990081
11.9239 1990801
11.9272 1991521
11.9305 1992241
11.9338 1992961
11.9371 1993681
11.9405 1994401
11.9438 1995121
11.9471 1995841
11.9504 1996561
11.9537 1997281
11.957 1998001
11.9603 1998721
11.9636 1999441
11.9669 2000161
11.9703 2000881
11.9736 2001601
11.9769 2002321
11.9802 2003041
11.9835 2003761
11.9868 2004481
11.9901 2005201
11.9934 2005921
11.9968 2006641
12.0001 2007361
12.0034 2008081
12.0067 2008801
12.01 2009521
12.0133 2010241
12.0166 2010961
12.0199 2011681
12.0233 2012401
12.0266 2013121
12.0299 2013841
12.0332 2014561
12.0365 2015281
12.0398 2016001
12.0431 2016721
12.0464 2017441
12.0497 2018161
12.0531 2018881
12.0564 2019601
12.0597 2020321
12.063 2021041
12.0663 2021761
12.0696 2022481
12.0729 2023201
12.0762 2023921
12.0796 2024641
12.0829 2025361
12.0862 2026081
12.0895 2026801
12.0928 2027521
12.0961 2028241
12.0994 2028961
12.1027 2029681
12.1061 2030401
12.1094 2031121
12.1127 2031841
12.116 2032561
12.1193 2033281
12.1226 2034001
12.1259 2034721
12.1292 2035441
12.1325 2036161
12.1359 2036881
12.1392 2037601
12.1425 2038321
12.1458 2039041
12.1491 2039761
12.1524 2040481
12.1557 2041201
12.159 2041921
12.1624 2042641
12.1657 2043361
12.169 2044081
12.1723 2044801
12.1756 2045521
12.1789 2046241
12.1822 2046961
12.1855 2047681
12.1889 2048401
12.1922 2049121
12.1955 2049841
12.1988 2050561
12.2021 2051281
12.2054 2052001
12.2087 2052721
12.212 2053441
12.2153 2054161
12.2187 2054881
12.222 2055601
12.2253 2056321
12.2286 2057041
12.2319 2057761
12.2352 2058481
12.2385 2059201
12.2418 2059921
12.2452 2060641
12.2485 2061361
12.2518 2062081
12.2551 2062801
12.2584 2063521
12.2617 2064241
12.265 2064961
12.2683 2065681
12.2717 2066401
12.275 2067121
12.2783 2067841
12.2816 2068561
12.2849 2069281
12.2882 2070001
12.2915 2070721
12.2948 2071441
12.2981 2072161
12.3015 2072881
12.3048 2073601
12.3081 2074321
12.3114 2075041
12.3147 2075761
12.318 2076481
12.3213 2077201
12.3246 2077921
12.328 2078641
12.3313 2079361
12.3346 2080081
12.3379 2080801
12.3412 2081521
12.3445 2082241
12.3478 2082961
12.3511 2083681
12.3545 2084401
12.3578 2085121
12.3611 2085841
12.3644 2086561
12.3677 2087281
12.371 2088001
12.3743 2088721
12.3776 2089441
12.3809 2090161
12.3843 2090881
12.3876 2091601
12.3909 2092321
12.3942 2093041
12.3975 2093761
12.4008 2094481
12.4041 2095201
12.4074 2095921
12.4108 2096641
12.4141 2097361
12.4174 2098081
12.4207 2098801
12.424 2099521
12.4273 2100241
12.4306 2100961
12.4339 2101681
12.4373 2102401
12.4406 2103121
12.4439 2103841
12.4472 2104561
12.4505 2105281
12.4538 2106001
12.4571 2106721
12.4604 2107441
12.4637 2108161
12.4671 2108881
12.4704 2109601
12.4737 2110321
12.477 2111041
12.4803 2111761
12.4836 2112481
12.4869 2113201
12.4902 2113921
12.4936 2114641
12.4969 2115361
12.5002 2116081
12.5035 2116801
12.5068 2117521
12.5101 2118241
12.5134 2118961
12.5167 2119681
12.5201 2120401
12.5234 2121121
12.5267 2121841
12.53 2122561
12.5333 2123281
12.5366 2124001
12.5399 2124721
12.5432 2125441
12.5465 2126161
12.5499 2126881
12.5532 2127601
12.5565 2128321
12.5598 2129041
12.5631 2129761
12.5664 2130481
12.5697 2131201
12.573 2131921
12.5764 2132641
12.5797 2133361
12.583 2134081
12.5863 2134801
12.5896 2135521
12.5929 2136241
12.5962 2136961
12.5995 2137682
