0.0 0
0.180557 0.18
0.362846 0.18025
0.546749 0.180719
0.730651 0.181129
0.912898 0.204238
0.91621 0.201958
1.0968 0.199713
1.10011 0.198249
1.10342 0.196843
1.2807 0.195238
1.28401 0.194333
1.28733 0.193416
1.29064 0.192614
1.46295 0.213412
1.46626 0.209986
1.46957 0.206863
1.47288 0.204505
1.4762 0.202567
1.47951 0.200871
1.6452 0.220137
1.64851 0.21587
1.65182 0.212011
1.65513 0.209135
1.65844 0.206618
1.66176 0.204416
1.66507 0.202989
1.66838 0.201615
1.67169 0.200413
1.82744 0.218862
1.83075 0.214629
1.83407 0.21105
1.83738 0.208294
1.84069 0.205882
1.844 0.203772
1.84731 0.2023
1.85063 0.201013
1.85394 0.199886
1.85725 0.199401
1.86056 0.19885
1.86387 0.198369
1.86719 0.198448
1.8705 0.198517
2.01134 0.196702
2.01466 0.19549
2.01797 0.194428
2.02128 0.1935
2.02459 0.193062
2.0279 0.19268
2.03122 0.19247
2.03453 0.192661
2.03784 0.192703
2.04115 0.192865
2.04446 0.193382
2.04778 0.193834
2.05109 0.194355
2.0544 0.195186
2.05771 0.195788
2.06102 0.196439
2.06434 0.197384
2.06765 0.198211
2.07096 0.19881
2.07427 0.199834
2.07758 0.200729
2.19525 0.198638
2.19856 0.197183
2.20187 0.19591
2.20518 0.194922
2.20849 0.194431
2.21181 0.193878
2.21512 0.193518
2.21843 0.193578
2.22174 0.193631
2.22505 0.193677
2.22837 0.194092
2.23168 0.194456
2.23499 0.194774
2.2383 0.195552
2.24161 0.196108
2.24493 0.196595
2.24824 0.19752
2.25155 0.19833
2.25486 0.198914
2.25817 0.199925
2.26149 0.200809
2.2648 0.201583
2.26811 0.20276
2.27142 0.203665
2.27473 0.204457
2.27805 0.20565
2.28136 0.206694
2.28467 0.207607
2.28798 0.208781
2.29129 0.209808
2.29461 0.210707
2.37749 0.221869
2.3808 0.21726
2.38412 0.213353
2.38743 0.210309
2.39074 0.207645
2.39405 0.205314
2.39736 0.20365
2.40068 0.202194
2.40399 0.20092
2.4073 0.200305
2.41061 0.199642
2.41392 0.199061
2.41724 0.199054
2.42055 0.199047
2.42386 0.198916
2.42717 0.199302
2.43048 0.199639
2.4338 0.199934
2.43711 0.200692
2.44042 0.201356
2.44373 0.201811
2.44704 0.20271
2.45036 0.203496
2.45367 0.204184
2.45698 0.205161
2.46029 0.206016
2.4636 0.206764
2.46692 0.207793
2.47023 0.208819
2.47354 0.209592
2.47685 0.210643
2.48016 0.211688
2.48348 0.212602
2.48679 0.213776
2.4901 0.214804
2.49341 0.215704
2.49672 0.216866
2.50004 0.218008
2.50335 0.218882
2.50666 0.220021
2.50997 0.221019
2.51328 0.222016
2.5166 0.223264
2.51991 0.224356
2.52322 0.225312
2.52653 0.226523
2.52984 0.227582
2.5614 0.222135
2.56471 0.217743
2.56802 0.214025
2.57133 0.210647
2.57464 0.208066
2.57796 0.205808
2.58127 0.203957
2.58458 0.202712
2.58789 0.201498
2.5912 0.200561
2.59452 0.200116
2.59783 0.199726
2.60114 0.199511
2.60445 0.199697
2.60776 0.199735
2.61108 0.199893
2.61439 0.200406
2.6177 0.200855
2.62101 0.201248
2.62432 0.201967
2.62764 0.202596
2.63095 0.203147
2.63426 0.204129
2.63757 0.204862
2.64088 0.205505
2.6442 0.206567
2.64751 0.207496
2.65082 0.208184
2.65413 0.209286
2.65744 0.21025
2.66076 0.211094
2.66407 0.212332
2.66738 0.213291
2.67069 0.214129
2.674 0.215363
2.67732 0.216443
2.68063 0.217387
2.68394 0.218589
2.68725 0.21964
2.69056 0.22056
2.69388 0.22174
2.69719 0.222898
2.7005 0.223786
2.70381 0.224937
2.70712 0.22607
2.71044 0.227061
2.71375 0.228304
2.71706 0.229391
2.72037 0.230342
2.72368 0.231549
2.727 0.232606
2.73031 0.23353
2.73362 0.234714
2.73693 0.235749
2.74024 0.236781
2.74356 0.238058
2.74687 0.239051
2.75018 0.240045
2.75349 0.241289
2.7568 0.242378
2.76012 0.243456
2.76343 0.244774
2.76674 0.245802
2.77005 0.246827
2.77336 0.248098
2.77668 0.249211
2.77999 0.25006
2.7833 0.251302
2.78661 0.252389
2.78992 0.253341
2.79324 0.254673
2.79655 0.252214
2.79986 0.250062
2.80317 0.248679
2.80648 0.247345
2.8098 0.246176
2.81311 0.245654
2.81642 0.245198
2.81973 0.244798
2.82304 0.244948
2.82635 0.244955
2.82967 0.24496
2.83298 0.24534
2.83629 0.245798
2.8396 0.246073
2.84291 0.246689
2.84623 0.247353
2.84954 0.247934
2.85285 0.248817
2.85616 0.24959
2.85947 0.250266
2.86279 0.251233
2.8661 0.252204
2.86941 0.252928
2.87272 0.253937
2.87603 0.254945
2.87935 0.255827
2.88266 0.256974
2.88597 0.257852
2.88928 0.258745
2.89259 0.259902
2.89591 0.260914
2.89922 0.261925
2.90253 0.263184
2.90584 0.264161
2.90915 0.265141
2.91247 0.266374
2.91578 0.267452
2.91909 0.268395
2.9224 0.269596
2.92571 0.270646
2.92903 0.271691
2.93234 0.272979
2.93565 0.273982
2.93896 0.274859
2.94227 0.276127
2.94559 0.277236
2.9489 0.278081
2.95221 0.279321
2.95552 0.280406
2.95883 0.281355
2.96215 0.282686
2.96546 0.283725
2.96877 0.284635
2.97208 0.28593
2.97539 0.287064
2.97871 0.288056
2.98202 0.289424
2.98533 0.290496
2.98864 0.291434
2.99195 0.29263
2.99527 0.293801
2.99858 0.294701
3.00189 0.295863
3.0052 0.297005
3.00851 0.298005
3.01183 0.299254
3.01514 0.300347
3.01845 0.301304
3.02176 0.302516
3.02507 0.303701
3.02839 0.304614
3.0317 0.305787
3.03501 0.306939
3.03832 0.307946
3.04163 0.309203
3.04495 0.310303
3.04826 0.311265
3.05157 0.312482
3.05488 0.313547
3.05819 0.314603
3.06151 0.315903
3.06482 0.316915
3.06813 0.317926
3.07144 0.319185
3.07475 0.320287
3.07807 0.321251
3.08138 0.32247
3.08469 0.323536
3.088 0.324594
3.09131 0.325895
3.09463 0.326908
3.09794 0.327794
3.10125 0.32907
3.10456 0.330186
3.10787 0.331038
3.11119 0.332283
3.1145 0.333373
3.11781 0.334326
3.12112 0.33566
3.12443 0.336828
3.12775 0.337724
3.13106 0.339009
3.13437 0.340133
3.13768 0.341116
3.14099 0.342352
3.14431 0.343433
3.14762 0.344379
3.15093 0.345581
3.15424 0.346759
3.15755 0.347664
3.16087 0.348831
3.16418 0.349977
3.16749 0.35098
3.1708 0.352232
3.17411 0.353328
3.17743 0.354287
3.18074 0.355501
3.18405 0.356689
3.18736 0.357603
3.19067 0.358777
3.19399 0.359805
3.1973 0.360829
3.20061 0.362101
3.20392 0.363213
3.20723 0.364187
3.21055 0.365413
3.21386 0.366487
3.21717 0.367551
3.22048 0.368857
3.22379 0.369875
3.22711 0.37089
3.23042 0.372154
3.23373 0.37326
3.23704 0.374227
3.24035 0.375449
3.24367 0.376518
3.24698 0.377453
3.25029 0.378771
3.2536 0.3798
3.25691 0.3807
4.11638 0.369738
4.11969 0.36027
4.123 0.352362
4.12631 0.345566
4.12963 0.339746
4.13294 0.334652
4.13625 0.330321
4.13956 0.326656
4.14287 0.323824
4.14619 0.321846
4.1495 0.32049
4.15281 0.319679
4.15612 0.319469
4.15943 0.31966
4.16275 0.320203
4.16606 0.321177
4.16937 0.32203
4.17268 0.322776
4.17599 0.323304
4.17931 0.320766
4.18262 0.318921
4.18593 0.31768
4.18924 0.317095
4.19255 0.316959
4.19587 0.317214
4.19918 0.317937
4.20249 0.318945
4.2058 0.320202
4.20911 0.321802
4.21243 0.323576
4.21739 0.321254
4.22071 0.319598
4.22402 0.318648
4.22733 0.318192
4.23064 0.318168
4.23395 0.318522
4.23727 0.319332
4.24058 0.320415
4.24389 0.321738
4.2472 0.323396
4.25051 0.325221
4.25548 0.322819
4.25879 0.321091
4.26211 0.32008
4.26542 0.31957
4.26873 0.319499
4.27204 0.319936
4.27535 0.320694
4.27867 0.321733
4.28198 0.323016
4.28529 0.324639
4.2886 0.326434
4.29191 0.324005
4.29523 0.322379
4.29854 0.321332
4.30185 0.32079
4.30516 0.320817
4.30847 0.321214
4.31179 0.321938
4.3151 0.32307
4.31841 0.324437
4.32172 0.326007
4.32503 0.327881
4.32835 0.325646
4.33166 0.324065
4.33497 0.323057
4.33828 0.322675
4.34159 0.322716
4.34491 0.323126
4.34822 0.323985
4.35153 0.325112
4.35484 0.326473
4.35815 0.328164
4.36147 0.326019
4.36478 0.324516
4.36809 0.323702
4.3714 0.323364
4.37471 0.323443
4.37803 0.324013
4.38134 0.324886
4.38465 0.326026
4.38796 0.327397
4.39127 0.325473
4.39459 0.324164
4.3979 0.323393
4.40121 0.323219
4.40452 0.323442
4.40783 0.324011
4.41115 0.32501
4.41446 0.326259
4.41777 0.327726
4.42108 0.329511
4.42439 0.326822
4.42771 0.323969
4.43102 0.321223
4.43433 0.31882
4.43764 0.316593
4.44095 0.314643
4.44427 0.313063
4.44758 0.311555
4.45089 0.310236
4.4542 0.309206
4.45751 0.308181
4.46083 0.307283
4.46414 0.306623
4.46745 0.30592
4.47076 0.305305
4.47407 0.304892
4.47739 0.30403
4.4807 0.303276
4.48401 0.302742
4.48732 0.302149
4.49063 0.301631
4.49395 0.301177
4.49726 0.30078
4.50057 0.300432
4.50388 0.300128
4.50719 0.299862
4.51051 0.299629
4.51382 0.299176
4.51713 0.298904
4.52044 0.298541
4.52375 0.298223
4.52707 0.29807
4.53038 0.297936
4.53369 0.297694
4.537 0.297608
4.54031 0.297532
4.54363 0.29734
4.54694 0.297173
4.55025 0.296901
4.55356 0.296663
4.55687 0.296331
4.56019 0.296164
4.5635 0.296019
4.56681 0.295766
4.57012 0.295671
4.57343 0.295587
4.57675 0.295513
4.58006 0.295449
4.58337 0.295393
4.58668 0.295344
4.58999 0.295176
4.59331 0.295154
4.59662 0.295135
4.59993 0.294993
4.60324 0.294994
4.60655 0.294995
4.60987 0.29487
4.61318 0.294886
4.61649 0.294901
4.6198 0.294413
4.62311 0.294111
4.62643 0.293847
4.62974 0.293492
4.63305 0.293305
4.63636 0.293142
4.63967 0.292874
4.64299 0.29264
4.6463 0.29256
4.64961 0.292365
4.65292 0.292194
4.65623 0.29217
4.65955 0.292024
4.66286 0.291896
4.66617 0.291909
4.66948 0.291795
4.67279 0.291696
4.67611 0.291734
4.67942 0.291767
4.68273 0.291671
4.68604 0.291712
4.68935 0.291748
4.69267 0.291655
4.69598 0.291573
4.69929 0.291626
4.7026 0.291548
4.70591 0.29148
4.70923 0.291545
4.71254 0.291476
4.71585 0.291417
4.71916 0.29149
4.72247 0.291429
4.72579 0.291375
4.7291 0.291453
4.73241 0.291521
4.73572 0.291456
4.73903 0.291524
4.74235 0.291584
4.74566 0.291511
4.74897 0.291447
4.75228 0.291516
4.75559 0.291452
4.75891 0.291395
4.76222 0.291471
4.76553 0.291412
4.76884 0.29136
4.77215 0.29144
4.77547 0.291385
4.77878 0.291337
4.78209 0.29142
4.7854 0.291492
4.78871 0.291431
4.79203 0.291502
4.79534 0.291564
4.79865 0.291494
4.80196 0.291432
4.80527 0.291503
4.80859 0.29144
4.8119 0.291385
4.81521 0.291462
4.81852 0.291404
4.82183 0.291354
4.82515 0.291435
4.82846 0.29138
4.83177 0.291333
4.83508 0.291416
4.83839 0.291489
4.84171 0.291428
4.84502 0.291499
4.84833 0.291562
4.85164 0.291492
4.85495 0.29143
4.85827 0.291502
4.86158 0.291439
4.86489 0.291384
4.8682 0.291461
4.87151 0.291403
4.87483 0.291353
4.87814 0.291434
4.88145 0.291505
4.88476 0.291442
4.88807 0.291511
4.89139 0.291572
4.8947 0.291501
4.89801 0.291563
4.90132 0.291618
4.90463 0.291541
4.90795 0.291473
4.91126 0.291539
4.91457 0.291472
4.91788 0.291413
4.92119 0.291486
4.92451 0.291425
4.92782 0.291372
4.93113 0.291451
4.93444 0.291519
4.93775 0.291454
4.94107 0.291523
4.94438 0.291582
4.94769 0.291509
4.951 0.291571
4.95431 0.291624
4.95763 0.291546
4.96094 0.291478
4.96425 0.291543
4.96756 0.291475
4.97087 0.291416
4.97419 0.291489
4.9775 0.291428
4.98081 0.291374
4.98412 0.291453
4.98743 0.291521
4.99075 0.291456
4.99406 0.291524
4.99737 0.291583
5.00068 0.29151
5.00399 0.291447
5.00731 0.291891
5.01062 0.292279
5.01393 0.292495
5.01724 0.292808
5.02055 0.293082
5.02387 0.293197
5.02718 0.293422
5.03049 0.293619
5.0338 0.293667
5.03711 0.293833
5.04043 0.293979
5.04374 0.294107
5.04705 0.294219
5.05036 0.294316
5.05367 0.294402
5.05699 0.294351
5.0603 0.294433
5.06361 0.294503
5.06692 0.294441
5.07023 0.29451
5.07355 0.294572
5.07686 0.2945
5.08017 0.294563
5.08348 0.294617
5.08679 0.29454
5.09011 0.294598
5.09342 0.294648
5.09673 0.294692
5.10004 0.29473
5.10335 0.294764
5.10667 0.294794
5.10998 0.294694
5.11329 0.294733
5.1166 0.294766
5.11991 0.29467
5.12323 0.294712
5.12654 0.294748
5.12985 0.294654
5.13316 0.294697
5.13647 0.294735
5.13979 0.294643
5.1431 0.294688
5.14641 0.294727
5.14972 0.294761
5.15303 0.294791
5.15635 0.294817
5.15966 0.29484
5.16297 0.294735
5.16628 0.294768
5.16959 0.294797
5.17291 0.294697
5.17622 0.294735
5.17953 0.294768
5.18284 0.294672
5.18615 0.294713
5.18947 0.294749
5.19278 0.294655
5.19609 0.294699
5.1994 0.294736
5.20271 0.294769
5.20603 0.294798
5.20934 0.294823
5.21265 0.294845
5.21596 0.29474
5.21927 0.294772
5.22259 0.294801
5.2259 0.294701
5.22921 0.294738
5.23252 0.294771
5.23583 0.294674
5.23915 0.294715
5.24246 0.294751
5.24577 0.294657
5.24908 0.2947
5.25239 0.294737
5.25571 0.29477
5.25902 0.294799
5.26233 0.294824
5.26564 0.294846
5.26895 0.29474
5.27227 0.294773
5.27558 0.294801
5.27889 0.294701
5.2822 0.294738
5.28551 0.294771
5.28883 0.294675
5.29214 0.294715
5.29545 0.294751
5.29876 0.294782
5.30207 0.294809
5.30539 0.294833
5.3087 0.294854
5.31201 0.294872
5.31532 0.294888
5.31863 0.294902
5.32195 0.294789
5.32526 0.294816
5.32857 0.294839
5.33188 0.294734
5.33519 0.294767
5.33851 0.294796
5.34182 0.294697
5.34513 0.294735
5.34844 0.294768
5.35175 0.294797
5.35507 0.294822
5.35838 0.294844
5.36169 0.294864
5.365 0.294881
5.36831 0.294896
5.37163 0.294909
5.37494 0.294795
5.37825 0.294821
5.38156 0.294843
5.38487 0.294738
5.38819 0.294771
5.3915 0.294799
5.39481 0.294699
5.39812 0.294737
5.40143 0.29477
5.40475 0.294799
5.40806 0.294824
5.41137 0.294846
5.41468 0.294865
5.41799 0.294757
5.42131 0.294787
5.42462 0.294814
5.42793 0.294712
5.43124 0.294748
5.43455 0.29478
5.43787 0.294682
5.44118 0.294722
5.44449 0.294757
5.4478 0.294662
5.45111 0.294704
5.45443 0.294741
5.45774 0.294774
5.46105 0.294802
5.46436 0.294827
5.46767 0.294848
5.47099 0.294742
5.4743 0.294775
5.47761 0.294803
5.48092 0.294702
5.48423 0.29474
5.48755 0.294772
5.49086 0.294676
5.49417 0.294716
5.49748 0.294752
5.50079 0.294658
5.50411 0.2947
5.50742 0.294738
5.51073 0.294771
5.51404 0.294799
5.51735 0.294824
5.52067 0.294846
5.52398 0.294741
5.52729 0.294773
5.5306 0.294801
5.53391 0.294701
5.53723 0.294739
5.54054 0.294771
5.54385 0.294675
5.54716 0.294715
5.55047 0.294751
5.55379 0.294657
5.5571 0.2947
5.56041 0.294738
5.56372 0.29477
5.56703 0.294799
5.57035 0.294824
5.57366 0.294846
5.57697 0.29474
5.58028 0.294773
5.58359 0.294801
5.58691 0.294701
5.59022 0.294738
5.59353 0.294771
5.59684 0.294675
5.60015 0.29509
5.60347 0.295454
5.60678 0.295772
5.61009 0.296051
5.6134 0.296294
5.61671 0.296508
5.62003 0.296819
5.62334 0.296967
5.62665 0.297096
5.62996 0.297209
5.63327 0.297308
5.63659 0.297394
5.6399 0.29747
5.64321 0.297536
5.64652 0.297594
5.64983 0.297645
5.65315 0.297689
5.65646 0.297728
5.65977 0.297762
5.66308 0.297792
5.66639 0.297818
5.66971 0.297841
5.67302 0.297986
5.67633 0.297987
5.67964 0.297989
5.68295 0.29799
5.68627 0.297992
5.68958 0.297993
5.69289 0.297994
5.6962 0.297994
5.69951 0.297995
5.70283 0.297996
5.70614 0.297996
5.70945 0.297997
5.71276 0.297997
5.71607 0.298122
5.71939 0.298107
5.7227 0.298094
5.72601 0.298207
5.72932 0.298181
5.73263 0.298159
5.73595 0.298139
5.73926 0.298121
5.74257 0.298106
5.74588 0.298093
5.74919 0.298081
5.75251 0.298071
5.75582 0.298062
5.75913 0.298054
5.76244 0.298048
5.76575 0.298042
5.76907 0.298161
5.77238 0.298141
5.77569 0.298124
5.779 0.298233
5.78231 0.298204
5.78563 0.298179
5.78894 0.298156
5.79225 0.298137
5.79556 0.29812
5.79887 0.298105
5.80219 0.298092
5.8055 0.29808
5.80881 0.29807
5.81212 0.298061
5.81543 0.298054
5.81875 0.298047
5.82206 0.298166
5.82537 0.298145
5.82868 0.298127
5.83199 0.298111
5.83531 0.298097
5.83862 0.298085
5.84193 0.298075
5.84524 0.298065
5.84855 0.298057
5.85187 0.29805
5.85518 0.298044
5.85849 0.298038
5.8618 0.298033
5.86511 0.298029
5.86843 0.298026
5.87174 0.298022
5.87505 0.298145
5.87836 0.298127
5.88167 0.298111
5.88499 0.298097
5.8883 0.298085
5.89161 0.298074
5.89492 0.298065
5.89823 0.298057
5.90155 0.29805
5.90486 0.298043
5.90817 0.298038
5.91148 0.298033
5.91479 0.298029
5.91811 0.298025
5.92142 0.298022
5.92473 0.29802
5.92804 0.298142
5.93135 0.298124
5.93467 0.298109
5.93798 0.298095
5.94129 0.298083
5.9446 0.298073
5.94791 0.298064
5.95123 0.298056
5.95454 0.298049
5.95785 0.298043
5.96116 0.298037
5.96447 0.298033
5.96779 0.298029
5.9711 0.298025
5.97441 0.298022
5.97772 0.298019
5.98103 0.298142
5.98435 0.298124
5.98766 0.298109
5.99097 0.298095
5.99428 0.298083
5.99759 0.298073
6.00091 0.298064
6.00422 0.298056
6.00753 0.298049
6.01084 0.298043
6.01415 0.298037
6.01747 0.298033
6.02078 0.298029
6.02409 0.298025
6.0274 0.298022
6.03071 0.298019
6.03403 0.298142
6.03734 0.298124
6.04065 0.298109
6.04396 0.298095
6.04727 0.298083
6.05059 0.298073
6.0539 0.298064
6.05721 0.298056
6.06052 0.298049
6.06383 0.298043
6.06715 0.298037
6.07046 0.298033
6.07377 0.298029
6.07708 0.298025
6.08039 0.298022
6.08371 0.298019
6.08702 0.298142
6.09033 0.298124
6.09364 0.298109
6.09695 0.298095
6.10027 0.298083
6.10358 0.298073
6.10689 0.298064
6.1102 0.298056
6.11351 0.298049
6.11683 0.298043
6.12014 0.298037
6.12345 0.298033
6.12676 0.298029
6.13007 0.29815
6.13338 0.298131
6.1367 0.298115
6.14001 0.298225
6.14332 0.298197
6.14663 0.298173
6.14994 0.298151
6.15326 0.298132
6.15657 0.298116
6.15988 0.298101
6.16319 0.298089
6.1665 0.298077
6.16982 0.298068
6.17313 0.298059
6.17644 0.298052
6.17975 0.298045
6.18306 0.298165
6.18638 0.298144
6.18969 0.298126
6.193 0.298235
6.19631 0.298706
6.19962 0.298993
6.20294 0.299244
6.20625 0.299588
6.20956 0.299765
6.21287 0.299919
6.21618 0.300179
6.2195 0.300282
6.22281 0.300372
6.22612 0.300575
6.22943 0.300628
6.23274 0.300675
6.23606 0.30084
6.23937 0.300985
6.24268 0.300987
6.24599 0.300989
6.2493 0.301115
6.25262 0.301101
6.25593 0.301088
6.25924 0.301202
6.26255 0.301177
6.26586 0.301155
6.26918 0.30126
6.27249 0.301228
6.2758 0.301199
6.27911 0.301299
6.28242 0.301262
6.28574 0.301229
6.28905 0.301326
6.29236 0.30141
6.29567 0.301359
6.29898 0.301314
6.3023 0.3014
6.30561 0.30135
6.30892 0.301306
6.31223 0.301393
6.31554 0.301344
6.31886 0.301301
6.32217 0.301388
6.32548 0.30134
6.32879 0.301297
6.3321 0.301385
6.33542 0.301337
6.33873 0.301295
6.34204 0.301383
6.34535 0.30146
6.34866 0.301403
6.35198 0.301352
6.35529 0.301433
6.3586 0.301379
6.36191 0.301332
6.36522 0.301415
6.36854 0.301363
6.37185 0.301318
6.37516 0.301403
6.37847 0.301353
6.38178 0.301309
6.3851 0.301395
6.38841 0.301346
6.39172 0.301302
6.39503 0.30139
6.39834 0.301466
6.40166 0.301408
6.40497 0.301357
6.40828 0.301437
6.41159 0.301383
6.4149 0.301335
6.41822 0.301418
6.42153 0.301366
6.42484 0.30132
6.42815 0.301405
6.43146 0.301354
6.43478 0.30131
6.43809 0.301396
6.4414 0.301347
6.44471 0.301303
6.44802 0.30139
6.45134 0.301467
6.45465 0.301408
6.45796 0.301357
6.46127 0.301438
6.46458 0.301383
6.4679 0.301335
6.47121 0.301418
6.47452 0.301366
6.47783 0.30132
6.48114 0.301405
6.48446 0.301354
6.48777 0.30131
6.49108 0.301396
6.49439 0.301347
6.4977 0.301304
6.50102 0.301391
6.50433 0.301467
6.50764 0.301408
6.51095 0.301357
6.51426 0.301438
6.51758 0.301383
6.52089 0.301335
6.5242 0.301418
6.52751 0.301366
6.53082 0.30132
6.53414 0.301405
6.53745 0.301355
6.54076 0.30131
6.54407 0.301396
6.54738 0.301472
6.5507 0.301413
6.55401 0.301486
6.55732 0.30155
6.56063 0.301482
6.56394 0.301421
6.56726 0.301494
6.57057 0.301432
6.57388 0.301378
6.57719 0.301456
6.5805 0.301399
6.58382 0.301349
6.58713 0.30143
6.59044 0.301377
6.59375 0.301329
6.59706 0.301413
6.60038 0.301487
6.60369 0.301426
6.607 0.301498
6.61031 0.30156
6.61362 0.30149
6.61694 0.301429
6.62025 0.3015
6.62356 0.301438
6.62687 0.301383
6.63018 0.30146
6.6335 0.301403
6.63681 0.301352
6.64012 0.301433
6.64343 0.301379
6.64674 0.301332
6.65006 0.301415
6.65337 0.301488
6.65668 0.301427
6.65999 0.301374
6.6633 0.301452
6.66662 0.301396
6.66993 0.301346
6.67324 0.301428
6.67655 0.301374
6.67986 0.301328
6.68318 0.301412
6.68649 0.30136
6.6898 0.301315
6.69311 0.301401
6.69642 0.301351
6.69974 0.301307
6.70305 0.301393
6.70636 0.301469
6.70967 0.301411
6.71298 0.301359
6.7163 0.301439
6.71961 0.301384
6.72292 0.301336
6.72623 0.301419
6.72954 0.301367
6.73286 0.301321
6.73617 0.301406
6.73948 0.301355
6.74279 0.301311
6.7461 0.301397
6.74942 0.301347
6.75273 0.301304
6.75604 0.301391
6.75935 0.301467
6.76266 0.301409
6.76598 0.301358
6.76929 0.301438
6.7726 0.301383
6.77591 0.301335
6.77922 0.301418
6.78254 0.301366
6.78585 0.30132
6.78916 0.301405
6.79247 0.301355
6.79578 0.30131
6.7991 0.301396
6.80241 0.301847
6.80572 0.302116
6.80903 0.302477
6.81234 0.302792
6.81566 0.303068
6.81897 0.303184
6.82228 0.303411
6.82559 0.30361
6.8289 0.303659
6.83222 0.303826
6.83553 0.303973
6.83884 0.303976
6.84215 0.304104
6.84546 0.304216
6.84878 0.304189
6.85209 0.304291
6.8554 0.304379
6.85871 0.304332
6.86202 0.304415
6.86534 0.304488
6.86865 0.304552
6.87196 0.304483
6.87527 0.304548
6.87858 0.304604
6.8819 0.304529
6.88521 0.304588
6.88852 0.304639
6.89183 0.304559
6.89514 0.304614
6.89846 0.304663
6.90177 0.30458
6.90508 0.304632
6.90839 0.304678
6.9117 0.304594
6.91502 0.304644
6.91833 0.304689
6.92164 0.304728
6.92495 0.304637
6.92826 0.304682
6.93158 0.304722
6.93489 0.304632
6.9382 0.304678
6.94151 0.304718
6.94482 0.304628
6.94814 0.304675
6.95145 0.304715
6.95476 0.304626
6.95807 0.304673
6.96138 0.304714
6.9647 0.304749
6.96801 0.304781
6.97132 0.304808
6.97463 0.304832
6.97794 0.304728
6.98126 0.304762
6.98457 0.304792
6.98788 0.304693
6.99119 0.304731
6.9945 0.304765
6.99782 0.304669
7.00113 0.304711
7.00444 0.304747
7.00775 0.304653
7.01106 0.304697
7.01438 0.304735
7.01769 0.304768
7.021 0.304797
7.02431 0.304822
7.02762 0.304844
7.03094 0.304739
7.03425 0.304772
7.03756 0.3048
7.04087 0.3047
7.04418 0.304738
7.0475 0.30477
7.05081 0.304674
7.05412 0.304715
7.05743 0.30475
7.06074 0.304657
7.06406 0.3047
7.06737 0.304737
7.07068 0.30477
7.07399 0.304674
7.0773 0.304715
7.08062 0.30475
7.08393 0.304656
7.08724 0.304699
7.09055 0.304737
7.09386 0.304645
7.09718 0.304689
7.10049 0.304728
7.1038 0.304637
7.10711 0.304682
7.11042 0.304722
7.11374 0.304632
7.11705 0.304678
7.12036 0.304718
7.12367 0.304753
7.12698 0.304659
7.1303 0.304702
7.13361 0.304739
7.13692 0.304647
7.14023 0.304691
7.14354 0.304729
7.14686 0.304638
7.15017 0.304684
7.15348 0.304723
7.15679 0.304633
7.1601 0.304679
7.16342 0.304719
7.16673 0.304629
7.17004 0.304675
7.17335 0.304716
7.17666 0.304751
7.17998 0.304657
7.18329 0.3047
7.1866 0.304738
7.18991 0.304646
7.19322 0.30469
7.19654 0.304729
7.19985 0.304638
7.20316 0.304683
7.20647 0.304722
7.20978 0.304632
7.2131 0.304678
7.21641 0.304718
7.21972 0.304629
7.22303 0.304675
7.22634 0.304716
7.22966 0.304751
7.23297 0.304657
7.23628 0.3047
7.23959 0.304738
7.2429 0.304645
7.24622 0.30469
7.24953 0.304729
7.25284 0.304637
7.25615 0.304683
7.25946 0.304722
7.26278 0.304632
7.26609 0.304678
7.2694 0.304718
7.27271 0.304629
7.27602 0.304675
7.27934 0.304716
7.28265 0.304751
7.28596 0.304657
7.28927 0.3047
7.29258 0.304738
7.2959 0.304645
7.29921 0.30469
7.30252 0.304729
7.30583 0.304637
7.30914 0.304683
7.31246 0.304722
7.31577 0.304632
7.31908 0.304678
7.32239 0.304718
7.3257 0.304629
7.32902 0.304675
7.33233 0.304716
7.33564 0.304751
7.33895 0.304657
7.34226 0.3047
7.34558 0.304738
7.34889 0.304645
7.3522 0.30469
7.35551 0.304728
7.35882 0.304637
7.36214 0.304683
7.36545 0.304722
7.36876 0.304632
7.37207 0.304678
7.37538 0.304718
7.3787 0.304754
7.38201 0.304784
7.38532 0.304811
7.38863 0.304835
7.39194 0.304731
7.39526 0.304764
7.39857 0.304794
7.40188 0.304694
7.40519 0.304733
7.4085 0.304766
7.41182 0.30517
7.41513 0.305524
7.41844 0.305834
7.42175 0.306104
7.42506 0.306341
7.42838 0.306549
7.43169 0.30673
7.435 0.307014
7.43831 0.307137
7.44162 0.307245
7.44494 0.307339
7.44825 0.307422
7.45156 0.307494
7.45487 0.307557
7.45818 0.307613
7.4615 0.307661
7.46481 0.307703
7.46812 0.307741
7.47143 0.307773
7.47474 0.307801
7.47806 0.307826
7.48137 0.307848
7.48468 0.307867
7.48799 0.307884
7.4913 0.307898
7.49462 0.307911
7.49793 0.307922
7.50124 0.307932
7.50455 0.30794
7.50786 0.307948
7.51118 0.307954
7.51449 0.30796
7.5178 0.307965
7.52111 0.307969
7.52442 0.307973
7.52774 0.307977
7.53105 0.307979
7.53436 0.307982
7.53767 0.307984
7.54098 0.307986
7.5443 0.307988
7.54761 0.307989
7.55092 0.307991
7.55423 0.307992
7.55754 0.307993
7.56086 0.307994
7.56417 0.307995
7.56748 0.307995
7.57079 0.307996
7.5741 0.307996
7.57742 0.307997
7.58073 0.307997
7.58404 0.307998
7.58735 0.307998
7.59066 0.307998
7.59398 0.307998
7.59729 0.307999
7.6006 0.307999
7.60391 0.307999
7.60722 0.307999
7.61054 0.307999
7.61385 0.307999
7.61716 0.307999
7.62047 0.307999
7.62378 0.308
7.6271 0.308
7.63041 0.308
7.63372 0.308
7.63703 0.308
7.64034 0.308
7.64366 0.308
7.64697 0.308
7.65028 0.308
7.65359 0.308
7.6569 0.308
7.66022 0.308
7.66353 0.308
7.66684 0.308
7.67015 0.308
7.67346 0.308
7.67678 0.308
7.68009 0.308
7.6834 0.308
7.68671 0.308
7.69002 0.308
7.69334 0.308
7.69665 0.308
7.69996 0.308
7.70327 0.308
7.70658 0.308
7.7099 0.308
7.71321 0.308
7.71652 0.308
7.71983 0.308
7.72314 0.308
7.72646 0.308
7.72977 0.308
7.73308 0.308
7.73639 0.308
7.7397 0.308
7.74302 0.308
7.79601 0.308125
7.79932 0.308109
7.80263 0.308096
7.80594 0.308084
7.80926 0.308073
7.81257 0.308064
7.81588 0.308056
7.81919 0.308049
7.8225 0.308043
7.82582 0.308038
7.82913 0.308033
7.83244 0.308029
7.83575 0.308025
7.83906 0.308022
7.84238 0.308019
7.84569 0.308017
7.849 0.308015
7.85231 0.308013
7.85562 0.308011
7.85894 0.30801
7.86225 0.308009
7.86556 0.308008
7.86887 0.308007
7.87218 0.308006
7.8755 0.308005
7.87881 0.308004
7.88212 0.308004
7.88543 0.308003
7.88874 0.308003
7.89206 0.308003
7.89537 0.308002
7.89868 0.308002
7.90199 0.308002
7.9053 0.308002
7.90862 0.308001
7.91193 0.308001
7.91524 0.308001
7.91855 0.308001
7.92186 0.308001
7.92518 0.308001
7.92849 0.308001
7.9318 0.308001
7.93511 0.308
7.93842 0.308
7.94174 0.308
7.94505 0.308
7.94836 0.308
7.95167 0.308
7.95498 0.308
7.9583 0.308
7.96161 0.308
7.96492 0.308
7.96823 0.308
7.97154 0.308
7.97486 0.308
7.97817 0.308
7.98148 0.308
7.98479 0.308
7.9881 0.308
7.99142 0.308
7.99473 0.308
7.99804 0.308
8.00135 0.308
8.00466 0.308
8.00798 0.308
8.01129 0.308
8.0146 0.308
8.01791 0.308
8.02122 0.308
8.02454 0.308
8.02785 0.308
8.03116 0.3085
8.03447 0.308813
8.03778 0.309086
8.0411 0.30945
8.04441 0.309644
8.04772 0.309813
8.05103 0.310087
8.05434 0.310201
8.05766 0.310301
8.06097 0.310388
8.06428 0.31059
8.06759 0.310641
8.0709 0.310686
8.07422 0.31085
8.07753 0.310869
8.08084 0.310885
8.08415 0.311025
8.08746 0.311022
8.09078 0.311019
8.09409 0.311141
8.0974 0.311124
8.10071 0.311108
8.10402 0.31122
8.10734 0.311192
8.11065 0.311168
8.11396 0.311147
8.11727 0.311254
8.12058 0.311222
8.1239 0.311194
8.12721 0.311295
8.13052 0.311258
8.13383 0.311226
8.13714 0.311323
8.14046 0.311282
8.14377 0.311247
8.14708 0.311341
8.15039 0.311299
8.1537 0.311261
8.15702 0.311354
8.16033 0.311434
8.16364 0.31138
8.16695 0.311333
8.17026 0.311416
8.17358 0.311364
8.17689 0.311318
8.1802 0.311404
8.18351 0.311353
8.18682 0.311309
8.19014 0.311395
8.19345 0.311346
8.19676 0.311303
8.20007 0.31139
8.20338 0.311341
8.2067 0.311299
8.21001 0.311386
8.21332 0.311463
8.21663 0.311405
8.21994 0.311354
8.22326 0.311435
8.22657 0.311381
8.22988 0.311333
8.23319 0.311416
8.2365 0.311364
8.23982 0.311319
8.24313 0.311404
8.24644 0.311354
8.24975 0.311309
8.25306 0.311396
8.25638 0.311346
8.25969 0.311303
8.263 0.311265
8.26631 0.311357
8.26962 0.311312
8.27294 0.311273
8.27625 0.311364
8.27956 0.311319
8.28287 0.311279
8.28618 0.311369
8.2895 0.311323
8.29281 0.311282
8.29612 0.311372
8.29943 0.311326
8.30274 0.311285
8.30606 0.311374
8.30937 0.311328
8.31268 0.311287
8.31599 0.311251
8.3193 0.311344
8.32262 0.311301
8.32593 0.311264
8.32924 0.311356
8.33255 0.311311
8.33586 0.311272
8.33918 0.311363
8.34249 0.311318
8.3458 0.311278
8.34911 0.311368
8.35242 0.311322
8.35574 0.311282
8.35905 0.311372
8.36236 0.311325
8.36567 0.311285
8.36898 0.311249
8.3723 0.311343
8.37561 0.3113
8.37892 0.311263
8.38223 0.311355
8.38554 0.31131
8.38886 0.311272
8.39217 0.311363
8.39548 0.311317
8.39879 0.311278
8.4021 0.311368
8.40542 0.311322
8.40873 0.311282
8.41204 0.311371
8.41535 0.311325
8.41866 0.311284
8.42198 0.311249
8.42529 0.311343
8.4286 0.3113
8.43191 0.311262
8.43522 0.311355
8.43854 0.31131
8.44185 0.311272
8.44516 0.311363
8.44847 0.311317
8.45178 0.311278
8.4551 0.311368
8.45841 0.311322
8.46172 0.311282
8.46503 0.311371
8.46834 0.311325
8.47166 0.311284
8.47497 0.311249
8.47828 0.311343
8.48159 0.3113
8.4849 0.311262
8.48822 0.311355
8.49153 0.31131
8.49484 0.311271
8.49815 0.311363
8.50146 0.311317
8.50478 0.311278
8.50809 0.311368
8.5114 0.311322
8.51471 0.311282
8.51802 0.311371
8.52134 0.311325
8.52465 0.311284
8.52796 0.311249
8.53127 0.311343
8.53458 0.3113
8.5379 0.311262
8.54121 0.311355
8.54452 0.31131
8.54783 0.311271
8.55114 0.311363
8.55446 0.311317
8.55777 0.311278
8.56108 0.311368
8.56439 0.311322
8.5677 0.311282
8.57102 0.311371
8.57433 0.31145
8.57764 0.311394
8.58095 0.311345
8.58426 0.311426
8.58758 0.311373
8.59089 0.311327
8.5942 0.311411
8.59751 0.311359
8.60082 0.311314
8.60414 0.3114
8.60745 0.31135
8.61076 0.311306
8.61407 0.311393
8.61738 0.311344
8.6207 0.311301
8.62401 0.311388
8.62732 0.311465
8.63063 0.311407
8.63394 0.311356
8.63726 0.311436
8.64057 0.311382
8.64388 0.311334
8.64719 0.311417
8.6505 0.311365
8.65382 0.311695
8.65713 0.312108
8.66044 0.312469
8.66375 0.312661
8.66706 0.312953
8.67038 0.313209
8.67369 0.313308
8.677 0.313394
8.68031 0.313595
8.68362 0.313771
8.68694 0.313799
8.69025 0.313949
8.69356 0.314081
8.69687 0.314071
8.70018 0.314187
8.7035 0.314288
8.70681 0.314252
8.71012 0.314346
8.71343 0.314428
8.71674 0.314374
8.72006 0.314452
8.72337 0.314521
8.72668 0.314456
8.72999 0.314399
8.7333 0.314474
8.73662 0.31454
8.73993 0.314472
8.74324 0.314538
8.74655 0.314596
8.74986 0.314521
8.75318 0.314581
8.75649 0.314634
8.7598 0.314554
8.76311 0.31461
8.76642 0.314659
8.76974 0.314576
8.77305 0.314629
8.77636 0.314676
8.77967 0.314591
8.78298 0.314517
8.7863 0.314578
8.78961 0.31463
8.79292 0.314552
8.79623 0.314608
8.79954 0.314657
8.80286 0.314575
8.80617 0.314628
8.80948 0.314674
8.81279 0.31459
8.8161 0.314641
8.81942 0.314686
8.82273 0.3146
8.82604 0.31465
8.82935 0.314694
8.83266 0.314607
8.83598 0.314531
8.83929 0.31459
8.8426 0.314641
8.84591 0.314561
8.84922 0.314616
8.85254 0.314664
8.85585 0.314581
8.85916 0.314633
8.86247 0.314679
8.86578 0.314594
8.8691 0.314645
8.87241 0.314689
8.87572 0.314603
8.87903 0.314653
8.88234 0.314696
8.88566 0.314609
8.88897 0.314533
8.89228 0.314591
8.89559 0.314642
8.8989 0.314562
8.90222 0.314617
8.90553 0.314665
8.90884 0.314582
8.91215 0.314634
8.91546 0.31468
8.91878 0.314595
8.92209 0.314645
8.9254 0.31469
8.92871 0.314604
8.93202 0.314653
8.93534 0.314696
8.93865 0.314609
8.94196 0.314533
8.94527 0.314592
8.94858 0.314643
8.9519 0.314562
8.95521 0.314617
8.95852 0.314665
8.96183 0.314582
8.96514 0.314634
8.96846 0.31468
8.97177 0.314595
8.97508 0.314645
8.97839 0.31469
8.9817 0.314604
8.98502 0.314653
8.98833 0.314696
8.99164 0.314734
8.99495 0.314643
8.99826 0.314687
9.00158 0.314726
9.00489 0.314636
9.0082 0.314681
9.01151 0.314721
9.01482 0.314631
9.01814 0.314677
9.02145 0.314717
9.02476 0.314628
9.02807 0.314674
9.03138 0.314715
9.0347 0.314626
9.03801 0.314672
9.04132 0.314713
9.04463 0.314749
9.04794 0.314656
9.05126 0.314699
9.05457 0.314736
9.05788 0.314644
9.06119 0.314689
9.0645 0.314728
9.06782 0.314637
9.07113 0.314682
9.07444 0.314722
9.07775 0.314632
9.08106 0.314678
9.08438 0.314718
9.08769 0.314628
9.091 0.31455
9.09431 0.314606
9.09762 0.314655
9.10094 0.314573
9.10425 0.314627
9.10756 0.314673
9.11087 0.314589
9.11418 0.314641
9.1175 0.314685
9.12081 0.3146
9.12412 0.31465
9.12743 0.314694
9.13074 0.314607
9.13406 0.314656
9.13737 0.314699
9.14068 0.314612
9.14399 0.314535
9.1473 0.314593
9.15062 0.314644
9.15393 0.314564
9.15724 0.314618
9.16055 0.314666
9.16386 0.314583
9.16718 0.314635
9.17049 0.31468
9.1738 0.314595
9.17711 0.314646
9.18042 0.31469
9.18374 0.314604
9.18705 0.314653
9.19036 0.314697
9.19367 0.31461
9.19698 0.314533
9.2003 0.314592
9.20361 0.314643
9.20692 0.314562
9.21023 0.314617
9.21354 0.314665
9.21686 0.314582
9.22017 0.314634
9.22348 0.31468
9.22679 0.314595
9.2301 0.314646
9.23342 0.31469
9.23673 0.314604
9.24004 0.314653
9.24335 0.314697
9.24666 0.314609
9.24998 0.314533
9.25329 0.314592
9.2566 0.314643
9.25991 0.314562
9.26322 0.314617
9.26654 0.314665
9.26985 0.314582
9.27316 0.314634
9.27647 0.31468
9.27978 0.314595
9.2831 0.314645
9.28641 0.315065
9.28972 0.315432
9.29303 0.315753
9.29634 0.316034
9.29966 0.316279
9.30297 0.31637
9.30628 0.316573
9.30959 0.316752
9.3129 0.316908
9.31622 0.317044
9.31953 0.317164
9.32284 0.317268
9.32615 0.31736
9.32946 0.31744
9.33278 0.31751
9.33609 0.317571
9.3394 0.317625
9.34271 0.317672
9.34602 0.317713
9.34934 0.317749
9.35265 0.31778
9.35596 0.317682
9.35927 0.317722
9.36258 0.317757
9.3659 0.317787
9.36921 0.317814
9.37252 0.317837
9.37583 0.317858
9.37914 0.317875
9.38246 0.317891
9.38577 0.317905
9.38908 0.317916
9.39239 0.317927
9.3957 0.317936
9.39902 0.317944
9.40233 0.317951
9.40564 0.317957
9.40895 0.317963
9.41226 0.317967
9.41558 0.317971
9.41889 0.317975
9.4222 0.317978
9.42551 0.317981
9.42882 0.317983
9.43214 0.317985
9.43545 0.317987
9.43876 0.317989
9.44207 0.31799
9.44538 0.317991
9.44869 0.317992
9.45201 0.317993
9.45532 0.317994
9.45863 0.317995
9.46194 0.317996
9.46525 0.317996
9.46857 0.317997
9.47188 0.317997
9.47519 0.317997
9.4785 0.317998
9.48181 0.317998
9.48513 0.317998
9.48844 0.317998
9.49175 0.317999
9.49506 0.317999
9.49837 0.317999
9.50169 0.317999
9.505 0.317874
9.50831 0.31789
9.51162 0.317904
9.51493 0.317916
9.51825 0.317926
9.52156 0.317935
9.52487 0.317944
9.52818 0.317951
9.53149 0.317957
9.53481 0.317962
9.53812 0.317967
9.54143 0.317971
9.54474 0.317975
9.54805 0.317978
9.55137 0.317981
9.55468 0.317983
9.55799 0.31786
9.5613 0.317878
9.56461 0.317893
9.56793 0.317906
9.57124 0.317918
9.57455 0.317928
9.57786 0.317937
9.58117 0.317945
9.58449 0.317952
9.5878 0.317958
9.59111 0.317963
9.59442 0.317968
9.59773 0.317972
9.60105 0.317975
9.60436 0.317978
9.60767 0.317981
9.61098 0.317858
9.61429 0.317876
9.61761 0.317892
9.62092 0.317905
9.62423 0.317917
9.62754 0.317927
9.63085 0.317936
9.63417 0.317944
9.63748 0.317951
9.64079 0.317957
9.6441 0.317963
9.64741 0.317967
9.65073 0.317971
9.65404 0.317975
9.65735 0.317978
9.66066 0.317981
9.66397 0.317858
9.66729 0.317876
9.6706 0.317892
9.67391 0.317905
9.67722 0.317917
9.68053 0.317927
9.68385 0.317936
9.68716 0.317944
9.69047 0.317951
9.69378 0.317957
9.69709 0.317963
9.70041 0.317967
9.70372 0.317971
9.70703 0.317975
9.71034 0.317978
9.71365 0.317981
9.71697 0.317858
9.72028 0.317876
9.72359 0.317891
9.7269 0.317905
9.73021 0.317917
9.73353 0.317927
9.73684 0.317936
9.74015 0.317944
9.74346 0.317951
9.74677 0.317957
9.75009 0.317963
9.7534 0.317967
9.75671 0.317971
9.76002 0.317975
9.76333 0.317978
9.76665 0.317981
9.76996 0.317858
9.77327 0.317876
9.77658 0.317891
9.77989 0.317905
9.78321 0.317917
9.78652 0.317927
9.78983 0.317936
9.79314 0.317944
9.79645 0.317951
9.79977 0.317957
9.80308 0.317963
9.80639 0.317967
9.8097 0.317971
9.81301 0.317975
9.81633 0.317978
9.81964 0.317981
9.82295 0.317983
9.82626 0.317985
9.82957 0.317987
9.83289 0.317989
9.8362 0.31799
9.83951 0.317991
9.84282 0.317992
9.84613 0.317993
9.84945 0.317994
9.85276 0.317995
9.85607 0.317996
9.85938 0.317996
9.86269 0.317997
9.86601 0.317997
9.86932 0.317997
9.87263 0.317998
9.87594 0.317998
9.87925 0.317998
9.88257 0.317998
9.88588 0.317999
9.88919 0.317999
9.8925 0.317999
9.89581 0.317999
9.89913 0.317999
9.90244 0.317999
9.90575 0.317999
9.90906 0.317999
9.91237 0.318
9.91569 0.318
9.919 0.317875
9.92231 0.318265
9.92562 0.318607
9.92893 0.318906
9.93225 0.319293
9.93556 0.319506
9.93887 0.319693
9.94218 0.319981
9.94549 0.320109
9.94881 0.32022
9.95212 0.320443
9.95543 0.320512
9.95874 0.320573
9.96205 0.320752
9.96537 0.320783
9.96868 0.32081
9.97199 0.320834
9.9753 0.320854
9.97861 0.320873
9.98193 0.320889
9.98524 0.321027
9.98855 0.321024
9.99186 0.321021
9.99517 0.321143
9.99849 0.321125
10.0018 0.32111
10.0051 0.321221
10.0084 0.321193
10.0117 0.321169
10.015 0.321273
10.0184 0.321239
10.0217 0.321209
10.025 0.321183
10.0283 0.32116
10.0316 0.32114
10.0349 0.321123
10.0382 0.321232
10.0415 0.321203
10.0449 0.321178
10.0482 0.321281
10.0515 0.321246
10.0548 0.321215
10.0581 0.321313
10.0614 0.321274
10.0647 0.32124
10.068 0.321335
10.0714 0.321293
10.0747 0.321256
10.078 0.321224
10.0813 0.321196
10.0846 0.321172
10.0879 0.32115
10.0912 0.321256
10.0945 0.321224
10.0978 0.321196
10.1012 0.321297
10.1045 0.32126
10.1078 0.321227
10.1111 0.321324
10.1144 0.321283
10.1177 0.321248
10.121 0.321342
10.1243 0.321299
10.1277 0.321262
10.131 0.321229
10.1343 0.3212
10.1376 0.321175
10.1409 0.321153
10.1442 0.321259
10.1475 0.321227
10.1508 0.321199
10.1542 0.321299
10.1575 0.321261
10.1608 0.321229
10.1641 0.321325
10.1674 0.321284
10.1707 0.321249
10.174 0.321343
10.1773 0.3213
10.1806 0.321262
10.184 0.32123
10.1873 0.321201
10.1906 0.321176
10.1939 0.321154
10.1972 0.32126
10.2005 0.321227
10.2038 0.321199
10.2071 0.321299
10.2105 0.321262
10.2138 0.321229
10.2171 0.321325
10.2204 0.321285
10.2237 0.321249
10.227 0.321343
10.2303 0.3213
10.2336 0.321263
10.237 0.32123
10.2403 0.321326
10.2436 0.321285
10.2469 0.32125
10.2502 0.321343
10.2535 0.3213
10.2568 0.321263
10.2601 0.321355
10.2634 0.321311
10.2668 0.321272
10.2701 0.321363
10.2734 0.321317
10.2767 0.321278
10.28 0.321368
10.2833 0.321322
10.2866 0.321282
10.2899 0.321247
10.2933 0.321341
10.2966 0.321298
10.2999 0.321261
10.3032 0.321353
10.3065 0.321309
10.3098 0.32127
10.3131 0.321362
10.3164 0.321316
10.3198 0.321277
10.3231 0.321367
10.3264 0.321321
10.3297 0.321281
10.333 0.321246
10.3363 0.321215
10.3396 0.321188
10.3429 0.321165
10.3462 0.321269
10.3496 0.321236
10.3529 0.321206
10.3562 0.321305
10.3595 0.321267
10.3628 0.321234
10.3661 0.32133
10.3694 0.321288
10.3727 0.321252
10.3761 0.321346
10.3794 0.321303
10.3827 0.321265
10.386 0.321232
10.3893 0.321203
10.3926 0.321177
10.3959 0.321155
10.3992 0.321261
10.4026 0.321228
10.4059 0.3212
10.4092 0.3213
10.4125 0.321262
10.4158 0.321229
10.4191 0.321326
10.4224 0.321285
10.4257 0.321249
10.429 0.321343
10.4324 0.3213
10.4357 0.321263
10.439 0.32123
10.4423 0.321201
10.4456 0.321176
10.4489 0.321154
10.4522 0.32126
10.4555 0.321227
10.4589 0.321199
10.4622 0.321299
10.4655 0.321262
10.4688 0.321229
10.4721 0.321325
10.4754 0.321285
10.4787 0.321249
10.482 0.321343
10.4854 0.3213
10.4887 0.321263
10.492 0.32123
10.4953 0.321201
10.4986 0.321176
10.5019 0.321154
10.5052 0.32126
10.5085 0.321227
10.5118 0.321199
10.5152 0.321299
10.5185 0.321262
10.5218 0.321229
10.5251 0.321325
10.5284 0.321285
10.5317 0.321249
10.535 0.321343
10.5383 0.3213
10.5417 0.321263
10.545 0.32123
10.5483 0.321201
10.5516 0.321176
10.5549 0.321154
10.5582 0.32126
10.5615 0.321227
10.5648 0.321199
10.5682 0.321674
10.5715 0.32209
10.5748 0.322328
10.5781 0.322662
10.5814 0.322955
10.5847 0.323085
10.588 0.323325
10.5913 0.323534
10.5946 0.323592
10.598 0.323643
10.6013 0.323813
10.6046 0.323836
10.6079 0.323857
10.6112 0.324
10.6145 0.324125
10.6178 0.324109
10.6211 0.32422
10.6245 0.324318
10.6278 0.324278
10.6311 0.324368
10.6344 0.324447
10.6377 0.324391
10.641 0.324467
10.6443 0.324534
10.6476 0.324467
10.651 0.324409
10.6543 0.324483
10.6576 0.324547
10.6609 0.324479
10.6642 0.324544
10.6675 0.324601
10.6708 0.324526
10.6741 0.324585
10.6774 0.324637
10.6808 0.324557
10.6841 0.324613
10.6874 0.324661
10.6907 0.324579
10.694 0.324631
10.6973 0.324677
10.7006 0.324593
10.7039 0.324519
10.7073 0.324579
10.7106 0.324631
10.7139 0.324552
10.7172 0.324608
10.7205 0.324657
10.7238 0.324575
10.7271 0.324628
10.7304 0.324675
10.7338 0.32459
10.7371 0.324642
10.7404 0.324686
10.7437 0.324601
10.747 0.324526
10.7503 0.324585
10.7536 0.324512
10.7569 0.324448
10.7602 0.324517
10.7636 0.324577
10.7669 0.324505
10.7702 0.324567
10.7735 0.324621
10.7768 0.324543
10.7801 0.3246
10.7834 0.32465
10.7867 0.324569
10.7901 0.324623
10.7934 0.32467
10.7967 0.324586
10.8 0.324513
10.8033 0.324574
10.8066 0.324502
10.8099 0.324439
10.8132 0.324509
10.8166 0.324571
10.8199 0.324499
10.8232 0.324562
10.8265 0.324617
10.8298 0.32454
10.8331 0.324597
10.8364 0.324648
10.8397 0.324567
10.843 0.324621
10.8464 0.324668
10.8497 0.324585
10.853 0.324512
10.8563 0.324573
10.8596 0.324501
10.8629 0.324438
10.8662 0.324509
10.8695 0.32457
10.8729 0.324499
10.8762 0.324561
10.8795 0.324616
10.8828 0.324539
10.8861 0.324597
10.8894 0.324647
10.8927 0.324566
10.896 0.324621
10.8994 0.324668
10.9027 0.324584
10.906 0.324511
10.9093 0.324572
10.9126 0.324501
10.9159 0.324438
10.9192 0.324509
10.9225 0.32457
10.9258 0.324499
10.9292 0.324561
10.9325 0.324616
10.9358 0.324539
10.9391 0.324597
10.9424 0.324647
10.9457 0.324566
10.949 0.32462
10.9523 0.324668
10.9557 0.324584
10.959 0.324511
10.9623 0.324572
10.9656 0.324501
10.9689 0.324438
10.9722 0.324509
10.9755 0.32457
10.9788 0.324499
10.9822 0.324561
10.9855 0.324616
10.9888 0.324539
10.9921 0.324597
10.9954 0.324647
10.9987 0.324566
11.002 0.32462
11.0053 0.324668
11.0086 0.324584
11.012 0.324511
11.0153 0.324572
11.0186 0.324501
11.0219 0.324438
11.0252 0.324509
11.0285 0.32457
11.0318 0.324499
11.0351 0.324561
11.0385 0.324616
11.0418 0.324539
11.0451 0.324597
11.0484 0.324647
11.0517 0.324566
11.055 0.32462
11.0583 0.324668
11.0616 0.324584
11.065 0.324511
11.0683 0.324572
11.0716 0.324626
11.0749 0.324548
11.0782 0.324604
11.0815 0.324654
11.0848 0.324572
11.0881 0.324625
11.0914 0.324672
11.0948 0.324588
11.0981 0.32464
11.1014 0.324685
11.1047 0.324599
11.108 0.324649
11.1113 0.324693
11.1146 0.324606
11.1179 0.324531
11.1213 0.324589
11.1246 0.324641
11.1279 0.324561
11.1312 0.324616
11.1345 0.324664
11.1378 0.324581
11.1411 0.324633
11.1444 0.324679
11.1477 0.324594
11.1511 0.324645
11.1544 0.324689
11.1577 0.324603
11.161 0.324528
11.1643 0.324587
11.1676 0.324513
11.1709 0.324449
11.1742 0.324518
11.1776 0.324578
11.1809 0.324506
11.1842 0.324568
11.1875 0.324622
11.1908 0.324544
11.1941 0.324601
11.1974 0.324651
11.2007 0.32457
11.2041 0.324623
11.2074 0.32467
11.2107 0.324587
11.214 0.324513
11.2173 0.324949
11.2206 0.32533
11.2239 0.325539
11.2272 0.325847
11.2305 0.326116
11.2339 0.326351
11.2372 0.326558
11.2405 0.326738
11.2438 0.326896
11.2471 0.327034
11.2504 0.327154
11.2537 0.32726
11.257 0.327353
11.2604 0.327434
11.2637 0.327504
11.267 0.327441
11.2703 0.327511
11.2736 0.327572
11.2769 0.327501
11.2802 0.327563
11.2835 0.327618
11.2869 0.327666
11.2902 0.327707
11.2935 0.327744
11.2968 0.327776
11.3001 0.327804
11.3034 0.327828
11.3067 0.32785
11.31 0.327869
11.3133 0.327885
11.3167 0.327899
11.32 0.327787
11.3233 0.327814
11.3266 0.327837
11.3299 0.327732
11.3332 0.327766
11.3365 0.327795
11.3398 0.327821
11.3432 0.327843
11.3465 0.327863
11.3498 0.32788
11.3531 0.327895
11.3564 0.327908
11.3597 0.32792
11.363 0.32793
11.3663 0.327938
11.3697 0.327946
11.373 0.327828
11.3763 0.327849
11.3796 0.327868
11.3829 0.32776
11.3862 0.32779
11.3895 0.327816
11.3928 0.327839
11.3961 0.327859
11.3995 0.327877
11.4028 0.327892
11.4061 0.327906
11.4094 0.327917
11.4127 0.327928
11.416 0.327937
11.4193 0.327945
11.4226 0.327952
11.426 0.327833
11.4293 0.327854
11.4326 0.327872
11.4359 0.327763
11.4392 0.327793
11.4425 0.327818
11.4458 0.327841
11.4491 0.327861
11.4525 0.327878
11.4558 0.327894
11.4591 0.327907
11.4624 0.327919
11.4657 0.327929
11.469 0.327938
11.4723 0.327945
11.4756 0.327952
11.4789 0.327833
11.4823 0.327854
11.4856 0.327872
11.4889 0.327888
11.4922 0.327902
11.4955 0.327914
11.4988 0.327925
11.5021 0.327934
11.5054 0.327943
11.5088 0.32795
11.5121 0.327956
11.5154 0.327962
11.5187 0.327966
11.522 0.327971
11.5253 0.327974
11.5286 0.327977
11.5319 0.327855
11.5353 0.327873
11.5386 0.327889
11.5419 0.327903
11.5452 0.327915
11.5485 0.327926
11.5518 0.327935
11.5551 0.327943
11.5584 0.32795
11.5617 0.327956
11.5651 0.327962
11.5684 0.327967
11.5717 0.327971
11.575 0.327849
11.5783 0.327868
11.5816 0.327885
11.5849 0.327774
11.5882 0.327802
11.5916 0.327827
11.5949 0.327849
11.5982 0.327868
11.6015 0.327884
11.6048 0.327899
11.6081 0.327911
11.6114 0.327922
11.6147 0.327932
11.6181 0.327941
11.6214 0.327948
11.6247 0.327955
11.628 0.327835
11.6313 0.327856
11.6346 0.327874
11.6379 0.327765
11.6412 0.327794
11.6445 0.32782
11.6479 0.327842
11.6512 0.327862
11.6545 0.327879
11.6578 0.327894
11.6611 0.327908
11.6644 0.327919
11.6677 0.327929
11.671 0.327938
11.6744 0.327946
11.6777 0.327953
11.681 0.327834
11.6843 0.327854
11.6876 0.327873
11.6909 0.327763
11.6942 0.327793
11.6975 0.327819
11.7009 0.327842
11.7042 0.327861
11.7075 0.327879
11.7108 0.327894
11.7141 0.327907
11.7174 0.327919
11.7207 0.327929
11.724 0.327938
11.7273 0.327946
11.7307 0.327952
11.734 0.327833
11.7373 0.327854
11.7406 0.327872
11.7439 0.327763
11.7472 0.327793
11.7505 0.327819
11.7538 0.327841
11.7572 0.327861
11.7605 0.327879
11.7638 0.327894
11.7671 0.327907
11.7704 0.327919
11.7737 0.327929
11.777 0.327938
11.7803 0.327946
11.7837 0.327952
11.787 0.327833
11.7903 0.327854
11.7936 0.327872
11.7969 0.327763
11.8002 0.327793
11.8035 0.327819
11.8068 0.327841
11.8101 0.327861
11.8135 0.327879
11.8168 0.327894
11.8201 0.327907
11.8234 0.327919
11.8267 0.327929
11.83 0.327938
11.8333 0.327946
11.8366 0.327952
11.84 0.327833
11.8433 0.327854
11.8466 0.327872
11.8499 0.327763
11.8532 0.327793
11.8565 0.327819
11.8598 0.327841
11.8631 0.327861
11.8665 0.327879
11.8698 0.327894
11.8731 0.327907
11.8764 0.328294
11.8797 0.328632
11.883 0.329053
11.8863 0.329296
11.8896 0.329509
11.8929 0.329696
11.8963 0.329859
11.8996 0.330001
11.9029 0.330126
11.9062 0.33036
11.9095 0.33044
11.9128 0.33051
11.9161 0.330697
11.9194 0.330734
11.9228 0.330768
11.9261 0.330922
11.9294 0.330931
11.9327 0.33094
11.936 0.331073
11.9393 0.331063
11.9426 0.331056
11.9459 0.331049
11.9493 0.331043
11.9526 0.331037
11.9559 0.331033
11.9592 0.331153
11.9625 0.331134
11.9658 0.331118
11.9691 0.331228
11.9724 0.331199
11.9757 0.331174
11.9791 0.331278
11.9824 0.331243
11.9857 0.331213
11.989 0.331186
11.9923 0.331163
11.9956 0.331142
11.9989 0.331125
12.0022 0.331109
12.0056 0.331095
12.0089 0.331083
12.0122 0.331198
12.0155 0.331173
12.0188 0.331152
12.0221 0.331258
12.0254 0.331225
12.0287 0.331197
12.0321 0.331298
12.0354 0.33126
12.0387 0.331228
12.042 0.331199
12.0453 0.331174
12.0486 0.331153
12.0519 0.331134
12.0552 0.331117
12.0585 0.331102
12.0619 0.331089
12.0652 0.331203
12.0685 0.331178
12.0718 0.331156
12.0751 0.331261
12.0784 0.331229
12.0817 0.3312
12.085 0.3313
12.0884 0.331262
12.0917 0.33123
12.095 0.331201
12.0983 0.331176
12.1016 0.331154
12.1049 0.331135
12.1082 0.331118
12.1115 0.331103
12.1149 0.33109
12.1182 0.331204
12.1215 0.331178
12.1248 0.331156
12.1281 0.331262
12.1314 0.331229
12.1347 0.3312
12.138 0.3313
12.1413 0.331263
12.1447 0.33123
12.148 0.331201
12.1513 0.331176
12.1546 0.331154
12.1579 0.331135
12.1612 0.331118
12.1645 0.331103
12.1678 0.33109
12.1712 0.331204
12.1745 0.331178
12.1778 0.331156
12.1811 0.331262
12.1844 0.331229
12.1877 0.3312
12.191 0.3313
12.1943 0.331263
12.1977 0.33123
12.201 0.331201
12.2043 0.331176
12.2076 0.331154
12.2109 0.331135
12.2142 0.331118
12.2175 0.331103
12.2208 0.33109
12.2241 0.331204
12.2275 0.331178
12.2308 0.331156
12.2341 0.331262
12.2374 0.331229
12.2407 0.3312
12.244 0.3313
12.2473 0.331263
12.2506 0.33123
12.254 0.331201
12.2573 0.331176
12.2606 0.331154
12.2639 0.331135
12.2672 0.331118
12.2705 0.331103
12.2738 0.33109
12.2771 0.331204
12.2805 0.331178
12.2838 0.331156
12.2871 0.331262
12.2904 0.331229
12.2937 0.3312
12.297 0.3313
12.3003 0.331263
12.3036 0.33123
12.3069 0.331201
12.3103 0.331176
12.3136 0.331154
12.3169 0.331135
12.3202 0.331243
12.3235 0.331213
12.3268 0.331186
12.3301 0.331288
12.3334 0.331252
12.3368 0.33122
12.3401 0.331318
12.3434 0.331278
12.3467 0.331243
12.35 0.331338
12.3533 0.331296
12.3566 0.331259
12.3599 0.331226
12.3633 0.331198
12.3666 0.331173
12.3699 0.331152
12.3732 0.331258
12.3765 0.331225
12.3798 0.331197
12.3831 0.331298
12.3864 0.33126
12.3897 0.331228
12.3931 0.331324
12.3964 0.331284
12.3997 0.331248
12.403 0.331217
12.4063 0.33119
12.4096 0.331166
12.4129 0.331146
12.4162 0.331127
12.4196 0.331111
12.4229 0.331098
12.4262 0.33121
12.4295 0.331184
12.4328 0.331161
12.4361 0.331266
12.4394 0.331233
12.4427 0.331204
12.4461 0.331303
12.4494 0.331265
12.4527 0.331232
12.456 0.331203
12.4593 0.331178
12.4626 0.331155
12.4659 0.331136
12.4692 0.331119
12.4725 0.331104
12.4759 0.331091
12.4792 0.331205
12.4825 0.331179
12.4858 0.331157
12.4891 0.331262
12.4924 0.331229
12.4957 0.331201
12.499 0.331301
12.5024 0.331263
12.5057 0.33123
12.509 0.331201
12.5123 0.331176
12.5156 0.331154
12.5189 0.331135
12.5222 0.331118
12.5255 0.331103
12.5289 0.33109
12.5322 0.331204
12.5355 0.331179
12.5388 0.331531
12.5421 0.331965
12.5454 0.332344
12.5487 0.332551
12.552 0.332857
12.5553 0.333125
12.5587 0.333235
12.562 0.33333
12.5653 0.333539
12.5686 0.333597
12.5719 0.333647
12.5752 0.333816
12.5785 0.333839
12.5818 0.333859
12.5852 0.334002
12.5885 0.334127
12.5918 0.334111
12.5951 0.334222
12.5984 0.334319
12.6017 0.334279
