0.0905768 1
0.182886 361
0.276809 1081
0.370731 1801
0.462998 2521
0.46631 3241
0.55692 3961
0.560232 4681
0.563544 5401
0.650842 6121
0.654154 6841
0.657466 7561
0.660778 8281
0.743109 9001
0.746421 9721
0.749733 10441
0.753045 11161
0.756357 11881
0.759669 12601
0.835375 13321
0.838687 14041
0.841999 14761
0.845311 15481
0.848623 16201
0.851935 16921
0.855247 17641
0.858559 18361
0.861871 19081
0.927642 19801
0.930954 20521
0.934266 21241
0.937578 21961
0.94089 22681
0.944202 23401
0.947514 24121
0.950826 24841
0.954138 25561
0.95745 26281
0.960762 27001
0.964074 27721
0.967386 28441
0.970698 29161
1.02156 29881
1.02488 30601
1.02819 31321
1.0315 32041
1.03481 32761
1.03812 33481
1.04144 34201
1.04475 34921
1.04806 35641
1.05137 36361
1.05468 37081
1.058 37801
1.06131 38521
1.06462 39241
1.06793 39961
1.07124 40681
1.07456 41401
1.07787 42121
1.08118 42841
1.08449 43561
1.0878 44281
1.11549 45001
1.1188 45721
1.12211 46441
1.12542 47161
1.12873 47881
1.13205 48601
1.13536 49321
1.13867 50041
1.14198 50761
1.14529 51481
1.14861 52201
1.15192 52921
1.15523 53641
1.15854 54361
1.16185 55081
1.16517 55801
1.16848 56521
1.17179 57241
1.1751 57961
1.17841 58681
1.18173 59401
1.18504 60121
1.18835 60841
1.19166 61561
1.19497 62281
1.19829 63001
1.2016 63721
1.20491 64441
1.20822 65161
1.21153 65881
1.21485 66601
1.21816 67321
1.22147 68041
1.22478 68761
1.22809 69481
1.23141 70201
1.23472 70921
1.23803 71641
1.24134 72361
1.24465 73081
1.24797 73801
1.25128 74521
1.25459 75241
1.2579 75961
1.26121 76681
1.26453 77401
1.26784 78121
1.27115 78841
1.27446 79561
1.27777 80281
1.28109 81001
1.2844 81721
1.28771 82441
1.29102 83161
1.29433 83881
1.29765 84601
1.30096 85321
1.30427 86041
1.30758 86761
1.31089 87481
1.31421 88201
1.31752 88921
1.32083 89641
1.32414 90361
1.32745 91081
1.33077 91801
1.33408 92521
1.33739 93241
1.3407 93961
1.34401 94681
1.34733 95401
1.35064 96121
1.35395 96841
1.35726 97561
1.36057 98281
1.36389 99001
1.3672 99721
1.37051 100441
1.37382 101161
1.37713 101881
1.38045 102601
1.38376 103321
1.38707 104041
1.39038 104761
1.39369 105481
1.39701 106201
1.40032 106921
1.40363 107641
1.40694 108361
1.41025 109081
1.41357 109801
1.41688 110521
1.42019 111241
1.4235 111961
1.42681 112681
1.43013 113401
1.43344 114121
1.43675 114841
1.44006 115561
1.44337 116281
1.44669 117001
1.45 117721
1.45331 118441
1.45662 119161
1.45993 119881
1.46325 120601
1.46656 121321
1.46987 122041
1.47318 122761
1.47649 123481
1.47981 124201
1.48312 124921
1.48643 125641
1.48974 126361
1.49305 127081
1.49637 127801
1.49968 128521
1.50299 129241
1.5063 129961
1.50961 130681
1.51293 131401
1.51624 132121
1.51955 132841
1.52286 133561
1.52617 134281
1.52949 135001
1.5328 135721
1.53611 136441
1.53942 137161
1.54273 137881
1.54605 138601
1.54936 139321
1.55267 140041
1.55598 140761
1.55929 141481
1.56261 142201
1.56592 142921
1.56923 143641
1.57254 144361
1.57585 145081
1.57917 145801
1.58248 146521
1.58579 147241
1.5891 147961
1.59241 148681
1.59573 149401
1.59904 150121
1.60235 150841
1.60566 151561
1.60897 152281
1.61229 153001
1.6156 153721
1.61891 154441
1.62222 155161
1.62553 155881
1.62885 156601
1.63216 157321
1.63547 158041
1.63878 158761
1.64209 159481
1.64541 160201
1.64872 160921
1.65203 161641
1.65534 162361
1.65865 163081
1.66197 163801
1.66528 164521
1.66859 165241
1.6719 165961
1.67521 166681
1.67853 167401
1.68184 168121
1.68515 168841
1.68846 169561
1.69177 170281
1.69509 171001
1.6984 171721
1.70171 172441
1.70502 173161
1.70833 173881
1.71165 174601
1.71496 175321
1.71827 176041
1.72158 176761
1.72489 177481
1.72821 178201
1.73152 178921
1.73483 179641
1.73814 180361
1.74145 181081
1.74477 181801
1.74808 182521
1.75139 183241
1.7547 183961
1.75801 184681
1.76133 185401
1.76464 186121
1.76795 186841
1.77126 187561
1.77457 188281
1.77789 189001
1.7812 189721
1.78451 190441
1.78782 191161
1.79113 191881
1.79445 192601
1.7978 192961
2.00976 215281
2.01138 239761
2.01469 240481
2.01801 241201
2.02132 241921
2.02463 242641
2.02794 243361
2.03125 244081
2.03457 244801
2.03788 245521
2.04119 246241
2.0445 246961
2.04781 247681
2.05113 248401
2.05444 249121
2.05775 249841
2.06106 250561
2.06437 251281
2.06769 252001
2.071 252721
2.07431 253441
2.07762 254161
2.08093 254881
2.08425 255601
2.08756 256321
2.09087 257041
2.09418 257761
2.09749 258481
2.10081 259201
2.10412 259921
2.10743 260641
2.11074 261361
2.11405 261721
2.11737 262441
2.12068 263161
2.12399 263881
2.1273 264601
2.13061 265321
2.13393 266041
2.13724 266761
2.14055 267481
2.14386 268201
2.14717 268921
2.15049 269641
2.1538 270361
2.15711 271081
2.16042 271801
2.16373 272521
2.16705 273241
2.17036 273961
2.17367 274681
2.17698 275401
2.18029 276121
2.18361 276841
2.18692 277561
2.19023 278281
2.19354 279001
2.19685 279721
2.20017 280441
2.20348 281161
2.20679 281881
2.2101 282601
2.21341 283321
2.21673 284041
2.22004 284761
2.22335 285481
2.22666 286201
2.22997 286921
2.23329 287641
2.2366 288361
2.23991 289081
2.24322 289801
2.24653 290521
2.24985 291241
2.25316 291961
2.25647 292681
2.25978 293401
2.26309 294121
2.26641 294841
2.26972 295561
2.27303 296281
2.27634 297001
2.27965 297721
2.28297 298441
2.28628 299161
2.28959 299881
2.2929 300601
2.29621 301321
2.29953 302041
2.30284 302761
2.30615 303481
2.30946 304201
2.31277 304921
2.31609 305641
2.3194 306361
2.32271 307081
2.32602 307801
2.32933 308521
2.33265 309241
2.33596 309961
2.33927 310681
2.34258 311401
2.34589 312121
2.34921 312841
2.35252 313561
2.35583 314281
2.35914 315001
2.36245 315721
2.36577 316441
2.36908 317161
2.37239 317881
2.3757 318601
2.37901 319321
2.38233 320041
2.38564 320761
2.38895 321481
2.39226 322201
2.39557 322921
2.39889 323641
2.4022 324361
2.40551 325081
2.40882 325801
2.41213 326521
2.41545 327241
2.41876 327961
2.42207 328681
2.42538 329401
2.42869 330121
2.43201 330841
2.43532 331561
2.43863 332281
2.44194 333001
2.44525 333721
2.44857 334441
2.45188 335161
2.45519 335881
2.4585 336601
2.46181 337321
2.46513 338041
2.46844 338761
2.47175 339481
2.47506 340201
2.47837 340921
2.48169 341641
2.485 342361
2.48831 343081
2.49162 343801
2.49493 344521
2.49825 345241
2.50156 345961
2.50487 346681
2.50818 347401
2.51149 348121
2.51481 348841
2.51812 349561
2.52143 350281
2.52474 351001
2.52805 351721
2.53137 352441
2.53468 353161
2.53799 353881
2.5413 354601
2.54461 355321
2.54793 356041
2.55124 356761
2.55455 357481
2.55786 358201
2.56117 358921
2.56449 359641
2.5678 360361
2.57111 361081
2.57442 361801
2.57773 362521
2.58105 363241
2.58436 363961
2.58767 364681
2.59098 365401
2.59429 366121
2.59761 366841
2.60092 367561
2.60423 368281
2.60754 369001
2.61085 369721
2.61417 370441
2.61748 371161
2.62079 371881
2.6241 372601
2.62741 373321
2.63073 374041
2.63404 374761
2.63735 375481
2.64066 376201
2.64397 376921
2.64729 377641
2.6506 378361
2.65391 379081
2.65722 379801
2.66053 380521
2.66385 381241
2.66716 381961
2.67047 382681
2.67378 383401
2.67709 384121
2.68041 384841
2.68372 385561
2.68703 386281
2.69034 387001
2.69365 387721
2.69697 388441
2.70028 389161
2.70359 389881
2.7069 390601
2.71021 391321
2.71353 392041
2.71684 392761
2.72015 393481
2.72346 394201
2.72677 394921
2.73009 395641
2.7334 396361
2.73671 397081
2.74002 397801
2.74333 398521
2.74665 399241
2.74996 399961
2.75327 400681
2.75658 401401
2.75989 402121
2.76321 402841
2.76652 403561
2.76983 404281
2.77314 405001
2.77645 405721
2.77977 406441
2.78308 407161
2.78639 407881
2.7897 408601
2.79301 409321
2.79633 410041
2.79964 410761
2.80295 411481
2.80626 412201
2.80957 412921
2.81289 413641
2.8162 414361
2.81951 415081
2.82282 415801
2.82613 416521
2.82945 417241
2.83276 417961
2.83607 418681
2.83938 419401
2.84269 420121
2.84601 420841
2.84932 421561
2.85263 422281
2.85594 423001
2.85925 423721
2.86257 424441
2.86588 425161
2.86919 425881
2.8725 426601
2.87581 427321
2.87913 428041
2.88244 428761
2.88575 429481
2.88906 430201
2.89237 430921
2.89569 431641
2.899 432361
2.90231 433081
2.90562 433801
2.90893 434521
2.91225 435241
2.91556 435961
2.91887 436681
2.92218 437401
2.92549 438121
2.92881 438841
2.93212 439561
2.93543 440281
2.93874 441001
2.94205 441721
2.94537 442441
2.94868 443161
2.95199 443881
2.9553 444601
2.95861 445321
2.96193 446041
2.96524 446761
2.96855 447481
2.97186 448201
2.97517 448921
2.97849 449641
2.9818 450361
2.98511 451081
2.98842 451801
2.99173 452521
2.99505 453241
2.99836 453961
3.00167 454681
3.00498 455401
3.00829 456121
3.01161 456841
3.01492 457561
3.01823 458281
3.02154 459001
3.02485 459721
3.02817 460441
3.03148 461161
3.03479 461881
3.0381 462601
3.04141 463321
3.04473 464041
3.04804 464761
3.05135 465481
3.05466 466201
3.05797 466921
3.06129 467641
3.0646 468361
3.06791 469081
3.07122 469801
3.07453 470521
3.07785 471241
3.08116 471961
3.08447 472681
3.08778 473401
3.09109 474121
3.09441 474841
3.09772 475561
3.10103 476281
3.10434 477001
3.10765 477721
3.11097 478441
3.11428 479161
3.11759 479881
3.1209 480601
3.12421 481321
3.12753 482041
3.13084 482761
3.13415 483481
3.13746 484201
3.14077 484921
3.14409 485641
3.1474 486361
3.15071 487081
3.15402 487801
3.15733 488521
3.16065 489241
3.16396 489961
3.16727 490681
3.17058 491401
3.17389 492121
3.17721 492841
3.18052 493561
3.18383 494281
3.18714 495001
3.19045 495721
3.19377 496441
3.19708 497161
3.20039 497881
3.2037 498601
3.20701 499321
3.21033 500041
3.21364 500761
3.21695 501481
3.22026 502201
3.22357 502921
3.22689 503641
3.2302 504361
3.23351 505081
3.23682 505801
3.24013 506521
3.24345 507241
3.24676 507961
3.25007 508681
3.25338 509401
3.25669 510121
3.26001 510841
3.26332 511561
3.26663 512281
3.26994 513001
3.27325 513721
3.27657 514441
3.27988 515161
3.28319 515881
3.2865 516601
3.28981 517321
3.29313 518041
3.29644 518761
3.29975 519481
3.30306 520201
3.30637 520921
3.30969 521641
3.313 522361
3.31631 523081
3.31962 523801
3.32293 524521
3.32625 525241
3.32956 525961
3.33287 526681
3.33618 527401
3.33949 528121
3.34281 528841
3.34612 529561
3.34943 530281
3.35274 531001
3.35605 531721
3.35937 532441
3.36268 533161
3.36599 533881
3.3693 534601
3.37261 535321
3.37592 536041
3.37924 536761
3.38255 537481
3.38586 538201
3.38917 538921
3.39248 539641
3.3958 540361
3.39911 541081
3.40242 541801
3.40573 542521
3.40904 543241
3.41236 543961
3.41567 544681
3.41898 545401
3.42229 546121
3.4256 546841
3.42892 547561
3.43223 548281
3.43554 549001
3.43885 549721
3.44216 550441
3.44548 551161
3.44879 551881
3.4521 552601
3.45541 553321
3.45872 554041
3.46204 554761
3.46535 555481
3.46866 556201
3.47197 556921
3.47528 557641
3.4786 558361
3.48191 559081
3.48522 559801
3.48853 560521
3.49184 561241
3.49516 561961
3.49847 562681
3.50178 563401
3.50509 564121
3.5084 564841
3.51172 565561
3.51503 566281
3.51834 567001
3.52165 567721
3.52496 568441
3.52828 569161
3.53159 569881
3.5349 570601
3.53821 571321
3.54152 572041
3.54484 572761
3.54815 573481
3.55146 574201
3.55477 574921
3.55808 575641
3.5614 576361
3.56471 577081
3.56802 577801
3.57133 578521
3.57464 579241
3.57796 579961
3.58127 580681
3.58458 581401
3.58789 582121
3.5912 582841
3.59452 583561
3.59783 584281
3.60114 585001
3.60445 585721
3.60776 586441
3.61108 587161
3.61439 587881
3.6177 588601
3.62101 589321
3.62432 590041
3.62764 590761
3.63095 591481
3.63426 592201
3.63757 592921
3.64088 593641
3.6442 594361
3.64751 595081
3.65082 595801
3.65413 596521
3.65744 597241
3.66076 597961
3.66407 598681
3.66738 599401
3.67069 600121
3.674 600841
3.67732 601561
3.68063 602281
3.68394 603001
3.68725 603721
3.69056 604441
3.69388 605161
3.69719 605881
3.7005 606601
3.70381 607321
3.70712 608041
3.71044 608761
3.71375 609481
3.71706 610201
3.72037 610921
3.72368 611641
3.727 612361
3.73031 613081
3.73362 613801
3.73693 614521
3.74024 615241
3.74356 615961
3.74687 616681
3.75018 617401
3.75349 618121
3.7568 618841
3.76012 619561
3.76343 620281
3.76674 621001
3.77005 621721
3.77336 622441
3.77668 623161
3.77999 623881
3.7833 624601
3.78661 625321
3.78992 626041
3.79324 626761
3.79655 627481
3.79986 628201
3.80317 628921
3.80648 629641
3.8098 630361
3.81311 631081
3.81642 631801
3.81973 632521
3.82304 633241
3.82636 633961
3.82967 634681
3.83298 635401
3.83629 636121
3.8396 636841
3.84292 637561
3.84623 638281
3.84954 639001
3.85285 639721
3.85616 640441
3.85948 641161
3.86279 641881
3.8661 642601
3.86941 643321
3.87272 644041
3.87604 644761
3.87935 645481
3.88266 646201
3.88597 646921
3.88928 647641
3.8926 648361
3.89591 649081
3.89922 649801
3.90253 650521
3.90584 651241
3.90916 651961
3.91247 652681
3.91578 653401
3.91909 654121
3.9224 654841
3.92572 655561
3.92903 656281
3.93234 657001
3.93565 657721
3.93896 658441
3.94228 659161
3.94559 659881
3.9489 660601
3.95221 661321
3.95552 662041
3.95884 662761
3.96215 663481
3.96546 664201
3.96877 664921
3.97208 665641
3.9754 666361
3.97871 667081
3.98202 667801
3.98533 668521
3.98864 669241
3.99196 669961
3.99527 670681
3.99858 671401
4.00189 672121
4.0052 672841
4.00852 673561
4.01183 674281
4.01514 675001
4.01845 675721
4.02176 676441
4.02508 677161
4.02839 677881
4.0317 678601
4.03501 679321
4.03832 680041
4.04164 680761
4.04495 681481
4.04826 682201
4.05157 682921
4.05488 683641
4.0582 684361
4.06151 685081
4.06482 685801
4.06813 686521
4.07144 687241
4.07476 687961
4.07807 688681
4.08138 689401
4.08469 690121
4.088 690841
4.09132 691561
4.09463 692281
4.09794 693001
4.10125 693721
4.10456 694441
4.10788 695161
4.11119 695881
4.1145 696601
4.11781 697321
4.12112 698041
4.12444 698761
4.12775 699481
4.13106 700201
4.13437 700921
4.13768 701641
4.141 702361
4.14431 703081
4.14762 703801
4.15093 704521
4.15424 705241
4.15756 705961
4.16087 706681
4.16418 707401
4.16749 708121
4.1708 708841
4.17412 709561
4.17743 710281
4.18074 711001
4.18405 711721
4.18736 712441
4.19068 713161
4.19399 713881
4.1973 714601
4.20061 715321
4.20392 716041
4.20724 716761
4.21055 717481
4.21386 718201
4.21717 718921
4.22048 719641
4.2238 720361
4.22711 721081
4.23042 721801
4.23373 722521
4.23704 723241
4.24036 723961
4.24367 724681
4.24698 725401
4.25029 726121
4.2536 726841
4.25692 727561
4.26023 728281
4.26354 729001
4.26685 729721
4.27016 730441
4.27348 731161
4.27679 731881
4.2801 732601
4.28341 733321
4.28672 734041
4.29004 734761
4.29335 735481
4.29666 736201
4.29997 736921
4.30328 737641
4.3066 738361
4.30991 739081
4.31322 739801
4.31653 740521
4.31984 741241
4.32316 741961
4.32647 742681
4.32978 743401
4.33309 744121
4.3364 744841
4.33972 745561
4.34303 746281
4.34634 747001
4.34965 747721
4.35296 748441
4.35628 749161
4.35959 749881
4.3629 750601
4.36621 751321
4.36952 752041
4.37284 752761
4.37615 753481
4.37946 754201
4.38277 754921
4.38608 755641
4.3894 756361
4.39271 757081
4.39602 757801
4.39933 758521
4.40264 759241
4.40596 759961
4.40927 760681
4.41258 761401
4.41589 762121
4.4192 762841
4.42252 763561
4.42583 764281
4.42914 765001
4.43245 765721
4.43576 766441
4.43908 767161
4.44239 767881
4.4457 768601
4.44901 769321
4.45232 770041
4.45564 770761
4.45895 771481
4.46226 772201
4.46557 772921
4.46888 773641
4.4722 774361
4.47551 775081
4.47882 775801
4.48213 776521
4.48544 777241
4.48876 777961
4.49207 778681
4.49538 779401
4.49869 780121
4.502 780841
4.50532 781561
4.50863 782281
4.51194 783001
4.51525 783721
4.51856 784441
4.52188 785161
4.52519 785881
4.5285 786601
4.53181 787321
4.53512 788041
4.53844 788761
4.54175 789481
4.54506 790201
4.54837 790921
4.55168 791641
4.555 792361
4.55831 793081
4.56162 793801
4.56493 794521
4.56824 795241
4.57156 795961
4.57487 796681
4.57818 797401
4.58149 798121
4.5848 798841
4.58812 799561
4.59143 800281
4.59474 801001
4.59805 801721
4.60136 802441
4.60468 803161
4.60799 803881
4.6113 804601
4.61461 805321
4.61792 806041
4.62124 806761
4.62455 807481
4.62786 808201
4.63117 808921
4.63448 809641
4.6378 810361
4.64111 811081
4.64442 811801
4.64773 812521
4.65104 813241
4.65436 813961
4.65767 814681
4.66098 815401
4.66429 816121
4.6676 816841
4.67092 817561
4.67423 818281
4.67754 819001
4.68085 819721
4.68416 820441
4.68748 821161
4.69079 821881
4.6941 822601
4.69741 823321
4.70072 824041
4.70404 824761
4.70735 825481
4.71066 826201
4.71397 826921
4.71728 827641
4.7206 828361
4.72391 829081
4.72722 829801
4.73053 830521
4.73384 831241
4.73716 831961
4.74047 832681
4.74378 833401
4.74709 834121
4.7504 834841
4.75372 835561
4.75703 836281
4.76034 837001
4.76365 837721
4.76696 838441
4.77028 839161
4.77359 839881
4.7769 840601
4.78021 841321
4.78352 842041
4.78684 842761
4.79015 843481
4.79346 844201
4.79677 844921
4.80008 845641
4.8034 846361
4.80671 847081
4.81002 847801
4.81333 848521
4.81664 849241
4.81996 849961
4.82327 850681
4.82658 851401
4.82989 852121
4.8332 852841
4.83652 853561
4.83983 854281
4.84314 855001
4.84645 855721
4.84976 856441
4.85308 857161
4.85639 857881
4.8597 858601
4.86301 859321
4.86632 860041
4.86964 860761
4.87295 861481
4.87626 862201
4.87957 862921
4.88288 863641
4.8862 864361
4.88951 865081
4.89282 865801
4.89613 866521
4.89944 867241
4.90276 867961
4.90607 868681
4.90938 869401
4.91269 870121
4.916 870841
4.91932 871561
4.92263 872281
4.92594 873001
4.92925 873721
4.93256 874441
4.93588 875161
4.93919 875881
4.9425 876601
4.94581 877321
4.94912 878041
4.95244 878761
4.95575 879481
4.95906 880201
4.96237 880921
4.96568 881641
4.969 882361
4.97231 883081
4.97562 883801
4.97893 884521
4.98224 885241
4.98556 885961
4.98887 886681
4.99218 887401
4.99549 888121
4.9988 888841
5.00212 889561
5.00543 890281
5.00874 891001
5.01205 891721
5.01536 892441
5.01868 893161
5.02199 893881
5.0253 894601
5.02861 895321
5.03192 896041
5.03524 896761
5.03855 897481
5.04186 898201
5.04517 898921
5.04848 899641
5.0518 900361
5.05511 901081
5.05842 901801
5.06173 902521
5.06504 903241
5.06836 903961
5.07167 904681
5.07498 905401
5.07829 906121
5.0816 906841
5.08492 907561
5.08823 908281
5.09154 909001
5.09485 909721
5.09816 910441
5.10148 911161
5.10479 911881
5.1081 912601
5.11141 913321
5.11472 914041
5.11804 914761
5.12135 915481
5.12466 916201
5.12797 916921
5.13128 917641
5.1346 918361
5.13791 919081
5.14122 919801
5.14453 920521
5.14784 921241
5.15116 921961
5.15447 922681
5.15778 923401
5.16109 924121
5.1644 924841
5.16772 925561
5.17103 926281
5.17434 927001
5.17765 927721
5.18096 928441
5.18428 929161
5.18759 929881
5.1909 930601
5.19421 931321
5.19752 932041
5.20084 932761
5.20415 933481
5.20746 934201
5.21077 934921
5.21408 935641
5.2174 936361
5.22071 937081
5.22402 937801
5.22733 938521
5.23064 939241
5.23396 939961
5.23727 940681
5.24058 941401
5.24389 942121
5.2472 942841
5.25052 943561
5.25383 944281
5.25714 945001
5.26045 945721
5.26376 946441
5.26708 947161
5.27039 947881
5.2737 948601
5.27701 949321
5.28032 950041
5.28364 950761
5.28695 951481
5.29026 952201
5.29357 952921
5.29688 953641
5.3002 954361
5.30351 955081
5.30682 955801
5.31013 956521
5.31344 957241
5.31676 957961
5.32007 958681
5.32338 959401
5.32669 960121
5.33 960841
5.33332 961561
5.33663 962281
5.33994 963001
5.34325 963721
5.34656 964441
5.34988 965161
5.35319 965881
5.3565 966601
5.35981 967321
5.36312 968041
5.36644 968761
5.36975 969481
5.37306 970201
5.37637 970921
5.37968 971641
5.383 972361
5.38631 973081
5.38962 973801
5.39293 974521
5.39624 975241
5.39956 975961
5.40287 976681
5.40618 977401
5.40949 978121
5.4128 978841
5.41612 979561
5.41943 980281
5.42274 981001
5.42605 981721
5.42936 982441
5.43268 983161
5.43599 983881
5.4393 984601
5.44261 985321
5.44592 986041
5.44924 986761
5.45255 987481
5.45586 988201
5.45917 988921
5.46248 989641
5.4658 990361
5.46911 991081
5.47242 991801
5.47573 992521
5.47904 993241
5.48236 993961
5.48567 994681
5.48898 995401
5.49229 996121
5.4956 996841
5.49892 997561
5.50223 998281
5.50554 999001
5.50885 999721
5.51216 1000441
5.51548 1001161
5.51879 1001881
5.5221 1002601
5.52541 1003321
5.52872 1004041
5.53204 1004761
5.53535 1005481
5.53866 1006201
5.54197 1006921
5.54528 1007641
5.5486 1008361
5.55191 1009081
5.55522 1009801
5.55853 1010521
5.56184 1011241
5.56516 1011961
5.56847 1012681
5.57178 1013401
5.57509 1014121
5.5784 1014841
5.58172 1015561
5.58503 1016281
5.58834 1017001
5.59165 1017721
5.59496 1018441
5.59828 1019161
5.60159 1019881
5.6049 1020601
5.60821 1021321
5.61152 1022041
5.61484 1022761
5.61815 1023481
5.62146 1024201
5.62477 1024921
5.62808 1025641
5.6314 1026361
5.63471 1027081
5.63802 1027801
5.64133 1028521
5.64464 1029241
5.64796 1029961
5.65127 1030681
5.65458 1031401
5.65789 1032121
5.6612 1032841
5.66452 1033561
5.66783 1034281
5.67114 1035001
5.67445 1035721
5.67776 1036441
5.68108 1037161
5.68439 1037881
5.6877 1038601
5.69101 1039321
5.69432 1040041
5.69764 1040761
5.70095 1041481
5.70426 1042201
5.70757 1042921
5.71088 1043641
5.7142 1044361
5.71751 1045081
5.72082 1045801
5.72413 1046521
5.72744 1047241
5.73076 1047961
5.73407 1048681
5.73738 1049401
5.74069 1050121
5.744 1050841
5.74732 1051561
5.75063 1052281
5.75394 1053001
5.75725 1053721
5.76056 1054441
5.76388 1055161
5.76719 1055881
5.7705 1056601
5.77381 1057321
5.77712 1058041
5.78044 1058761
5.78375 1059481
5.78706 1060201
5.79037 1060921
5.79368 1061641
5.797 1062361
5.80031 1063081
5.80362 1063801
5.80693 1064521
5.81024 1065241
5.81356 1065961
5.81687 1066681
5.82018 1067401
5.82349 1068121
5.8268 1068841
5.83012 1069561
5.83343 1070281
5.83674 1071001
5.84005 1071721
5.84336 1072441
5.84668 1073161
5.84999 1073881
5.8533 1074601
5.85661 1075321
5.85992 1076041
5.86324 1076761
5.86655 1077481
5.86986 1078201
5.87317 1078921
5.87648 1079641
5.8798 1080361
5.88311 1081081
5.88642 1081801
5.88973 1082521
5.89304 1083241
5.89636 1083961
5.89967 1084681
5.90298 1085401
5.90629 1086121
5.9096 1086841
5.91292 1087561
5.91623 1088281
5.91954 1089001
5.92285 1089721
5.92616 1090441
5.92948 1091161
5.93279 1091881
5.9361 1092601
5.93941 1093321
5.94272 1094041
5.94604 1094761
5.94935 1095481
5.95266 1096201
5.95597 1096921
5.95928 1097641
5.9626 1098361
5.96591 1099081
5.96922 1099801
5.97253 1100521
5.97584 1101241
5.97916 1101961
5.98247 1102681
5.98578 1103401
5.98909 1104121
5.9924 1104841
5.99572 1105561
5.99903 1106281
6.00234 1107001
6.00565 1107721
6.00896 1108441
6.01228 1109161
6.01559 1109881
6.0189 1110601
6.02221 1111321
6.02552 1112041
6.02884 1112761
6.03215 1113481
6.03546 1114201
6.03877 1114921
6.04208 1115641
6.0454 1116361
6.04871 1117081
6.05202 1117801
6.05533 1118521
6.05864 1119241
6.06196 1119961
6.06527 1120681
6.06858 1121401
6.07189 1122121
6.0752 1122841
6.07852 1123561
6.08183 1124281
6.08514 1125001
6.08845 1125721
6.09176 1126441
6.09508 1127161
6.09839 1127881
6.1017 1128601
6.10501 1129321
6.10832 1130041
6.11164 1130761
6.11495 1131481
6.11826 1132201
6.12157 1132921
6.12488 1133641
6.1282 1134361
6.13151 1135081
6.13482 1135801
6.13813 1136521
6.14144 1137241
6.14476 1137961
6.14807 1138681
6.15138 1139401
6.15469 1140121
6.158 1140841
6.16132 1141561
6.16463 1142281
6.16794 1143001
6.17125 1143721
6.17456 1144441
6.17788 1145161
6.18119 1145881
6.1845 1146601
6.18781 1147321
6.19112 1148041
6.19444 1148761
6.19775 1149481
6.20106 1150201
6.20437 1150921
6.20768 1151641
6.211 1152361
6.21431 1153081
6.21762 1153801
6.22093 1154521
6.22424 1155241
6.22756 1155961
6.23087 1156681
6.23418 1157401
6.23749 1158121
6.2408 1158841
6.24412 1159561
6.24743 1160281
6.25074 1161001
6.25405 1161721
6.25736 1162441
6.26068 1163161
6.26399 1163881
6.2673 1164601
6.27061 1165321
6.27392 1166041
6.27724 1166761
6.28055 1167481
6.28386 1168201
6.28717 1168921
6.29048 1169641
6.2938 1170361
6.29711 1171081
6.30042 1171801
6.30373 1172521
6.30704 1173241
6.31036 1173961
6.31367 1174681
6.31698 1175401
6.32029 1176121
6.3236 1176841
6.32692 1177561
6.33023 1178281
6.33354 1179001
6.33685 1179721
6.34016 1180441
6.34348 1181161
6.34679 1181881
6.3501 1182601
6.35341 1183321
6.35672 1184041
6.36004 1184761
6.36335 1185481
6.36666 1186201
6.36997 1186921
6.37328 1187641
6.3766 1188361
6.37991 1189081
6.38322 1189801
6.38653 1190521
6.38984 1191241
6.39316 1191961
6.39647 1192681
6.39978 1193401
6.40309 1194121
6.4064 1194841
6.40972 1195561
6.41303 1196281
6.41634 1197001
6.41965 1197721
6.42296 1198441
6.42628 1199161
6.42959 1199881
6.4329 1200601
6.43621 1201321
6.43952 1202041
6.44284 1202761
6.44615 1203481
6.44946 1204201
6.45277 1204921
6.45608 1205641
6.4594 1206361
6.46271 1207081
6.46602 1207801
6.46933 1208521
6.47264 1209241
6.47596 1209961
6.47927 1210681
6.48258 1211401
6.48589 1212121
6.4892 1212841
6.49252 1213561
6.49583 1214281
6.49914 1215001
6.50245 1215721
6.50576 1216441
6.50908 1217161
6.51239 1217881
6.5157 1218601
6.51901 1219321
6.52232 1220041
6.52564 1220761
6.52895 1221481
6.53226 1222201
6.53557 1222921
6.53888 1223641
6.5422 1224361
6.54551 1225081
6.54882 1225801
6.55213 1226521
6.55544 1227241
6.55876 1227961
6.56207 1228681
6.56538 1229401
6.56869 1230121
6.572 1230841
6.57532 1231561
6.57863 1232281
6.58194 1233001
6.58525 1233721
6.58856 1234441
6.59188 1235161
6.59519 1235881
6.5985 1236601
6.60181 1237321
6.60512 1238041
6.60844 1238761
6.61175 1239481
6.61506 1240201
6.61837 1240921
6.62168 1241641
6.625 1242361
6.62831 1243081
6.63162 1243801
6.63493 1244521
6.63824 1245241
6.64156 1245961
6.64487 1246681
6.64818 1247401
6.65149 1248121
6.6548 1248841
6.65812 1249561
6.66143 1250281
6.66474 1251001
6.66805 1251721
6.67136 1252441
6.67468 1253161
6.67799 1253881
6.6813 1254601
6.68461 1255321
6.68792 1256041
6.69123 1256761
6.69455 1257481
6.69786 1258201
6.70117 1258921
6.70448 1259641
6.70779 1260361
6.71111 1261081
6.71442 1261801
6.71773 1262521
6.72104 1263241
6.72435 1263961
6.72767 1264681
6.73098 1265401
6.73429 1266121
6.7376 1266841
6.74091 1267561
6.74423 1268281
6.74754 1269001
6.75085 1269721
6.75416 1270441
6.75747 1271161
6.76079 1271881
6.7641 1272601
6.76741 1273321
6.77072 1274041
6.77403 1274761
6.77735 1275481
6.78066 1276201
6.78397 1276921
6.78728 1277641
6.79059 1278361
6.79391 1279081
6.79722 1279801
6.80053 1280521
6.80384 1281241
6.80715 1281961
6.81047 1282681
6.81378 1283401
6.81709 1284121
6.8204 1284841
6.82371 1285561
6.82703 1286281
6.83034 1287001
6.83365 1287721
6.83696 1288441
6.84027 1289161
6.84359 1289881
6.8469 1290601
6.85021 1291321
6.85352 1292041
6.85683 1292761
6.86015 1293481
6.86346 1294201
6.86677 1294921
6.87008 1295641
6.87339 1296361
6.87671 1297081
6.88002 1297801
6.88333 1298521
6.88664 1299241
6.88995 1299961
6.89327 1300681
6.89658 1301401
6.89989 1302121
6.9032 1302841
6.90651 1303561
6.90983 1304281
6.91314 1305001
6.91645 1305721
6.91976 1306441
6.92307 1307161
6.92639 1307881
6.9297 1308601
6.93301 1309321
6.93632 1310041
6.93963 1310761
6.94295 1311481
6.94626 1312201
6.94957 1312921
6.95288 1313641
6.95619 1314361
6.95951 1315081
6.96282 1315801
6.96613 1316521
6.96944 1317241
6.97275 1317961
6.97607 1318681
6.97938 1319401
6.98269 1320121
6.986 1320841
6.98931 1321561
6.99263 1322281
6.99594 1323001
6.99925 1323721
7.00256 1324441
7.00587 1325161
7.00919 1325881
7.0125 1326601
7.01581 1327321
7.01912 1328041
7.02243 1328761
7.02575 1329481
7.02906 1330201
7.03237 1330921
7.03568 1331641
7.03899 1332361
7.04231 1333081
7.04562 1333801
7.04893 1334521
7.05224 1335241
7.05555 1335961
7.05887 1336681
7.06218 1337401
7.06549 1338121
7.0688 1338841
7.07211 1339561
7.07543 1340281
7.07874 1341001
7.08205 1341721
7.08536 1342441
7.08867 1343161
7.09199 1343881
7.0953 1344601
7.09861 1345321
7.10192 1346041
7.10523 1346761
7.10855 1347481
7.11186 1348201
7.11517 1348921
7.11848 1349641
7.12179 1350361
7.12511 1351081
7.12842 1351801
7.13173 1352521
7.13504 1353241
7.13835 1353961
7.14167 1354681
7.14498 1355401
7.14829 1356121
7.1516 1356841
7.15491 1357561
7.15823 1358281
7.16154 1359001
7.16485 1359721
7.16816 1360441
7.17147 1361161
7.17479 1361881
7.1781 1362601
7.18141 1363321
7.18472 1364041
7.18803 1364761
7.19135 1365481
7.19466 1366201
7.19797 1366921
7.20128 1367641
7.20459 1368361
7.20791 1369081
7.21122 1369801
7.21453 1370521
7.21784 1371241
7.22115 1371961
7.22447 1372681
7.22778 1373401
7.23109 1374121
7.2344 1374841
7.23771 1375561
7.24103 1376281
7.24434 1377001
7.24765 1377721
7.25096 1378441
7.25427 1379161
7.25759 1379881
7.2609 1380601
7.26421 1381321
7.26752 1382041
7.27083 1382761
7.27415 1383481
7.27746 1384201
7.28077 1384921
7.28408 1385641
7.28739 1386361
7.29071 1387081
7.29402 1387801
7.29733 1388521
7.30064 1389241
7.30395 1389961
7.30727 1390681
7.31058 1391401
7.31389 1392121
7.3172 1392841
7.32051 1393561
7.32383 1394281
7.32714 1395001
7.33045 1395721
7.33376 1396441
7.33707 1397161
7.34039 1397881
7.3437 1398601
7.34701 1399321
7.35032 1400041
7.35363 1400761
7.35695 1401481
7.36026 1402201
7.36357 1402921
7.36688 1403641
7.37019 1404361
7.37351 1405081
7.37682 1405801
7.38013 1406521
7.38344 1407241
7.38675 1407961
7.39007 1408681
7.39338 1409401
7.39669 1410121
7.4 1410841
7.40331 1411561
7.40663 1412281
7.40994 1413001
7.41325 1413721
7.41656 1414441
7.41987 1415161
7.42319 1415881
7.4265 1416601
7.42981 1417321
7.43312 1418041
7.43643 1418761
7.43975 1419481
7.44306 1420201
7.44637 1420921
7.44968 1421641
7.45299 1422361
7.45631 1423081
7.45962 1423801
7.46293 1424521
7.46624 1425241
7.46955 1425961
7.47287 1426681
7.47618 1427401
7.47949 1428121
7.4828 1428841
7.48611 1429561
7.48943 1430281
7.49274 1431001
7.49605 1431721
7.49936 1432441
7.50267 1433161
7.50599 1433881
7.5093 1434601
7.51261 1435321
7.51592 1436041
7.51923 1436761
7.52255 1437481
7.52586 1438201
7.52917 1438921
7.53248 1439641
7.53579 1440361
7.53911 1441081
7.54242 1441801
7.54573 1442521
7.54904 1443241
7.55235 1443961
7.55567 1444681
7.55898 1445401
7.56229 1446121
7.5656 1446841
7.56891 1447561
7.57223 1448281
7.57554 1449001
7.57885 1449721
7.58216 1450441
7.58547 1451161
7.58879 1451881
7.5921 1452601
7.59541 1453321
7.59872 1454041
7.60203 1454761
7.60535 1455481
7.60866 1456201
7.61197 1456921
7.61528 1457641
7.61859 1458361
7.62191 1459081
7.62522 1459801
7.62853 1460521
7.63184 1461241
7.63515 1461961
7.63847 1462681
7.64178 1463401
7.64509 1464121
7.6484 1464841
7.65171 1465561
7.65503 1466281
7.65834 1467001
7.66165 1467721
7.66496 1468441
7.66827 1469161
7.67159 1469881
7.6749 1470601
7.67821 1471321
7.68152 1472041
7.68483 1472761
7.68815 1473481
7.69146 1474201
7.69477 1474921
7.69808 1475641
7.70139 1476361
7.70471 1477081
7.70802 1477801
7.71133 1478521
7.71464 1479241
7.71795 1479961
7.72127 1480681
7.72458 1481401
7.72789 1482121
7.7312 1482841
7.73451 1483561
7.73783 1484281
7.74114 1485001
7.74445 1485721
7.74776 1486441
7.75107 1487161
7.75439 1487881
7.7577 1488601
7.76101 1489321
7.76432 1490041
7.76763 1490761
7.77095 1491481
7.77426 1492201
7.77757 1492921
7.78088 1493641
7.78419 1494361
7.78751 1495081
7.79082 1495801
7.79413 1496521
7.79744 1497241
7.80075 1497961
7.80407 1498681
7.80738 1499401
7.81069 1500121
7.814 1500841
7.81731 1501561
7.82063 1502281
7.82394 1503001
7.82725 1503721
7.83056 1504441
7.83387 1505161
7.83719 1505881
7.8405 1506601
7.84381 1507321
7.84712 1508041
7.85043 1508761
7.85375 1509481
7.85706 1510201
7.86037 1510921
7.86368 1511641
7.86699 1512361
7.87031 1513081
7.87362 1513801
7.87693 1514521
7.88024 1515241
7.88355 1515961
7.88687 1516681
7.89018 1517401
7.89349 1518121
7.8968 1518841
7.90011 1519561
7.90343 1520281
7.90674 1521001
7.91005 1521721
7.91336 1522441
7.91667 1523161
7.91999 1523881
7.9233 1524601
7.92661 1525321
7.92992 1526041
7.93323 1526761
7.93655 1527481
7.93986 1528201
7.94317 1528921
7.94648 1529641
7.94979 1530361
7.95311 1531081
7.95642 1531801
7.95973 1532521
7.96304 1533241
7.96635 1533961
7.96967 1534681
7.97298 1535401
7.97629 1536121
7.9796 1536841
7.98291 1537561
7.98623 1538281
7.98954 1539001
7.99285 1539721
7.99616 1540441
7.99947 1541161
8.00279 1541881
8.0061 1542601
8.00941 1543321
8.01272 1544041
8.01603 1544761
8.01935 1545481
8.02266 1546201
8.02597 1546921
8.02928 1547641
8.03259 1548361
8.03591 1549081
8.03922 1549801
8.04253 1550521
8.04584 1551241
8.04915 1551961
8.05247 1552681
8.05578 1553401
8.05909 1554121
8.0624 1554841
8.06571 1555561
8.06903 1556281
8.07234 1557001
8.07565 1557721
8.07896 1558441
8.08227 1559161
8.08559 1559881
8.0889 1560601
8.09221 1561321
8.09552 1562041
8.09883 1562761
8.10215 1563481
8.10546 1564201
8.10877 1564921
8.11208 1565641
8.11539 1566361
8.11871 1567081
8.12202 1567801
8.12533 1568521
8.12864 1569241
8.13195 1569961
8.13527 1570681
8.13858 1571401
8.14189 1572121
8.1452 1572841
8.14851 1573561
8.15183 1574281
8.15514 1575001
8.15845 1575721
8.16176 1576441
8.16507 1577161
8.16839 1577881
8.1717 1578601
8.17501 1579321
8.17832 1580041
8.18163 1580761
8.18495 1581481
8.18826 1582201
8.19157 1582921
8.19488 1583641
8.19819 1584361
8.20151 1585081
8.20482 1585801
8.20813 1586521
8.21144 1587241
8.21475 1587961
8.21807 1588681
8.22138 1589401
8.22469 1590121
8.228 1590841
8.23131 1591561
8.23463 1592281
8.23794 1593001
8.24125 1593721
8.24456 1594441
8.24787 1595161
8.25119 1595881
8.2545 1596601
8.25781 1597321
8.26112 1598041
8.26443 1598761
8.26775 1599481
8.27106 1600201
8.27437 1600921
8.27768 1601641
8.28099 1602361
8.28431 1603081
8.28762 1603801
8.29093 1604521
8.29424 1605241
8.29755 1605961
8.30087 1606681
8.30418 1607401
8.30749 1608121
8.3108 1608841
8.31411 1609561
8.31743 1610281
8.32074 1611001
8.32405 1611721
8.32736 1612441
8.33067 1613161
8.33399 1613881
8.3373 1614601
8.34061 1615321
8.34392 1616041
8.34723 1616761
8.35055 1617481
8.35386 1618201
8.35717 1618921
8.36048 1619641
8.36379 1620361
8.36711 1621081
8.37042 1621801
8.37373 1622521
8.37704 1623241
8.38035 1623961
8.38367 1624681
8.38698 1625401
8.39029 1626121
8.3936 1626841
8.39691 1627561
8.40023 1628281
8.40354 1629001
8.40685 1629721
8.41016 1630441
8.41347 1631161
8.41679 1631881
8.4201 1632601
8.42341 1633321
8.42672 1634041
8.43003 1634761
8.43335 1635481
8.43666 1636201
8.43997 1636921
8.44328 1637641
8.44659 1638361
8.44991 1639081
8.45322 1639801
8.45653 1640521
8.45984 1641241
8.46315 1641961
8.46647 1642681
8.46978 1643401
8.47309 1644121
8.4764 1644841
8.47971 1645561
8.48303 1646281
8.48634 1647001
8.48965 1647721
8.49296 1648441
8.49627 1649161
8.49959 1649881
8.5029 1650601
8.50621 1651321
8.50952 1652041
8.51283 1652761
8.51615 1653481
8.51946 1654201
8.52277 1654921
8.52608 1655641
8.52939 1656361
8.53271 1657081
8.53602 1657801
8.53933 1658521
8.54264 1659241
8.54595 1659961
8.54927 1660681
8.55258 1661401
8.55589 1662121
8.5592 1662841
8.56251 1663561
8.56583 1664281
8.56914 1665001
8.57245 1665721
8.57576 1666441
8.57907 1667161
8.58239 1667881
8.5857 1668601
8.58901 1669321
8.59232 1670041
8.59563 1670761
8.59895 1671481
8.60226 1672201
8.60557 1672921
8.60888 1673641
8.61219 1674361
8.61551 1675081
8.61882 1675801
8.62213 1676521
8.62544 1677241
8.62875 1677961
8.63207 1678681
8.63538 1679401
8.63869 1680121
8.642 1680841
8.64531 1681561
8.64863 1682281
8.65194 1683001
8.65525 1683721
8.65856 1684441
8.66187 1685161
8.66519 1685881
8.6685 1686601
8.67181 1687321
8.67512 1688041
8.67843 1688761
8.68175 1689481
8.68506 1690201
8.68837 1690921
8.69168 1691641
8.69499 1692361
8.69831 1693081
8.70162 1693801
8.70493 1694521
8.70824 1695241
8.71155 1695961
8.71487 1696681
8.71818 1697401
8.72149 1698121
8.7248 1698841
8.72811 1699561
8.73143 1700281
8.73474 1701001
8.73805 1701721
8.74136 1702441
8.74467 1703161
8.74799 1703881
8.7513 1704601
8.75461 1705321
8.75792 1706041
8.76123 1706761
8.76455 1707481
8.76786 1708201
8.77117 1708921
8.77448 1709641
8.77779 1710361
8.78111 1711081
8.78442 1711801
8.78773 1712521
8.79104 1713241
8.79435 1713961
8.79767 1714681
8.80098 1715401
8.80429 1716121
8.8076 1716841
8.81091 1717561
8.81423 1718281
8.81754 1719001
8.82085 1719721
8.82416 1720441
8.82747 1721161
8.83079 1721881
8.8341 1722601
8.83741 1723321
8.84072 1724041
8.84403 1724761
8.84735 1725481
8.85066 1726201
8.85397 1726921
8.85728 1727641
8.86059 1728361
8.86391 1729081
8.86722 1729801
8.87053 1730521
8.87384 1731241
8.87715 1731961
8.88047 1732681
8.88378 1733401
8.88709 1734121
8.8904 1734841
8.89371 1735561
8.89703 1736281
8.90034 1737001
8.90365 1737721
8.90696 1738441
8.91027 1739161
8.91359 1739881
8.9169 1740601
8.92021 1741321
8.92352 1742041
8.92683 1742761
8.93015 1743481
8.93346 1744201
8.93677 1744921
8.94008 1745641
8.94339 1746361
8.94671 1747081
8.95002 1747801
8.95333 1748521
8.95664 1749241
8.95995 1749961
8.96327 1750681
8.96658 1751401
8.96989 1752121
8.9732 1752841
8.97651 1753561
8.97983 1754281
8.98314 1755001
8.98645 1755721
8.98976 1756441
8.99307 1757161
8.99639 1757881
8.9997 1758601
9.00301 1759321
9.00632 1760041
9.00963 1760761
9.01295 1761481
9.01626 1762201
9.01957 1762921
9.02288 1763641
9.02619 1764361
9.02951 1765081
9.03282 1765801
9.03613 1766521
9.03944 1767241
9.04275 1767961
9.04607 1768681
9.04938 1769401
9.05269 1770121
9.056 1770841
9.05931 1771561
9.06263 1772281
9.06594 1773001
9.06925 1773721
9.07256 1774441
9.07587 1775161
9.07919 1775881
9.0825 1776601
9.08581 1777321
9.08912 1778041
9.09243 1778761
9.09575 1779481
9.09906 1780201
9.10237 1780921
9.10568 1781641
9.10899 1782361
9.11231 1783081
9.11562 1783801
9.11893 1784521
9.12224 1785241
9.12555 1785961
9.12887 1786681
9.13218 1787401
9.13549 1788121
9.1388 1788841
9.14211 1789561
9.14543 1790281
9.14874 1791001
9.15205 1791721
9.15536 1792441
9.15867 1793161
9.16199 1793881
9.1653 1794601
9.16861 1795321
9.17192 1796041
9.17523 1796761
9.17855 1797481
9.18186 1798201
9.18517 1798921
9.18848 1799641
9.19179 1800361
9.19511 1801081
9.19842 1801801
9.20173 1802521
9.20504 1803241
9.20835 1803961
9.21167 1804681
9.21498 1805401
9.21829 1806121
9.2216 1806841
9.22491 1807561
9.22823 1808281
9.23154 1809001
9.23485 1809721
9.23816 1810441
9.24147 1811161
9.24479 1811881
9.2481 1812601
9.25141 1813321
9.25472 1814041
9.25803 1814761
9.26135 1815481
9.26466 1816201
9.26797 1816921
9.27128 1817641
9.27459 1818361
9.27791 1819081
9.28122 1819801
9.28453 1820521
9.28784 1821241
9.29115 1821961
9.29447 1822681
9.29778 1823401
9.30109 1824121
9.3044 1824841
9.30771 1825561
9.31103 1826281
9.31434 1827001
9.31765 1827721
9.32096 1828441
9.32427 1829161
9.32759 1829881
9.3309 1830601
9.33421 1831321
9.33752 1832041
9.34083 1832761
9.34415 1833481
9.34746 1834201
9.35077 1834921
9.35408 1835641
9.35739 1836361
9.36071 1837081
9.36402 1837801
9.36733 1838521
9.37064 1839241
9.37395 1839961
9.37727 1840681
9.38058 1841401
9.38389 1842121
9.3872 1842841
9.39051 1843561
9.39383 1844281
9.39714 1845001
9.40045 1845721
9.40376 1846441
9.40707 1847161
9.41039 1847881
9.4137 1848601
9.41701 1849321
9.42032 1850041
9.42363 1850761
9.42695 1851481
9.43026 1852201
9.43357 1852921
9.43688 1853641
9.44019 1854361
9.44351 1855081
9.44682 1855801
9.45013 1856521
9.45344 1857241
9.45675 1857961
9.46007 1858681
9.46338 1859401
9.46669 1860121
9.47 1860841
9.47331 1861561
9.47663 1862281
9.47994 1863001
9.48325 1863721
9.48656 1864441
9.48987 1865161
9.49319 1865881
9.4965 1866601
9.49981 1867321
9.50312 1868041
9.50643 1868761
9.50975 1869481
9.51306 1870201
9.51637 1870921
9.51968 1871641
9.52299 1872361
9.52631 1873081
9.52962 1873801
9.53293 1874521
9.53624 1875241
9.53955 1875961
9.54287 1876681
9.54618 1877401
9.54949 1878121
9.5528 1878841
9.55611 1879561
9.55943 1880281
9.56274 1881001
9.56605 1881721
9.56936 1882441
9.57267 1883161
9.57599 1883881
9.5793 1884601
9.58261 1885321
9.58592 1886041
9.58923 1886761
9.59255 1887481
9.59586 1888201
9.59917 1888921
9.60248 1889641
9.60579 1890361
9.60911 1891081
9.61242 1891801
9.61573 1892521
9.61904 1893241
9.62235 1893961
9.62567 1894681
9.62898 1895401
9.63229 1896121
9.6356 1896841
9.63891 1897561
9.64223 1898281
9.64554 1899001
9.64885 1899721
9.65216 1900441
9.65547 1901161
9.65879 1901881
9.6621 1902601
9.66541 1903321
9.66872 1904041
9.67203 1904761
9.67535 1905481
9.67866 1906201
9.68197 1906921
9.68528 1907641
9.68859 1908361
9.69191 1909081
9.69522 1909801
9.69853 1910521
9.70184 1911241
9.70515 1911961
9.70847 1912681
9.71178 1913401
9.71509 1914121
9.7184 1914841
9.72171 1915561
9.72503 1916281
9.72834 1917001
9.73165 1917721
9.73496 1918441
9.73827 1919161
9.74159 1919881
9.7449 1920601
9.74821 1921321
9.75152 1922041
9.75483 1922761
9.75815 1923481
9.76146 1924201
9.76477 1924921
9.76808 1925641
9.77139 1926361
9.77471 1927081
9.77802 1927801
9.78133 1928521
9.78464 1929241
9.78795 1929961
9.79127 1930681
9.79458 1931401
9.79789 1932121
9.8012 1932841
9.80451 1933561
9.80783 1934281
9.81114 1935001
9.81445 1935721
9.81776 1936441
9.82107 1937161
9.82439 1937881
9.8277 1938601
9.83101 1939321
9.83432 1940041
9.83763 1940761
9.84095 1941481
9.84426 1942201
9.84757 1942921
9.85088 1943641
9.85419 1944361
9.85751 1945081
9.86082 1945801
9.86413 1946521
9.86744 1947241
9.87075 1947961
9.87407 1948681
9.87738 1949401
9.88069 1950121
9.884 1950841
9.88731 1951561
9.89063 1952281
9.89394 1953001
9.89725 1953721
9.90056 1954441
9.90387 1955161
9.90719 1955881
9.9105 1956601
9.91381 1957321
9.91712 1958041
9.92043 1958761
9.92375 1959481
9.92706 1960201
9.93037 1960921
9.93368 1961641
9.93699 1962361
9.94031 1963081
9.94362 1963801
9.94693 1964521
9.95024 1965241
9.95355 1965961
9.95687 1966681
9.96018 1967401
9.96349 1968121
9.9668 1968841
9.97011 1969561
9.97343 1970281
9.97674 1971001
9.98005 1971721
9.98336 1972441
9.98667 1973161
9.98999 1973881
9.9933 1974601
9.99661 1975321
9.99992 1976041
10.0032 1976761
10.0065 1977481
10.0099 1978201
10.0132 1978921
10.0165 1979641
10.0198 1980361
10.0231 1981081
10.0264 1981801
10.0297 1982521
10.033 1983241
10.0364 1983961
10.0397 1984681
10.043 1985401
10.0463 1986121
10.0496 1986841
10.0529 1987561
10.0562 1988281
10.0595 1989001
10.0628 1989721
10.0662 1990441
10.0695 1991161
10.0728 1991881
10.0761 1992601
10.0794 1993321
10.0827 1994041
10.086 1994761
10.0893 1995481
10.0927 1996201
10.096 1996921
10.0993 1997641
10.1026 1998361
10.1059 1999081
10.1092 1999801
10.1125 2000521
10.1158 2001241
10.1192 2001961
10.1225 2002681
10.1258 2003401
10.1291 2004121
10.1324 2004841
10.1357 2005561
10.139 2006281
10.1423 2007001
10.1456 2007721
10.149 2008441
10.1523 2009161
10.1556 2009881
10.1589 2010601
10.1622 2011321
10.1655 2012041
10.1688 2012761
10.1721 2013481
10.1755 2014201
10.1788 2014921
10.1821 2015641
10.1854 2016361
10.1887 2017081
10.192 2017801
10.1953 2018521
10.1986 2019241
10.202 2019961
10.2053 2020681
10.2086 2021401
10.2119 2022121
10.2152 2022841
10.2185 2023561
10.2218 2024281
10.2251 2025001
10.2284 2025721
10.2318 2026441
10.2351 2027161
10.2384 2027881
10.2417 2028601
10.245 2029321
10.2483 2030041
10.2516 2030761
10.2549 2031481
10.2583 2032201
10.2616 2032921
10.2649 2033641
10.2682 2034361
10.2715 2035081
10.2748 2035801
10.2781 2036521
10.2814 2037241
10.2848 2037961
10.2881 2038681
10.2914 2039401
10.2947 2040121
10.298 2040841
10.3013 2041561
10.3046 2042281
10.3079 2043001
10.3112 2043721
10.3146 2044441
10.3179 2045161
10.3212 2045881
10.3245 2046601
10.3278 2047321
10.3311 2048041
10.3344 2048761
10.3377 2049481
10.3411 2050201
10.3444 2050921
10.3477 2051641
10.351 2052361
10.3543 2053081
10.3576 2053801
10.3609 2054521
10.3642 2055241
10.3676 2055961
10.3709 2056681
10.3742 2057401
10.3775 2058121
10.3808 2058841
10.3841 2059561
10.3874 2060281
10.3907 2061001
10.394 2061721
10.3974 2062441
10.4007 2063161
10.404 2063881
10.4073 2064601
10.4106 2065321
10.4139 2066041
10.4172 2066761
10.4205 2067481
10.4239 2068201
10.4272 2068921
10.4305 2069641
10.4338 2070361
10.4371 2071081
10.4404 2071801
10.4437 2072521
10.447 2073241
10.4504 2073961
10.4537 2074681
10.457 2075401
10.4603 2076121
10.4636 2076841
10.4669 2077561
10.4702 2078281
10.4735 2079001
10.4768 2079721
10.4802 2080441
10.4835 2081161
10.4868 2081881
10.4901 2082601
10.4934 2083321
10.4967 2084041
10.5 2084761
10.5033 2085481
10.5067 2086201
10.51 2086921
10.5133 2087641
10.5166 2088361
10.5199 2089081
10.5232 2089801
10.5265 2090521
10.5298 2091241
10.5332 2091961
10.5365 2092681
10.5398 2093401
10.5431 2094121
10.5464 2094841
10.5497 2095561
10.553 2096281
10.5563 2097001
10.5596 2097721
10.563 2098441
10.5663 2099161
10.5696 2099881
10.5729 2100601
10.5762 2101321
10.5795 2102041
10.5828 2102761
10.5861 2103481
10.5895 2104201
10.5928 2104921
10.5961 2105641
10.5994 2106361
10.6027 2107081
10.606 2107801
10.6093 2108521
10.6126 2109241
10.616 2109961
10.6193 2110681
10.6226 2111401
10.6259 2112121
10.6292 2112841
10.6325 2113561
10.6358 2114281
10.6391 2115001
10.6424 2115721
10.6458 2116441
10.6491 2117161
10.6524 2117881
10.6557 2118601
10.659 2119321
10.6623 2120041
10.6656 2120761
10.6689 2121481
10.6723 2122201
10.6756 2122921
10.6789 2123641
10.6822 2124361
10.6855 2125081
10.6888 2125801
10.6921 2126521
10.6954 2127241
10.6988 2127961
10.7021 2128681
10.7054 2129401
10.7087 2130121
10.712 2130841
10.7153 2131561
10.7186 2132281
10.7219 2133001
10.7252 2133721
10.7286 2134441
10.7319 2135161
10.7352 2135881
10.7385 2136601
10.7418 2137321
10.7451 2138041
10.7484 2138761
10.7517 2139481
10.7551 2140201
10.7584 2140921
10.7617 2141641
10.765 2142361
10.7683 2143081
10.7716 2143801
10.7749 2144521
10.7782 2145241
10.7816 2145961
10.7849 2146681
10.7882 2147401
10.7915 2148121
10.7948 2148841
10.7981 2149561
10.8014 2150281
10.8047 2151001
10.808 2151721
10.8114 2152441
10.8147 2153161
10.818 2153881
10.8213 2154601
10.8246 2155321
10.8279 2156041
10.8312 2156761
10.8345 2157481
10.8379 2158201
10.8412 2158921
10.8445 2159641
10.8478 2160361
10.8511 2161081
10.8544 2161801
10.8577 2162521
10.861 2163241
10.8644 2163961
10.8677 2164681
10.871 2165401
10.8743 2166121
10.8776 2166841
10.8809 2167561
10.8842 2168281
10.8875 2169001
10.8908 2169721
10.8942 2170441
10.8975 2171161
10.9008 2171881
10.9041 2172601
10.9074 2173321
10.9107 2174041
10.914 2174761
10.9173 2175481
10.9207 2176201
10.924 2176921
10.9273 2177641
10.9306 2178361
10.9339 2179081
10.9372 2179801
10.9405 2180521
10.9438 2181241
10.9472 2181961
10.9505 2182681
10.9538 2183401
10.9571 2184121
10.9604 2184841
10.9637 2185561
10.967 2186281
10.9703 2187001
10.9736 2187721
10.977 2188441
10.9803 2189161
10.9836 2189881
10.9869 2190601
10.9902 2191321
10.9935 2192041
10.9968 2192761
11.0001 2193481
11.0035 2194201
11.0068 2194921
11.0101 2195641
11.0134 2196361
11.0167 2197081
11.02 2197801
11.0233 2198521
11.0266 2199241
11.03 2199961
11.0333 2200681
11.0366 2201401
11.0399 2202121
11.0432 2202841
11.0465 2203561
11.0498 2204281
11.0531 2205001
11.0564 2205721
11.0598 2206441
11.0631 2207161
11.0664 2207881
11.0697 2208601
11.073 2209321
11.0763 2210041
11.0796 2210761
11.0829 2211481
11.0863 2212201
11.0896 2212921
11.0929 2213641
11.0962 2214361
11.0995 2215081
11.1028 2215801
11.1061 2216521
11.1094 2217241
11.1128 2217961
11.1161 2218681
11.1194 2219401
11.1227 2220121
11.126 2220841
11.1293 2221561
11.1326 2222281
11.1359 2223001
11.1392 2223721
11.1426 2224441
11.1459 2225161
11.1492 2225881
11.1525 2226601
11.1558 2227321
11.1591 2228041
11.1624 2228761
11.1657 2229481
11.1691 2230201
11.1724 2230921
11.1757 2231641
11.179 2232361
11.1823 2233081
11.1856 2233801
11.1889 2234521
11.1922 2235241
11.1956 2235961
11.1989 2236681
11.2022 2237401
11.2055 2238121
11.2088 2238841
11.2121 2239561
11.2154 2240281
11.2187 2241001
11.222 2241721
11.2254 2242441
11.2287 2243161
11.232 2243881
11.2353 2244601
11.2386 2245321
11.2419 2246041
11.2452 2246761
11.2485 2247481
11.2519 2248201
11.2552 2248921
11.2585 2249641
11.2618 2250361
11.2651 2251081
11.2684 2251801
11.2717 2252521
11.275 2253241
11.2784 2253961
11.2817 2254681
11.285 2255401
11.2883 2256121
11.2916 2256841
11.2949 2257561
11.2982 2258281
11.3015 2259001
11.3048 2259721
11.3082 2260441
11.3115 2261161
11.3148 2261881
11.3181 2262601
11.3214 2263321
11.3247 2264041
11.328 2264761
11.3313 2265481
11.3347 2266201
11.338 2266921
11.3413 2267641
11.3446 2268361
11.3479 2269081
11.3512 2269801
11.3545 2270521
11.3578 2271241
11.3612 2271961
11.3645 2272681
11.3678 2273401
11.3711 2274121
11.3744 2274841
11.3777 2275561
11.381 2276281
11.3843 2277001
11.3876 2277721
11.391 2278441
11.3943 2279161
11.3976 2279881
11.4009 2280601
11.4042 2281321
11.4075 2282041
11.4108 2282761
11.4141 2283481
11.4175 2284201
11.4208 2284921
11.4241 2285641
11.4274 2286361
11.4307 2287081
11.434 2287801
11.4373 2288521
11.4406 2289241
11.444 2289961
11.4473 2290681
11.4506 2291401
11.4539 2292121
11.4572 2292841
11.4605 2293561
11.4638 2294281
11.4671 2295001
11.4704 2295721
11.4738 2296441
11.4771 2297161
11.4804 2297881
11.4837 2298601
11.487 2299321
11.4903 2300041
11.4936 2300761
11.4969 2301481
11.5003 2302201
11.5036 2302921
11.5069 2303641
11.5102 2304361
11.5135 2305081
11.5168 2305801
11.5201 2306521
11.5234 2307241
11.5268 2307961
11.5301 2308681
11.5334 2309401
11.5367 2310121
11.54 2310841
11.5433 2311561
11.5466 2312281
11.5499 2313001
11.5532 2313721
11.5566 2314441
11.5599 2315161
11.5632 2315881
11.5665 2316601
11.5698 2317321
11.5731 2318041
11.5764 2318761
11.5797 2319481
11.5831 2320201
11.5864 2320921
11.5897 2321641
11.593 2322361
11.5963 2323081
11.5996 2323801
11.6029 2324521
11.6062 2325241
11.6096 2325961
11.6129 2326681
11.6162 2327401
11.6195 2328121
11.6228 2328841
11.6261 2329561
11.6294 2330281
11.6327 2331001
11.636 2331721
11.6394 2332441
11.6427 2333161
11.646 2333881
11.6493 2334601
11.6526 2335321
11.6559 2336041
11.6592 2336761
11.6625 2337481
11.6659 2338201
11.6692 2338921
11.6725 2339641
11.6758 2340361
11.6791 2341081
11.6824 2341801
11.6857 2342521
11.689 2343241
11.6924 2343961
11.6957 2344681
11.699 2345401
11.7023 2346121
11.7056 2346841
11.7089 2347561
11.7122 2348281
11.7155 2349001
11.7188 2349721
11.7222 2350441
11.7255 2351161
11.7288 2351881
11.7321 2352601
11.7354 2353321
11.7387 2354041
11.742 2354761
11.7453 2355481
11.7487 2356201
11.752 2356921
11.7553 2357641
11.7586 2358361
11.7619 2359081
11.7652 2359801
11.7685 2360521
11.7718 2361241
11.7752 2361961
11.7785 2362681
11.7818 2363401
11.7851 2364121
11.7884 2364841
11.7917 2365561
11.795 2366281
11.7983 2367001
11.8016 2367721
11.805 2368441
11.8083 2369161
11.8116 2369881
11.8149 2370601
11.8182 2371321
11.8215 2372041
11.8248 2372761
11.8281 2373481
11.8315 2374201
11.8348 2374921
11.8381 2375641
11.8414 2376361
11.8447 2377081
11.848 2377801
11.8513 2378521
11.8546 2379241
11.858 2379961
11.8613 2380681
11.8646 2381401
11.8679 2382121
11.8712 2382841
11.8745 2383561
11.8778 2384281
11.8811 2385001
11.8844 2385721
11.8878 2386441
11.8911 2387161
11.8944 2387881
11.8977 2388601
11.901 2389321
11.9043 2390041
11.9076 2390761
11.9109 2391481
11.9143 2392201
11.9176 2392921
11.9209 2393641
11.9242 2394361
11.9275 2395081
11.9308 2395801
11.9341 2396521
11.9374 2397241
11.9408 2397961
11.9441 2398681
11.9474 2399401
11.9507 2400121
11.954 2400841
11.9573 2401561
11.9606 2402281
11.9639 2403001
11.9672 2403721
11.9706 2404441
11.9739 2405161
11.9772 2405881
11.9805 2406601
11.9838 2407321
11.9871 2408041
11.9904 2408761
11.9937 2409481
11.9971 2410201
12.0004 2410921
12.0037 2411641
12.007 2412361
12.0103 2413081
12.0136 2413801
12.0169 2414521
12.0202 2415241
12.0236 2415961
12.0269 2416681
12.0302 2417401
12.0335 2418121
12.0368 2418841
12.0401 2419561
12.0434 2420281
12.0467 2421001
12.05 2421721
12.0534 2422441
12.0567 2423161
12.06 2423881
12.0633 2424601
12.0666 2425321
12.0699 2426041
12.0732 2426761
12.0765 2427481
12.0799 2428201
12.0832 2428921
12.0865 2429641
12.0898 2430361
12.0931 2431081
12.0964 2431801
12.0997 2432521
12.103 2433241
12.1064 2433961
12.1097 2434681
12.113 2435401
12.1163 2436121
12.1196 2436841
12.1229 2437561
12.1262 2438281
12.1295 2439001
12.1328 2439721
12.1362 2440441
12.1395 2441161
12.1428 2441881
12.1461 2442601
12.1494 2443321
12.1527 2444041
12.156 2444761
12.1593 2445481
12.1627 2446201
12.166 2446921
12.1693 2447641
12.1726 2448361
12.1759 2449081
12.1792 2449801
12.1825 2450521
12.1858 2451241
12.1892 2451961
12.1925 2452681
12.1958 2453401
12.1991 2454121
12.2024 2454841
12.2057 2455561
12.209 2456281
12.2123 2457001
12.2156 2457721
12.219 2458441
12.2223 2459161
12.2256 2459881
12.2289 2460601
12.2322 2461321
12.2355 2462041
12.2388 2462761
12.2421 2463481
12.2455 2464201
12.2488 2464921
12.2521 2465641
12.2554 2466361
12.2587 2467081
12.262 2467801
12.2653 2468521
12.2686 2469241
12.272 2469961
12.2753 2470681
12.2786 2471401
12.2819 2472121
12.2852 2472841
12.2885 2473561
12.2918 2474281
12.2951 2475001
12.2984 2475721
12.3018 2476441
12.3051 2477161
12.3084 2477881
12.3117 2478601
12.315 2479321
12.3183 2480041
12.3216 2480761
12.3249 2481481
12.3283 2482201
12.3316 2482921
12.3349 2483641
12.3382 2484361
12.3415 2485081
12.3448 2485801
12.3481 2486521
12.3514 2487241
12.3548 2487961
12.3581 2488681
12.3614 2489401
12.3647 2490121
12.368 2490841
12.3713 2491561
12.3746 2492281
12.3779 2493001
12.3812 2493721
12.3846 2494441
12.3879 2495161
12.3912 2495881
12.3945 2496601
12.3978 2497321
12.4011 2498041
12.4044 2498761
12.4077 2499481
12.4111 2500201
12.4144 2500921
12.4177 2501641
12.421 2502361
12.4243 2503081
12.4276 2503801
12.4309 2504521
12.4342 2505241
12.4376 2505961
12.4409 2506681
12.4442 2507401
12.4475 2508121
12.4508 2508841
12.4541 2509561
12.4574 2510281
12.4607 2511001
12.464 2511721
12.4674 2512441
12.4707 2513161
12.474 2513881
12.4773 2514601
12.4806 2515321
12.4839 2516041
12.4872 2516761
12.4905 2517481
12.4939 2518201
12.4972 2518921
12.5005 2519641
12.5038 2520361
12.5071 2521081
12.5104 2521801
12.5137 2522521
12.517 2523241
12.5204 2523961
12.5237 2524681
12.527 2525401
12.5303 2526121
12.5336 2526841
12.5369 2527561
12.5402 2528281
12.5435 2529001
12.5468 2529721
12.5502 2530441
12.5535 2531161
12.5568 2531881
12.5601 2532601
12.5634 2533321
12.5667 2534041
12.57 2534761
12.5733 2535481
12.5767 2536201
12.58 2536921
12.5833 2537641
12.5866 2538361
12.5899 2539081
12.5932 2539801
12.5965 2540521
12.5998 2541242
