0.0 0
0.0905768 360
0.0905768 360
0.182886 720
0.276809 1080
0.370731 1440
0.462998 1800
0.46631 2160
0.55692 2520
0.560232 2880
0.563544 3240
0.650842 3600
0.654154 3960
0.657466 4320
0.660778 4680
0.743109 5040
0.746421 5400
0.749733 5760
0.753045 6120
0.756357 6480
0.759669 6840
0.835375 7200
0.838687 7560
0.841999 7920
0.845311 8280
0.848623 8640
0.851935 9000
0.855247 9360
0.858559 9720
0.861871 10080
0.927642 10440
0.930954 10800
0.934266 11160
0.937578 11520
0.94089 11880
0.944202 12240
0.947514 12600
0.950826 12960
0.954138 13320
0.95745 13680
0.960762 14040
0.964074 14400
0.967386 14760
0.970698 15120
1.02156 15480
1.02488 15840
1.02819 16200
1.0315 16560
1.03481 16920
1.03812 17280
1.04144 17640
1.04475 18000
1.04806 18360
1.05137 18720
1.05468 19080
1.058 19440
1.06131 19800
1.06462 20160
1.06793 20520
1.07124 20880
1.07456 21240
1.08118 21600
1.08449 21960
1.0878 22320
1.11549 22680
1.1188 23040
1.12211 23400
1.12542 23760
1.12873 24120
1.13205 24480
1.13536 24840
1.13867 25200
1.14198 25560
1.14529 25920
1.14861 26280
1.15192 26640
1.15523 27000
1.15854 27360
1.16185 27720
1.16517 28080
1.16848 28440
1.17179 28800
1.1751 29160
1.17841 29520
1.18173 29880
1.18504 30240
1.18835 30600
1.19166 30960
1.19497 31320
1.19829 31680
1.2016 32040
1.20491 32400
1.20822 32760
1.21153 33120
1.21485 33480
1.21816 33840
1.22147 34200
1.22478 34560
1.22809 34920
1.23141 35280
1.23472 35640
1.23803 36000
1.24134 36360
1.24465 36720
1.24797 37080
1.25128 37440
1.25459 37800
1.2579 38160
1.26121 38520
1.26453 38880
1.26784 39240
1.27115 39600
1.27446 39960
1.27777 40320
1.28109 40680
1.2844 41040
1.28771 41400
1.29102 41760
1.29433 42120
1.29765 42480
1.30096 42840
1.30427 43200
1.30758 43560
1.31089 43920
1.31421 44280
1.31752 44640
1.32083 45000
1.32749 45000
1.32749 38880
1.53611 38883
1.53942 38886
1.54273 38889
1.54605 38892
1.54936 38895
1.55267 38898
1.55598 38901
1.55929 38904
1.56261 38907
1.56592 38910
1.56923 38913
1.57254 38916
1.57585 38919
1.57917 38922
1.58248 38925
1.58579 38928
1.5891 38931
1.59241 38934
1.59573 38937
1.59904 38940
1.60235 38943
1.60901 38943
1.60901 33480
1.78948 33483
1.79279 33486
1.7961 33489
1.79941 33492
1.80273 33495
1.80604 33498
1.80935 33501
1.81266 33504
1.81597 33507
1.81929 33510
1.8226 33513
1.82591 33516
1.82922 33519
1.83253 33522
1.83585 33525
1.83916 33528
1.84247 33531
1.84748 33534
1.85079 33534
1.85079 28800
2.00641 28804
2.00973 28808
2.01304 28812
2.01635 28816
2.01966 28820
2.02297 28824
2.02629 28828
2.0296 28832
2.03291 28836
2.03622 28840
2.03953 28844
2.04285 28848
2.04616 28852
2.04947 28856
2.05278 28860
2.05609 28864
2.05941 28868
2.06272 28872
2.06603 28876
2.06934 28880
2.07265 28884
2.07597 28888
2.07928 28892
2.08259 28896
2.0859 28900
2.08921 28904
2.09253 28908
2.09584 28912
2.09915 28916
2.10246 28920
2.10577 28924
2.10909 28928
2.1124 28932
2.11571 28936
2.11902 28940
2.12233 28944
2.12565 28948
2.12896 28952
2.13227 28956
2.13558 28960
2.13889 28964
2.14221 28968
2.14552 28972
2.14883 28976
2.15214 28980
2.15545 28984
2.15877 28988
2.16208 28992
2.16539 28996
2.1687 29000
2.17201 29004
2.17533 29008
2.17864 29012
2.18195 29016
2.18526 29020
2.18857 29024
2.19189 29028
2.1952 29032
2.19851 29036
2.20182 29040
2.20513 29044
2.20845 29048
2.21176 29052
2.21507 29056
2.21838 29060
2.22169 29064
2.22501 29068
2.22832 29072
2.23163 29076
2.23494 29080
2.23825 29084
2.24157 29088
2.24488 29092
2.24819 29096
2.2515 29100
2.25481 29104
2.25813 29108
2.26144 29112
2.26475 29116
2.26806 29120
2.27137 29124
2.27469 29128
2.278 29132
2.28131 29136
2.28462 29140
2.28793 29144
2.29125 29148
2.29456 29152
2.29787 29156
2.30118 29160
2.30449 29164
2.30781 29168
2.31112 29172
2.31443 29176
2.31774 29180
2.32105 29184
2.32437 29188
2.32768 29192
2.33099 29196
2.3343 29200
2.33761 29204
2.34093 29208
2.34424 29212
2.34755 29216
2.35086 29220
2.35417 29224
2.35749 29228
2.3608 29232
2.36411 29236
2.36742 29240
2.37073 29244
2.37405 29248
2.37736 29252
2.38067 29256
2.38398 29260
2.38729 29264
2.39061 29268
2.39392 29272
2.39723 29276
2.40054 29280
2.40385 29284
2.40717 29288
2.41048 29292
2.41379 29296
2.4171 29300
2.42041 29304
2.42373 29308
2.42704 29312
2.43035 29316
2.43366 29320
2.43697 29324
2.44029 29328
2.4436 29332
2.44691 29336
2.45022 29340
2.45353 29344
2.45685 29348
2.46016 29352
2.46347 29356
2.46678 29360
2.47009 29364
2.47341 29368
2.47672 29372
2.48003 29376
2.48334 29380
2.48665 29384
2.48997 29388
2.49328 29392
2.49659 29396
2.4999 29400
2.50321 29404
2.50653 29408
2.50984 29412
2.51315 29416
2.51646 29420
2.51977 29424
2.52309 29428
2.5264 29432
2.52971 29436
2.53302 29440
2.53633 29444
2.53965 29448
2.54296 29452
2.54627 29456
2.54958 29460
2.55289 29464
2.55621 29468
2.55952 29472
2.56283 29476
2.56614 29480
2.56945 29484
2.57277 29488
2.57608 29492
2.57939 29496
2.5827 29500
2.58601 29504
2.58933 29508
2.59264 29512
2.59595 29516
2.59926 29520
2.60257 29524
2.60589 29528
2.6092 29532
2.61251 29536
2.61582 29540
2.61913 29544
2.62245 29548
2.62576 29552
2.62907 29556
2.63238 29560
2.63569 29564
2.63901 29568
2.64232 29572
2.64563 29576
2.64894 29580
2.65225 29584
2.65557 29588
2.65888 29592
2.66219 29596
2.6655 29600
2.66881 29604
2.67213 29608
2.67544 29612
2.67875 29616
2.68206 29620
2.68537 29624
2.68869 29628
2.692 29632
2.69531 29636
2.69862 29640
2.70193 29644
2.70525 29648
2.70856 29652
2.71187 29656
2.71518 29660
2.71849 29664
2.72181 29668
2.72512 29672
2.72843 29676
2.73174 29680
2.73505 29684
2.73837 29688
2.74168 29692
2.74499 29696
2.7483 29700
2.75161 29704
2.75493 29708
2.75824 29712
2.76155 29716
2.76486 29720
2.76817 29724
2.77149 29728
2.7748 29732
2.77811 29736
2.78142 29740
2.78473 29744
2.78805 29748
2.79136 29752
2.79467 29756
2.79798 29760
2.80129 29764
2.80461 29768
2.80792 29772
2.81123 29776
2.81454 29780
2.81785 29784
2.82117 29788
2.82448 29792
2.82779 29796
2.8311 29800
2.83441 29804
2.83773 29808
2.84104 29812
2.84435 29816
2.84766 29820
2.85097 29824
2.85429 29828
2.8576 29832
2.86091 29836
2.86422 29840
2.86753 29844
2.87085 29848
2.87416 29852
2.87747 29856
2.88078 29860
2.88409 29864
2.88741 29868
2.89072 29872
2.89403 29876
2.89734 29880
2.90065 29884
2.90397 29888
2.90728 29892
2.91059 29896
2.9139 29900
2.91721 29904
2.92053 29908
2.92384 29912
2.92715 29916
2.93046 29920
2.93377 29924
2.93709 29928
2.9404 29932
2.94371 29936
2.94702 29940
2.95033 29944
2.95365 29948
2.95696 29952
2.96027 29956
2.96358 29960
2.96689 29964
2.97021 29968
2.97352 29972
2.97683 29976
2.98014 29980
2.98345 29984
2.98677 29988
2.99008 29992
2.99339 29996
2.9967 30000
3.00001 30004
3.00333 30008
3.00664 30012
3.00995 30016
3.01326 30020
3.01657 30024
3.01989 30028
3.0232 30032
3.02651 30036
3.02982 30040
3.03313 30044
3.03645 30048
3.03976 30052
3.04307 30056
3.04638 30060
3.04969 30064
3.05301 30068
3.05632 30072
3.05963 30076
3.06294 30080
3.06625 30084
3.06957 30088
3.07288 30092
3.07619 30096
3.0795 30100
3.08281 30104
3.08613 30108
3.08944 30112
3.09275 30116
3.09606 30120
3.09937 30124
3.10269 30128
3.106 30132
3.10931 30136
3.11262 30140
3.11593 30144
3.11925 30148
3.12256 30152
3.12587 30156
3.12918 30160
3.13249 30164
3.13581 30168
3.13912 30172
3.14243 30176
3.14574 30180
3.14905 30184
3.15237 30188
3.15568 30192
3.15899 30196
3.1623 30200
3.16561 30204
3.16893 30208
3.17224 30212
3.17555 30216
3.17886 30220
3.18217 30224
3.18549 30228
3.1888 30232
3.19211 30236
3.19542 30240
3.19873 30244
3.20205 30248
3.20536 30252
3.20867 30256
3.21198 30260
3.21529 30264
3.21861 30268
3.22192 30272
3.22523 30276
3.22854 30280
3.23185 30284
3.23517 30288
3.23848 30292
3.24179 30296
3.2451 30300
3.24841 30304
3.25173 30308
3.25504 30312
3.25835 30316
3.26166 30320
3.26497 30324
3.26829 30328
3.2716 30332
3.27491 30336
3.27822 30340
3.28153 30344
3.28485 30348
3.28816 30352
3.29147 30356
3.29478 30360
3.29809 30364
3.30141 30368
3.30472 30372
3.30803 30376
3.31134 30380
3.31465 30384
3.31797 30388
3.32128 30392
3.32459 30396
3.3279 30400
3.33121 30404
3.33453 30408
3.33784 30412
3.34115 30416
3.34446 30420
3.34777 30424
3.35109 30428
3.3544 30432
3.35771 30436
3.36102 30440
3.36433 30444
3.36764 30448
3.37096 30452
3.37427 30456
3.37758 30460
3.38089 30464
3.3842 30468
3.38752 30472
3.39083 30476
3.39414 30480
3.39745 30484
3.40076 30488
3.40408 30492
3.40739 30496
3.4107 30500
3.41401 30504
3.41732 30508
3.42064 30512
3.42395 30516
3.42726 30520
3.43057 30524
3.43388 30528
3.4372 30532
3.44051 30536
3.44382 30540
3.44713 30544
3.45044 30548
3.45376 30552
3.45707 30556
3.46038 30560
3.46369 30564
3.467 30568
3.47032 30572
3.47363 30576
3.47694 30580
3.48025 30584
3.48356 30588
3.48688 30592
3.49019 30596
3.4935 30600
3.49681 30604
3.50012 30608
3.50344 30612
3.50675 30616
3.51006 30620
3.51337 30624
3.51668 30628
3.52 30632
3.52331 30636
3.52662 30640
3.52993 30644
3.53324 30648
3.53656 30652
3.53987 30656
3.54318 30660
3.54649 30664
3.5498 30668
3.55312 30672
3.55643 30676
3.55974 30680
3.56305 30684
3.56636 30688
3.56968 30692
3.57299 30696
3.5763 30700
3.57961 30704
3.58292 30708
3.58624 30712
3.58955 30716
3.59286 30720
3.59617 30724
3.59948 30728
3.6028 30732
3.60611 30736
3.60942 30740
3.61273 30744
3.61604 30748
3.61936 30752
3.62267 30756
3.62598 30760
3.62929 30764
3.6326 30768
3.63592 30772
3.63923 30776
3.64254 30780
3.64585 30784
3.64916 30788
3.65248 30792
3.65579 30796
3.6591 30800
3.66241 30804
3.66572 30808
3.66904 30812
3.67235 30816
3.67566 30820
3.67897 30824
3.68228 30828
3.6856 30832
3.68891 30836
3.69222 30840
3.69553 30844
3.69884 30848
3.70216 30852
3.70547 30856
3.70878 30860
3.71209 30864
3.7154 30868
3.71872 30872
3.72203 30876
3.72534 30880
3.72865 30884
3.73196 30888
3.73528 30892
3.73859 30896
3.7419 30900
3.74521 30904
3.74852 30908
3.75184 30912
3.75515 30916
3.75846 30920
3.76177 30924
3.76508 30928
3.7684 30932
3.77171 30936
3.77502 30940
3.77833 30944
3.78164 30948
3.78496 30952
3.78827 30956
3.79158 30960
3.79489 30964
3.7982 30968
3.80152 30972
3.80483 30976
3.80814 30980
3.81145 30984
3.81476 30988
3.81808 30992
3.82139 30996
3.8247 31000
3.82801 31004
3.83132 31008
3.83464 31012
3.83795 31016
3.84126 31020
3.84457 31024
3.84788 31028
3.8512 31032
3.85451 31036
3.85782 31040
3.86113 31044
3.86444 31048
3.86776 31052
3.87107 31056
3.87438 31060
3.87769 31064
3.881 31068
3.88432 31072
3.88763 31076
3.89094 31080
3.89425 31084
3.89756 31088
3.90088 31092
3.90419 31096
3.9075 31100
3.91081 31104
3.91412 31108
3.91744 31112
3.92075 31116
3.92406 31120
3.92737 31124
3.93068 31128
3.934 31132
3.93731 31136
3.94062 31140
3.94393 31144
3.94724 31148
3.95056 31152
3.95387 31156
3.95718 31160
3.96049 31164
3.9638 31168
3.96712 31172
3.97043 31176
3.97374 31180
3.97705 31184
3.98036 31188
3.98368 31192
3.98699 31196
3.9903 31200
3.99361 31204
3.99692 31208
4.00024 31212
4.00355 31216
4.00686 31220
4.01017 31224
4.01348 31228
4.0168 31232
4.02011 31236
4.02342 31240
4.02673 31244
4.03004 31248
4.03336 31252
4.03667 31256
4.03998 31260
4.04329 31264
4.0466 31268
4.04992 31272
4.05323 31276
4.05654 31280
4.05985 31284
4.06316 31288
4.06648 31292
4.06979 31296
4.0731 31300
4.07641 31304
4.07972 31308
4.08304 31312
4.08635 31316
4.08966 31320
4.09297 31324
4.09628 31328
4.0996 31332
4.10291 31336
4.10622 31340
4.10953 31344
4.11284 31348
4.11616 31352
4.11947 31356
4.12278 31360
4.12609 31364
4.1294 31368
4.13272 31372
4.13603 31376
4.13934 31380
4.14265 31384
4.14596 31388
4.14928 31392
4.15259 31396
4.1559 31400
4.15921 31404
4.16252 31408
4.16584 31412
4.16915 31416
4.17246 31420
4.17577 31424
4.17908 31428
4.1824 31432
4.18571 31436
4.18902 31440
4.19233 31444
4.19564 31448
4.19896 31452
4.20227 31456
4.20558 31460
4.20889 31464
4.2122 31468
4.21552 31472
4.21883 31476
4.22214 31480
4.22545 31484
4.22876 31488
4.23208 31492
4.23539 31496
4.2387 31500
4.24201 31504
4.24532 31508
4.24864 31512
4.25195 31516
4.25526 31520
4.25857 31524
4.26188 31528
4.2652 31532
4.26851 31536
4.27182 31540
4.27513 31544
4.27844 31548
4.28176 31552
4.28507 31556
4.28838 31560
4.29169 31564
4.295 31568
4.29832 31572
4.30163 31576
4.30494 31580
4.30825 31584
4.31156 31588
4.31488 31592
4.31819 31596
4.3215 31600
4.32481 31604
4.32812 31608
4.33144 31612
4.33475 31616
4.33806 31620
4.34137 31624
4.34468 31628
4.348 31632
4.35131 31636
4.35462 31640
4.35793 31644
4.36124 31648
4.36456 31652
4.36787 31656
4.37118 31660
4.37449 31664
4.3778 31668
4.38112 31672
4.38443 31676
4.38774 31680
4.39105 31684
4.39436 31688
4.39768 31692
4.40099 31696
4.4043 31700
4.40761 31704
4.41092 31708
4.41424 31712
4.41755 31716
4.42086 31720
4.42417 31724
4.42748 31728
4.4308 31732
4.43411 31736
4.43742 31740
4.44073 31744
4.44404 31748
4.44736 31752
4.45067 31756
4.45398 31760
4.45729 31764
4.4606 31768
4.46392 31772
4.46723 31776
4.47054 31780
4.47385 31784
4.47716 31788
4.48048 31792
4.48379 31796
4.4871 31800
4.49041 31804
4.49372 31808
4.49704 31812
4.50035 31816
4.50366 31820
4.50697 31824
4.51028 31828
4.5136 31832
4.51691 31836
4.52022 31840
4.52353 31844
4.52684 31848
4.53016 31852
4.53347 31856
4.53678 31860
4.54009 31864
4.5434 31868
4.54672 31872
4.55003 31876
4.55334 31880
4.55665 31884
4.55996 31888
4.56328 31892
4.56659 31896
4.5699 31900
4.57321 31904
4.57652 31908
4.57984 31912
4.58315 31916
4.58646 31920
4.58977 31924
4.59308 31928
4.5964 31932
4.59971 31936
4.60302 31940
4.60633 31944
4.60964 31948
4.61296 31952
4.61627 31956
4.61958 31960
4.62289 31964
4.6262 31968
4.62952 31972
4.63283 31976
4.63614 31980
4.63945 31984
4.64276 31988
4.64608 31992
4.64939 31996
4.6527 32000
4.65601 32004
4.65932 32008
4.66264 32012
4.66595 32016
4.66926 32020
4.67257 32024
4.67588 32028
4.6792 32032
4.68251 32036
4.68582 32040
4.68913 32044
4.69244 32048
4.69576 32052
4.69907 32056
4.70238 32060
4.70569 32064
4.709 32068
4.71232 32072
4.71563 32076
4.71894 32080
4.72225 32084
4.72556 32088
4.72888 32092
4.73219 32096
4.7355 32100
4.73881 32104
4.74212 32108
4.74544 32112
4.74875 32116
4.75206 32120
4.75537 32124
4.75868 32128
4.762 32132
4.76531 32136
4.76862 32140
4.77193 32144
4.77524 32148
4.77856 32152
4.78187 32156
4.78518 32160
4.78849 32164
4.7918 32168
4.79512 32172
4.79843 32176
4.80174 32180
4.80505 32184
4.80836 32188
4.81168 32192
4.81499 32196
4.8183 32200
4.82161 32204
4.82492 32208
4.82824 32212
4.83155 32216
4.83486 32220
4.83817 32224
4.84148 32228
4.8448 32232
4.84811 32236
4.85142 32240
4.85473 32244
4.85804 32248
4.86136 32252
4.86467 32256
4.86798 32260
4.87129 32264
4.8746 32268
4.87792 32272
4.88123 32276
4.88454 32280
4.88785 32284
4.89116 32288
4.89448 32292
4.89779 32296
4.9011 32300
4.90441 32304
4.90772 32308
4.91104 32312
4.91435 32316
4.91766 32320
4.92097 32324
4.92428 32328
4.9276 32332
4.93091 32336
4.93422 32340
4.93753 32344
4.94084 32348
4.94416 32352
4.94747 32356
4.95078 32360
4.95409 32364
4.9574 32368
4.96072 32372
4.96403 32376
4.96734 32380
4.97065 32384
4.97396 32388
4.97728 32392
4.98059 32396
4.9839 32400
4.98721 32404
4.99052 32407
4.99384 32410
4.99715 32413
5.00046 32416
5.00377 32419
5.00708 32422
5.01375 32422
5.01375 15840
5.18384 15848
5.18716 15856
5.19047 15864
5.19378 15872
5.19709 15880
5.2004 15888
5.20372 15896
5.20703 15904
5.21034 15912
5.21365 15920
5.21696 15928
5.22028 15936
5.22359 15944
5.2269 15952
5.23021 15960
5.23352 15968
5.23684 15976
5.24015 15984
5.24346 15992
5.24677 16000
5.25008 16008
5.2534 16016
5.27777 16024
5.28108 16032
5.28439 16040
5.2877 16048
5.29102 16056
5.29433 16064
5.29764 16072
5.30095 16080
5.30426 16088
5.30758 16096
5.31089 16104
5.3142 16112
5.31751 16120
5.32082 16128
5.32414 16136
5.32745 16144
5.33076 16152
5.33407 16160
5.33738 16168
5.3407 16176
5.34401 16184
5.34732 16192
5.37169 16200
5.375 16208
5.37831 16215
5.38163 16222
5.38494 16229
5.38825 16236
5.39156 16243
5.39487 16250
5.39819 16257
5.4015 16264
5.40481 16271
5.40812 16278
5.41143 16285
5.41475 16292
5.41806 16299
5.42137 16306
5.42468 16313
5.42799 16320
5.43131 16327
5.43462 16334
5.43793 16341
5.44124 16348
5.46561 16355
5.46892 16362
5.47224 16369
5.47555 16376
5.47886 16383
5.48217 16390
5.48548 16397
5.4888 16404
5.49211 16411
5.49542 16418
5.49873 16425
5.50204 16432
5.50536 16439
5.50867 16446
5.51198 16453
5.51529 16460
5.5186 16467
5.52192 16474
5.52523 16481
5.52854 16488
5.53185 16495
5.53516 16502
5.55788 16509
5.56119 16516
5.5645 16523
5.56781 16530
5.57113 16537
5.57444 16544
5.57775 16551
5.58106 16558
5.58437 16565
5.58769 16572
5.591 16579
5.59431 16586
5.59762 16593
5.60093 16600
5.60425 16607
5.60756 16614
5.61087 16621
5.61418 16628
5.61749 16635
5.62081 16642
5.62412 16649
5.62743 16656
5.65014 16663
5.65346 16670
5.65677 16677
5.66008 16684
5.66339 16691
5.6667 16698
5.67002 16705
5.67333 16712
5.67664 16719
5.67995 16726
5.68326 16733
5.68658 16740
5.68989 16747
5.6932 16754
5.69651 16761
5.69982 16768
5.70314 16775
5.70645 16782
5.70976 16789
5.71307 16796
5.71638 16803
5.7197 16810
5.72301 16817
5.74407 16824
5.74738 16831
5.75069 16838
5.754 16845
5.75732 16852
5.76063 16859
5.76394 16866
5.76725 16873
5.77056 16880
5.77388 16887
5.77719 16894
5.7805 16901
5.78381 16908
5.78712 16915
5.79044 16922
5.79375 16929
5.79706 16936
5.80037 16943
5.80368 16950
5.807 16957
5.81031 16964
5.81362 16971
5.81693 16978
5.83799 16985
5.8413 16992
5.84461 16999
5.84793 17006
5.85124 17013
5.85455 17020
5.85786 17027
5.86117 17034
5.86449 17041
5.8678 17048
5.87111 17055
5.87442 17062
5.87773 17069
5.88105 17076
5.88436 17083
5.88767 17090
5.89098 17097
5.89429 17104
5.89761 17111
5.90092 17118
5.90423 17125
5.90754 17132
5.91085 17139
5.93026 17146
5.93357 17153
5.93688 17160
5.94019 17167
5.9435 17174
5.94682 17181
5.95013 17188
5.95344 17195
5.95675 17202
5.96006 17209
5.96338 17216
5.96669 17223
5.97 17230
5.97331 17237
5.97662 17244
5.97994 17251
5.98325 17258
5.98656 17265
5.98987 17272
5.99318 17279
5.9965 17286
5.99981 17293
6.00312 17300
6.02252 17307
6.02583 17314
6.02915 17321
6.03246 17328
6.03577 17335
6.03908 17342
6.04239 17349
6.04571 17356
6.04902 17363
6.05233 17370
6.05564 17377
6.05895 17384
6.06227 17391
6.06558 17398
6.06889 17405
6.0722 17412
6.07551 17419
6.07883 17426
6.08214 17433
6.08545 17440
6.08876 17447
6.09207 17454
6.09539 17461
6.0987 17468
6.11644 17475
6.11976 17482
6.12307 17489
6.12638 17496
6.12969 17503
6.133 17510
6.13632 17517
6.13963 17524
6.14294 17531
6.14625 17538
6.14956 17545
6.15288 17552
6.15619 17559
6.1595 17566
6.16281 17573
6.16612 17580
6.16944 17587
6.17275 17594
6.17606 17601
6.17937 17608
6.18268 17615
6.186 17622
6.18931 17629
6.19262 17636
6.21037 17643
6.21368 17650
6.21699 17657
6.2203 17664
6.22362 17671
6.22693 17678
6.23024 17685
6.23355 17692
6.23686 17699
6.24018 17706
6.24349 17713
6.2468 17720
6.25011 17727
6.25342 17734
6.25674 17741
6.26005 17748
6.26336 17755
6.26667 17762
6.26998 17769
6.2733 17776
6.27661 17783
6.27992 17790
6.28323 17797
6.28654 17804
6.30429 17811
6.3076 17818
6.31091 17825
6.31423 17832
6.31754 17839
6.32085 17846
6.32416 17853
6.32747 17860
6.33079 17867
6.3341 17874
6.33741 17881
6.34072 17888
6.34403 17895
6.34735 17902
6.35066 17909
6.35397 17916
6.35728 17923
6.36059 17930
6.36391 17937
6.36722 17944
6.37053 17951
6.37384 17958
6.37715 17965
6.38047 17972
6.39656 17979
6.39987 17986
6.40318 17993
6.40649 18000
6.4098 18007
6.41312 18014
6.41643 18021
6.41974 18028
6.42305 18035
6.42636 18042
6.42968 18049
6.43299 18056
6.4363 18063
6.43961 18070
6.44292 18077
6.44624 18084
6.44955 18091
6.45286 18098
6.45617 18105
6.45948 18112
6.4628 18119
6.46611 18126
6.46942 18133
6.47273 18140
6.48882 18147
6.49213 18154
6.49545 18161
6.49876 18168
6.50207 18175
6.50538 18182
6.50869 18189
6.51201 18196
6.51532 18203
6.51863 18210
6.52194 18217
6.52525 18224
6.52857 18231
6.53188 18238
6.53519 18245
6.5385 18252
6.54181 18259
6.54513 18266
6.54844 18273
6.55175 18280
6.55506 18287
6.55837 18294
6.56169 18301
6.565 18308
6.56831 18315
6.58274 18322
6.58606 18329
6.58937 18336
6.59268 18343
6.59599 18350
6.5993 18357
6.60262 18364
6.60593 18371
6.60924 18378
6.61255 18385
6.61586 18392
6.61918 18399
6.62249 18406
6.6258 18413
6.62911 18420
6.63242 18427
6.63574 18434
6.63905 18441
6.64236 18448
6.64567 18455
6.64898 18462
6.6523 18469
6.65561 18476
6.65892 18483
6.66223 18490
6.67667 18497
6.67998 18504
6.68329 18511
6.6866 18518
6.68992 18524
6.69323 18530
6.69654 18536
6.69985 18542
6.70316 18548
6.70648 18554
6.70979 18560
6.7131 18566
6.71641 18572
6.71972 18578
6.72304 18584
6.72635 18590
6.72966 18596
6.73297 18602
6.73628 18608
6.7396 18614
6.74291 18620
6.74622 18626
6.74953 18632
6.75284 18638
6.75616 18644
6.76893 18650
6.77225 18656
6.77556 18662
6.77887 18668
6.78218 18674
6.78549 18680
6.78881 18686
6.79212 18692
6.79543 18698
6.79874 18704
6.80205 18710
6.80537 18716
6.80868 18722
6.81199 18728
6.8153 18734
6.81861 18740
6.82193 18746
6.82524 18752
6.82855 18758
6.83186 18764
6.83517 18770
6.83849 18776
6.8418 18782
6.84511 18788
6.84842 18794
6.8612 18800
6.86451 18806
6.86782 18812
6.87114 18818
6.87445 18824
6.87776 18830
6.88107 18836
6.88438 18842
6.8877 18848
6.89101 18854
6.89432 18860
6.89763 18866
6.90094 18872
6.90426 18878
6.90757 18884
6.91088 18890
6.91419 18896
6.9175 18902
6.92082 18908
6.92413 18914
6.92744 18920
6.93075 18926
6.93406 18932
6.93738 18938
6.94069 18944
6.944 18950
6.95512 18956
6.95843 18962
6.96175 18968
6.96506 18974
6.96837 18980
6.97168 18986
6.97499 18992
6.97831 18998
6.98162 19004
6.98493 19010
6.98824 19016
6.99155 19022
6.99487 19028
6.99818 19034
7.00149 19040
7.0048 19046
7.00811 19052
7.01143 19058
7.01474 19064
7.01805 19070
7.02136 19076
7.02467 19082
7.02799 19088
7.0313 19094
7.03461 19100
7.03792 19106
7.04904 19112
7.05236 19118
7.05567 19124
7.05898 19130
7.06229 19136
7.0656 19142
7.06892 19148
7.07223 19154
7.07554 19160
7.07885 19166
7.08216 19172
7.08548 19178
7.08879 19184
7.0921 19190
7.09541 19196
7.09872 19202
7.10204 19208
7.10535 19214
7.10866 19220
7.11197 19226
7.11528 19232
7.1186 19238
7.12191 19244
7.12522 19250
7.12853 19256
7.13184 19262
7.14131 19268
7.14462 19274
7.14794 19280
7.15125 19286
7.15456 19292
7.15787 19298
7.16118 19304
7.1645 19310
7.16781 19316
7.17112 19322
7.17443 19328
7.17774 19334
7.18106 19340
7.18437 19346
7.18768 19352
7.19099 19358
7.1943 19364
7.19762 19370
7.20093 19376
7.20424 19382
7.20755 19388
7.21086 19394
7.21418 19400
7.21749 19406
7.2208 19412
7.22411 19418
7.23358 19424
7.23689 19430
7.2402 19436
7.24351 19442
7.24683 19448
7.25014 19454
7.25345 19460
7.25676 19466
7.26007 19472
7.26339 19478
7.2667 19484
7.27001 19490
7.27332 19496
7.27663 19502
7.27995 19508
7.28326 19514
7.28657 19520
7.28988 19526
7.29319 19532
7.29651 19538
7.29982 19544
7.30313 19550
7.30644 19556
7.30975 19562
7.31307 19568
7.31638 19574
7.32584 19580
7.32916 19586
7.33247 19592
7.33578 19598
7.33909 19604
7.3424 19610
7.34572 19616
7.34903 19622
7.35234 19628
7.35565 19634
7.35896 19640
7.36228 19646
7.36559 19652
7.3689 19658
7.37221 19664
7.37552 19670
7.37884 19676
7.38215 19682
7.38546 19688
7.38877 19694
7.39208 19700
7.3954 19706
7.39871 19712
7.40202 19718
7.40533 19724
7.40864 19730
7.41196 19736
7.41977 19742
7.42308 19748
7.42639 19754
7.4297 19760
7.43301 19766
7.43633 19772
7.43964 19778
7.44295 19784
7.44626 19790
7.44957 19796
7.45289 19802
7.4562 19808
7.45951 19814
7.46282 19820
7.46613 19826
7.46945 19832
7.47276 19838
7.47607 19844
7.47938 19850
7.48269 19856
7.48601 19862
7.48932 19868
7.49263 19874
7.49594 19880
7.49925 19886
7.50257 19892
7.50588 19898
7.51369 19904
7.517 19910
7.52031 19916
7.52362 19922
7.52694 19928
7.53025 19934
7.53356 19940
7.53687 19946
7.54018 19952
7.5435 19958
7.54681 19964
7.55012 19970
7.55343 19976
7.55674 19982
7.56006 19988
7.56337 19994
7.56668 20000
7.56999 20006
7.5733 20012
7.57662 20018
7.57993 20024
7.58324 20030
7.58655 20036
7.58986 20042
7.59318 20048
7.59649 20054
7.5998 20060
7.60596 20066
7.60927 20072
7.61258 20078
7.61589 20084
7.6192 20090
7.62252 20096
7.62583 20102
7.62914 20108
7.63245 20114
7.63576 20120
7.63908 20126
7.64239 20132
7.6457 20138
7.64901 20144
7.65232 20150
7.65564 20156
7.65895 20162
7.66557 20168
7.66888 20174
7.6722 20180
7.67551 20186
7.67882 20192
7.68213 20198
7.68544 20204
7.68876 20210
7.69207 20216
7.69822 20222
7.70153 20228
7.70485 20234
7.70816 20240
7.71147 20246
7.71478 20252
7.71809 20258
7.72141 20264
7.72472 20270
7.72803 20276
7.73134 20282
7.73465 20288
7.73797 20294
7.74128 20300
7.74459 20306
7.7479 20312
7.75121 20318
7.75453 20324
7.75949 20330
7.76281 20336
7.76612 20342
7.76943 20348
7.77274 20354
7.77605 20360
7.77937 20366
7.78268 20372
7.78599 20378
7.7893 20384
7.79261 20390
7.79593 20396
7.79924 20402
7.80255 20408
7.80917 20414
7.81249 20420
7.8158 20426
7.81911 20432
7.82242 20438
7.82573 20444
7.82905 20450
7.83236 20456
7.83567 20462
7.83898 20468
7.84229 20474
7.84561 20480
7.84892 20486
7.85342 20492
7.85673 20498
7.86004 20504
7.86335 20510
7.86666 20516
7.86998 20522
7.87329 20528
7.8766 20534
7.87991 20540
7.88322 20546
7.88654 20552
7.88985 20558
7.89316 20564
7.89647 20570
7.9031 20576
7.90641 20582
7.90972 20588
7.91303 20594
7.91634 20600
7.91966 20606
7.92297 20612
7.92628 20618
7.92959 20624
7.9329 20630
7.93622 20636
7.93953 20642
7.94284 20648
7.94615 20654
7.94946 20660
7.95278 20666
7.95609 20672
7.9594 20678
7.96271 20684
7.96602 20690
7.96934 20696
7.97265 20702
7.97596 20708
7.97927 20714
7.98258 20720
7.9859 20726
7.98921 20732
7.99252 20738
7.99583 20744
7.99914 20750
8.00246 20756
8.00577 20762
8.00908 20768
8.01239 20774
8.0157 20780
8.01902 20786
8.02233 20792
8.02564 20798
8.02895 20804
8.03226 20810
8.03558 20816
8.03889 20822
8.0422 20828
8.04551 20834
8.04882 20840
8.05214 20846
8.05545 20852
8.05876 20858
8.06207 20864
8.06538 20870
8.0687 20876
8.07201 20882
8.07532 20888
8.07863 20894
8.08194 20900
8.08526 20906
8.08857 20912
8.09188 20918
8.09519 20924
8.0985 20930
8.10182 20936
8.10513 20942
8.10844 20948
8.11175 20954
8.11506 20960
8.11838 20966
8.12169 20972
8.125 20978
8.12831 20984
8.13162 20990
8.13494 20996
8.13825 21002
8.14156 21008
8.14487 21014
8.14818 21020
8.1515 21026
8.15481 21032
8.15812 21038
8.16143 21044
8.16474 21050
8.16806 21056
8.17137 21062
8.17468 21068
8.17799 21074
8.1813 21080
8.18462 21086
8.18793 21092
8.19124 21098
8.19455 21104
8.19786 21110
8.20118 21116
8.20449 21122
8.2078 21128
8.21111 21134
8.21442 21140
8.21774 21146
8.22105 21152
8.22436 21158
8.22767 21164
8.23098 21170
8.2343 21176
8.23761 21182
8.24092 21188
8.24423 21194
8.24754 21200
8.25086 21206
8.25417 21212
8.25748 21218
8.26079 21224
8.2641 21230
8.26742 21236
8.27073 21242
8.27404 21248
8.27735 21254
8.28066 21260
8.28398 21266
8.28729 21272
8.2906 21278
8.29391 21284
8.29722 21290
8.30054 21296
8.30385 21302
8.30716 21308
8.31047 21314
8.31378 21320
8.3171 21326
8.32041 21332
8.32372 21338
8.32703 21344
8.33034 21350
8.33366 21356
8.33697 21362
8.34028 21368
8.34359 21374
8.3469 21380
8.35022 21386
8.35353 21392
8.35684 21398
8.36015 21404
8.36346 21410
8.36678 21416
8.37009 21422
8.3734 21428
8.37671 21434
8.38002 21440
8.38334 21446
8.38665 21452
8.38996 21458
8.39327 21464
8.39658 21470
8.3999 21476
8.40321 21482
8.40652 21488
8.40983 21494
8.41314 21500
8.41646 21506
8.41977 21512
8.42308 21518
8.42639 21524
8.4297 21530
8.43302 21536
8.43633 21542
8.43964 21548
8.44295 21554
8.44626 21560
8.44958 21566
8.45289 21572
8.4562 21578
8.45951 21584
8.46282 21590
8.46614 21596
8.46945 21602
8.47276 21607
8.47607 21612
8.47938 21617
8.4827 21622
8.48601 21627
8.48932 21632
8.49263 21637
8.49594 21642
8.49926 21647
8.50257 21652
8.50588 21657
8.50919 21662
8.5125 21667
8.51582 21672
8.51913 21677
8.52244 21682
8.52575 21687
8.52906 21692
8.53238 21697
8.53569 21702
8.539 21707
8.54231 21712
8.54562 21717
8.54894 21722
8.55225 21727
8.55556 21732
8.55887 21737
8.56218 21742
8.5655 21747
8.56881 21752
8.57212 21757
8.57543 21762
8.57874 21767
8.58206 21772
8.58537 21777
8.58868 21782
8.59199 21787
8.5953 21792
8.59862 21797
8.60193 21802
8.60524 21807
8.60855 21812
8.61186 21817
8.61518 21822
8.61849 21827
8.6218 21832
8.62511 21837
8.62842 21842
8.63174 21847
8.63505 21852
8.63836 21857
8.64167 21862
8.64498 21867
8.6483 21872
8.65161 21877
8.65492 21882
8.65823 21887
8.66154 21892
8.66486 21897
8.66817 21902
8.67148 21907
8.67479 21912
8.6781 21917
8.68142 21922
8.68473 21927
8.68804 21932
8.69135 21937
8.69466 21942
8.69798 21947
8.70129 21952
8.7046 21957
8.70791 21962
8.71122 21967
8.71454 21972
8.71785 21977
8.72116 21982
8.72447 21987
8.72778 21992
8.7311 21997
8.73441 22002
8.73772 22007
8.74103 22012
8.74434 22017
8.74766 22022
8.75097 22027
8.75428 22032
8.75759 22037
8.7609 22042
8.76422 22047
8.76753 22052
8.77084 22057
8.77415 22062
8.77746 22067
8.78078 22072
8.78409 22077
8.7874 22082
8.79071 22087
8.79402 22092
8.79734 22097
8.80065 22102
8.80396 22107
8.80727 22112
8.81058 22117
8.8139 22122
8.81721 22127
8.82052 22132
8.82383 22137
8.82714 22142
8.83046 22147
8.83377 22152
8.83708 22157
8.84039 22162
8.8437 22167
8.84702 22172
8.85033 22177
8.85364 22182
8.85695 22187
8.86026 22192
8.86358 22197
8.86689 22202
8.8702 22207
8.87351 22212
8.87682 22217
8.88014 22222
8.88345 22227
8.88676 22232
8.89007 22237
8.89338 22242
8.8967 22247
8.90001 22252
8.90332 22257
8.90663 22262
8.90994 22267
8.91326 22272
8.91657 22277
8.91988 22282
8.92319 22287
8.9265 22292
8.92982 22297
8.93313 22302
8.93644 22307
8.93975 22312
8.94306 22317
8.94638 22322
8.94969 22327
8.953 22332
8.95631 22337
8.95962 22342
8.96294 22347
8.96625 22352
8.96956 22357
8.97287 22362
8.97618 22367
8.9795 22372
8.98281 22377
8.98612 22382
8.98943 22387
8.99274 22392
8.99606 22397
8.99937 22402
9.00268 22407
9.00599 22412
9.0093 22417
9.01262 22422
9.01593 22427
9.01924 22432
9.02255 22437
9.02586 22442
9.02918 22447
9.03249 22452
9.0358 22457
9.03911 22462
9.04242 22467
9.04574 22472
9.04905 22477
9.05236 22482
9.05567 22487
9.05898 22492
9.0623 22497
9.06561 22502
9.06892 22507
9.07223 22512
9.07554 22517
9.07886 22522
9.08217 22527
9.08548 22532
9.08879 22537
9.0921 22542
9.09542 22547
9.09873 22552
9.10204 22557
9.10535 22562
9.10866 22567
9.11198 22572
9.11529 22577
9.1186 22582
9.12191 22587
9.12522 22592
9.12854 22597
9.13185 22602
9.13516 22607
9.13847 22612
9.14178 22617
9.1451 22622
9.14841 22627
9.15172 22632
9.15503 22637
9.15834 22642
9.16166 22647
9.16497 22652
9.16828 22657
9.17159 22662
9.1749 22667
9.17822 22672
9.18153 22677
9.18484 22682
9.18815 22687
9.19146 22692
9.19478 22697
9.19809 22702
9.2014 22707
9.20471 22712
9.20802 22717
9.21134 22722
9.21465 22727
9.21796 22732
9.22127 22737
9.22458 22742
9.22789 22747
9.23121 22752
9.23452 22757
9.23783 22762
9.24114 22767
9.24445 22772
9.24777 22777
9.25108 22782
9.25439 22787
9.2577 22792
9.26101 22797
9.26433 22802
9.26764 22807
9.27095 22812
9.27426 22817
9.27757 22822
9.28089 22827
9.2842 22832
9.28751 22837
9.29082 22842
9.29413 22847
9.29745 22852
9.30076 22857
9.30407 22862
9.30738 22867
9.31069 22872
9.31401 22877
9.31732 22882
9.32063 22887
9.32394 22892
9.32725 22897
9.33057 22902
9.33388 22907
9.33719 22912
9.3405 22917
9.34381 22922
9.34713 22927
9.35044 22932
9.35375 22937
9.35706 22942
9.36037 22947
9.36369 22952
9.367 22957
9.37031 22962
9.37362 22967
9.37693 22972
9.38025 22977
9.38356 22982
9.38687 22987
9.39018 22992
9.39349 22997
9.39681 23002
9.40012 23007
9.40343 23012
9.40674 23017
9.41005 23022
9.41337 23027
9.41668 23032
9.41999 23037
9.4233 23042
9.42661 23047
9.42993 23052
9.43324 23057
9.43655 23062
9.43986 23067
9.44317 23072
9.44649 23077
9.4498 23082
9.45311 23087
9.45642 23092
9.45973 23097
9.46305 23102
9.46636 23107
9.46967 23112
9.47298 23117
9.47629 23122
9.47961 23127
9.48292 23132
9.48623 23137
9.48954 23142
9.49285 23147
9.49617 23152
9.49948 23157
9.50279 23162
9.5061 23167
9.50941 23172
9.51273 23177
9.51604 23182
9.51935 23187
9.52266 23192
9.52597 23197
9.52929 23202
9.5326 23207
9.53591 23212
9.53922 23217
9.54253 23222
9.54585 23227
9.54916 23232
9.55247 23237
9.55578 23242
9.55909 23247
9.56241 23252
9.56572 23257
9.56903 23262
9.57234 23267
9.57565 23272
9.57897 23277
9.58228 23282
9.58559 23287
9.5889 23292
9.59221 23297
9.59553 23302
9.59884 23307
9.60215 23312
9.60546 23317
9.60877 23322
9.61209 23327
9.6154 23332
9.61871 23337
9.62202 23342
9.62533 23347
9.62865 23352
9.63196 23357
9.63527 23362
9.63858 23367
9.64189 23372
9.64521 23377
9.64852 23382
9.65183 23387
9.65514 23392
9.65845 23397
9.66177 23402
9.66508 23407
9.66839 23412
9.6717 23417
9.67501 23422
9.67833 23427
9.68164 23432
9.68495 23437
9.68826 23442
9.69157 23447
9.69489 23452
9.6982 23457
9.70151 23462
9.70482 23467
9.70813 23472
9.71145 23477
9.71476 23482
9.71807 23487
9.72138 23492
9.72469 23497
9.72801 23502
9.73132 23507
9.73463 23512
9.73794 23517
9.74125 23522
9.74457 23527
9.74788 23532
9.75119 23537
9.7545 23542
9.75781 23547
9.76113 23552
9.76444 23557
9.76775 23562
9.77106 23567
9.77437 23572
9.77769 23577
9.781 23582
9.78431 23587
9.78762 23592
9.79093 23597
9.79425 23602
9.79756 23607
9.80087 23612
9.80418 23617
9.80749 23622
9.81081 23627
9.81412 23632
9.81743 23637
9.82074 23642
9.82405 23647
9.82737 23652
9.83068 23657
9.83399 23662
9.8373 23667
9.84061 23672
9.84393 23677
9.84724 23682
9.85055 23687
9.85386 23692
9.85717 23697
9.86049 23702
9.8638 23707
9.86711 23712
9.87042 23717
9.87373 23722
9.87705 23727
9.88036 23732
9.88367 23737
9.88698 23742
9.89029 23747
9.89361 23752
9.89692 23757
9.90023 23762
9.90354 23767
9.90685 23772
9.91017 23777
9.91348 23782
9.91679 23787
9.9201 23792
9.92341 23797
9.92673 23802
9.93004 23807
9.93335 23812
9.93666 23817
9.93997 23822
9.94329 23827
9.9466 23832
9.94991 23837
9.95322 23842
9.95653 23847
9.95985 23852
9.96316 23857
9.96647 23862
9.96978 23867
9.97309 23872
9.97641 23877
9.97972 23882
9.98303 23887
9.98634 23892
9.98965 23897
9.99297 23902
9.99628 23907
9.99959 23912
10.0029 23917
10.0062 23922
10.0095 23927
10.0128 23932
10.0162 23937
10.0195 23942
10.0228 23947
10.0261 23952
10.0294 23957
10.0327 23962
10.036 23967
10.0393 23972
10.0426 23977
10.046 23982
10.0493 23987
10.0526 23992
10.0559 23997
10.0592 24002
10.0625 24007
10.0658 24012
10.0691 24017
10.0725 24022
10.0758 24027
10.0791 24032
10.0824 24037
10.0857 24042
10.089 24047
10.0923 24052
10.0956 24057
10.099 24062
10.1023 24067
10.1056 24072
10.1089 24077
10.1122 24082
10.1155 24087
10.1188 24092
10.1221 24097
10.1254 24102
10.1288 24107
10.1321 24112
10.1354 24117
10.1387 24122
10.142 24127
10.1453 24132
10.1486 24137
10.1519 24142
10.1553 24147
10.1586 24152
10.1619 24157
10.1652 24162
10.1685 24167
10.1718 24172
10.1751 24177
10.1784 24182
10.1818 24187
10.1851 24192
10.1884 24197
10.1917 24202
10.195 24207
10.1983 24212
10.2016 24217
10.2049 24222
10.2082 24227
10.2116 24232
10.2149 24237
10.2182 24242
10.2215 24247
10.2248 24252
10.2281 24257
10.2314 24262
10.2347 24267
10.2381 24272
10.2414 24277
10.2447 24282
10.248 24287
10.2513 24292
10.2546 24297
10.2579 24302
10.2612 24307
10.2646 24312
10.2679 24317
10.2712 24322
10.2745 24327
10.2778 24332
10.2811 24337
10.2844 24342
10.2877 24347
10.291 24352
10.2944 24357
10.2977 24362
10.301 24367
10.3043 24372
10.3076 24377
10.3109 24382
10.3142 24387
10.3175 24392
10.3209 24397
10.3242 24402
10.3275 24407
10.3308 24412
10.3341 24417
10.3374 24422
10.3407 24427
10.344 24432
10.3474 24437
10.3507 24442
10.354 24447
10.3573 24452
10.3606 24457
10.3639 24462
10.3672 24467
10.3705 24472
10.3738 24477
10.3772 24482
10.3805 24487
10.3838 24492
10.3871 24497
10.3904 24502
10.3937 24507
10.397 24512
10.4003 24517
10.4037 24522
10.407 24527
10.4103 24532
10.4136 24537
10.4169 24542
10.4202 24547
10.4235 24552
10.4268 24557
10.4302 24562
10.4335 24567
10.4368 24572
10.4401 24577
10.4434 24582
10.4467 24587
10.45 24592
10.4533 24597
10.4566 24602
10.46 24607
10.4633 24612
10.4666 24617
10.4699 24622
10.4732 24627
10.4765 24632
10.4798 24637
10.4831 24642
10.4865 24647
10.4898 24652
10.4931 24657
10.4964 24662
10.4997 24667
10.503 24672
10.5063 24677
10.5096 24682
10.513 24687
10.5163 24692
10.5196 24697
10.5229 24702
10.5262 24707
10.5295 24712
10.5328 24717
10.5361 24722
10.5394 24727
10.5428 24732
10.5461 24737
10.5494 24742
10.5527 24747
10.556 24752
10.5593 24757
10.5626 24762
10.5659 24767
10.5693 24772
10.5726 24777
10.5759 24782
10.5792 24787
10.5825 24792
10.5858 24797
10.5891 24802
10.5924 24807
10.5958 24812
10.5991 24817
10.6024 24822
10.6057 24827
10.609 24832
10.6123 24837
10.6156 24842
10.6189 24847
10.6222 24852
10.6256 24857
10.6289 24862
10.6322 24867
10.6355 24872
10.6388 24877
10.6421 24882
10.6454 24887
10.6487 24892
10.6521 24897
10.6554 24902
10.6587 24907
10.662 24912
10.6653 24917
10.6686 24922
10.6719 24927
10.6752 24932
10.6786 24937
10.6819 24942
10.6852 24947
10.6885 24952
10.6918 24957
10.6951 24962
10.6984 24967
10.7017 24972
10.705 24977
10.7084 24982
10.7117 24987
10.715 24992
10.7183 24997
10.7216 25002
10.7249 25007
10.7282 25012
10.7315 25017
10.7349 25022
10.7382 25027
10.7415 25032
10.7448 25037
10.7481 25042
10.7514 25047
10.7547 25052
10.758 25057
10.7614 25062
10.7647 25067
10.768 25072
10.7713 25077
10.7746 25082
10.7779 25087
10.7812 25092
10.7845 25097
10.7878 25102
10.7912 25107
10.7945 25112
10.7978 25117
10.8011 25122
10.8044 25127
10.8077 25132
10.811 25137
10.8143 25142
10.8177 25147
10.821 25152
10.8243 25157
10.8276 25162
10.8309 25167
10.8342 25172
10.8375 25177
10.8408 25182
10.8442 25187
10.8475 25192
10.8508 25197
10.8541 25202
10.8574 25207
10.8607 25212
10.864 25217
10.8673 25222
10.8706 25227
10.874 25232
10.8773 25237
10.8806 25242
10.8839 25247
10.8872 25252
10.8905 25257
10.8938 25262
10.8971 25267
10.9005 25272
10.9038 25277
10.9071 25282
10.9104 25287
10.9137 25292
10.917 25297
10.9203 25302
10.9236 25307
10.9269 25312
10.9303 25317
10.9336 25322
10.9369 25327
10.9402 25332
10.9435 25337
10.9468 25342
10.9501 25347
10.9534 25352
10.9568 25357
10.9601 25362
10.9634 25367
10.9667 25372
10.97 25377
10.9733 25382
10.9766 25387
10.9799 25392
10.9833 25397
10.9866 25402
10.9899 25407
10.9932 25412
10.9965 25417
10.9998 25422
11.0031 25427
11.0064 25432
11.0097 25437
11.0131 25442
11.0164 25447
11.0197 25452
11.023 25457
11.0263 25462
11.0296 25467
11.0329 25472
11.0362 25477
11.0396 25482
11.0429 25487
11.0462 25492
11.0495 25497
11.0528 25502
11.0561 25507
11.0594 25512
11.0627 25517
11.0661 25522
11.0694 25527
11.0727 25532
11.076 25537
11.0793 25542
11.0826 25547
11.0859 25552
11.0892 25557
11.0925 25562
11.0959 25567
11.0992 25572
11.1025 25577
11.1058 25582
11.1091 25587
11.1124 25592
11.1157 25597
11.119 25602
11.1224 25607
11.1257 25612
11.129 25617
11.1323 25622
11.1356 25627
11.1389 25632
11.1422 25637
11.1455 25642
11.1489 25647
11.1522 25652
11.1555 25657
11.1588 25662
11.1621 25667
11.1654 25672
11.1687 25677
11.172 25682
11.1753 25687
11.1787 25692
11.182 25697
11.1853 25702
11.1886 25707
11.1919 25712
11.1952 25717
11.1985 25722
11.2018 25727
11.2052 25732
11.2085 25737
11.2151 25737
11.2151 12600
11.3687 12610
11.372 12620
11.3753 12630
11.3786 12640
11.3819 12650
11.3852 12660
11.3885 12670
11.3919 12680
11.3952 12690
11.3985 12700
11.4018 12710
11.4051 12720
11.4084 12730
11.4117 12740
11.415 12750
11.4184 12760
11.4217 12770
11.4609 12780
11.4642 12790
11.4676 12800
11.4709 12810
11.4742 12820
11.4775 12830
11.4808 12840
11.4841 12850
11.4874 12860
11.4907 12870
11.4941 12880
11.4974 12890
11.5007 12900
11.504 12910
11.5073 12920
11.5106 12930
11.5139 12940
11.5532 12950
11.5565 12960
11.5598 12970
11.5631 12979
11.5665 12988
11.5698 12997
11.5731 13006
11.5764 13015
11.5797 13024
11.583 13033
11.5863 13042
11.5896 13051
11.5929 13060
11.5963 13069
11.5996 13078
11.6029 13087
11.6062 13096
11.6455 13105
11.6488 13114
11.6521 13123
11.6554 13132
11.6587 13141
11.662 13150
11.6653 13159
11.6687 13168
11.672 13177
11.6753 13186
11.6786 13195
11.6819 13204
11.6852 13213
11.6885 13222
11.6918 13231
11.6951 13240
11.6985 13249
11.7018 13258
11.7394 13267
11.7427 13276
11.746 13285
11.7493 13294
11.7526 13303
11.756 13312
11.7593 13321
11.7626 13330
11.7659 13339
11.7692 13348
11.7725 13357
11.7758 13366
11.7791 13375
11.7824 13384
11.7858 13393
11.7891 13402
11.7924 13411
11.7957 13420
11.8333 13429
11.8366 13438
11.8399 13447
11.8433 13456
11.8466 13465
11.8499 13474
11.8532 13483
11.8565 13492
11.8598 13501
11.8631 13510
11.8664 13519
11.8697 13528
11.8731 13537
11.8764 13546
11.8797 13555
11.883 13564
11.8863 13573
11.8896 13582
11.9256 13591
11.9289 13600
11.9322 13609
11.9355 13618
11.9388 13627
11.9421 13636
11.9455 13645
11.9488 13654
11.9521 13663
11.9554 13672
11.9587 13681
11.962 13690
11.9653 13699
11.9686 13708
11.9719 13717
11.9753 13726
11.9786 13735
11.9819 13744
12.0178 13753
12.0212 13762
12.0245 13771
12.0278 13780
12.0328 13789
12.0361 13789
12.0361 6480
12.1631 6500
12.1665 6519
12.1698 6538
12.2041 6557
12.2074 6576
12.2107 6595
12.214 6614
12.219 6633
12.2223 6652
12.2571 6671
12.2604 6690
12.2637 6709
12.298 6728
12.3013 6747
12.3046 6766
12.3079 6785
12.3129 6804
12.3163 6823
12.351 6841
12.3543 6859
12.3576 6877
12.3919 6895
12.3952 6913
12.3985 6931
12.4019 6949
12.4069 6967
12.4102 6985
12.4449 7003
12.4482 7021
12.4515 7039
12.4842 7057
12.4875 7075
12.4908 7093
12.4941 7111
12.4991 7129
12.5024 7147
12.5372 7165
12.5405 7183
12.5438 7201
12.5765 7218
12.5798 7235
12.5831 7252
12.5864 7269
12.5914 7286
12.5947 7303
12.6294 7320
12.6328 7337
12.6361 7354
12.6394 7371
12.6704 7388
12.6737 7405
12.677 7422
12.6803 7439
12.6853 7456
12.6886 7473
12.7234 7490
12.7267 7507
12.73 7524
12.7333 7541
12.7643 7558
12.7676 7575
12.7709 7592
12.7742 7609
12.7792 7626
12.7826 7642
12.8173 7658
12.8206 7674
12.8239 7690
12.8272 7706
12.8582 7722
12.8615 7738
12.8648 7754
12.8682 7770
12.8715 7786
12.8748 7802
12.9096 7818
12.9129 7834
12.9162 7850
12.9195 7866
12.9505 7882
12.9538 7898
12.9571 7914
12.9604 7930
12.9638 7946
12.9671 7962
13.0018 7978
13.0051 7994
13.0084 8010
13.0118 8026
13.0428 8042
13.0461 8058
13.0494 8074
13.0527 8090
13.056 8106
13.0593 8121
13.0626 8136
13.0957 8151
13.0991 8166
13.1024 8181
13.1057 8196
13.1367 8211
13.14 8226
13.1433 8241
13.1466 8256
13.1499 8271
13.1532 8286
13.1565 8301
13.1897 8316
13.193 8331
13.1963 8346
13.1996 8361
13.2306 8376
13.2339 8391
13.2372 8406
13.2405 8421
13.2438 8436
13.2472 8451
13.2505 8466
13.2819 8481
13.2852 8496
13.2886 8511
13.2919 8526
13.3229 8541
13.3262 8556
13.3295 8571
13.3328 8586
13.3361 8601
13.3394 8616
13.3427 8631
13.3742 8646
13.3775 8660
13.3808 8674
13.3841 8688
13.4151 8702
13.4184 8716
13.4218 8730
13.4251 8744
13.4284 8758
13.4317 8772
13.435 8786
13.4665 8800
13.4698 8814
13.4764 8828
13.4797 8842
13.5091 8856
13.5124 8870
13.5157 8884
13.519 8898
13.5223 8912
13.5256 8926
13.5289 8940
13.5604 8954
13.5637 8968
13.5703 8982
13.5736 8996
13.5769 9010
13.6013 9024
