0.0 0
0.180557 0.18
0.362846 0.18025
0.546749 0.180719
0.730651 0.181129
0.912898 0.204238
0.91621 0.201958
1.0968 0.199713
1.10011 0.198249
1.10342 0.196843
1.2807 0.195238
1.28401 0.194333
1.28733 0.193416
1.29064 0.192614
1.46295 0.213412
1.46626 0.209986
1.46957 0.206863
1.47288 0.204505
1.4762 0.202567
1.47951 0.200871
1.6452 0.220137
1.64851 0.21587
1.65182 0.212011
1.65513 0.209135
1.65844 0.206618
1.66176 0.204416
1.66507 0.202989
1.66838 0.201615
1.67169 0.200413
1.82744 0.218862
1.83075 0.214629
1.83407 0.21105
1.83738 0.208294
1.84069 0.205882
1.844 0.203772
1.84731 0.2023
1.85063 0.201013
1.85394 0.199886
1.85725 0.199401
1.86056 0.19885
1.86387 0.198369
1.86719 0.198448
1.8705 0.198517
2.01134 0.196702
2.01466 0.19549
2.01797 0.194428
2.02128 0.1935
2.02459 0.193062
2.0279 0.19268
2.03122 0.19247
2.03453 0.192661
2.03784 0.192703
2.04115 0.192865
2.04446 0.193382
2.04778 0.193834
2.05109 0.194355
2.0544 0.195186
2.05771 0.195788
2.06102 0.196439
2.06434 0.197384
2.06765 0.198211
2.07096 0.19881
2.07427 0.199834
2.07758 0.200729
2.19525 0.198638
2.19856 0.197183
2.20187 0.19591
2.20518 0.194922
2.20849 0.194431
2.21181 0.193878
2.21512 0.193518
2.21843 0.193578
2.22174 0.193631
2.22505 0.193677
2.22837 0.194092
2.23168 0.194456
2.23499 0.194774
2.2383 0.195552
2.24161 0.196108
2.24493 0.196595
2.24824 0.19752
2.25155 0.19833
2.25486 0.198914
2.25817 0.199925
2.26149 0.200809
2.2648 0.201583
2.26811 0.20276
2.27142 0.203665
2.27473 0.204457
2.27805 0.20565
2.28136 0.206694
2.28467 0.207607
2.28798 0.208781
2.29129 0.209808
2.29461 0.210707
2.37749 0.221869
2.3808 0.21726
2.38412 0.213353
2.38743 0.210309
2.39074 0.207645
2.39405 0.205314
2.39736 0.20365
2.40068 0.202194
2.40399 0.20092
2.4073 0.200305
2.41061 0.199642
2.41392 0.199061
2.41724 0.199054
2.42055 0.199047
2.42386 0.198916
2.42717 0.199302
2.43048 0.199639
2.4338 0.199934
2.43711 0.200692
2.44042 0.201356
2.44373 0.201811
2.44704 0.20271
2.45036 0.203496
2.45367 0.204184
2.45698 0.205161
2.46029 0.206016
2.4636 0.206764
2.46692 0.207793
2.47023 0.208819
2.47354 0.209592
2.47685 0.210643
2.48016 0.211688
2.48348 0.212602
2.48679 0.213776
2.4901 0.214804
2.49341 0.215704
2.49672 0.216866
2.50004 0.218008
2.50335 0.218882
2.50666 0.220021
2.50997 0.221019
2.51328 0.222016
2.5166 0.223264
2.51991 0.224356
2.52322 0.225312
2.52653 0.226523
2.52984 0.227582
2.5614 0.222135
2.56471 0.217743
2.56802 0.214025
2.57133 0.210647
2.57464 0.208066
2.57796 0.205808
2.58127 0.203957
2.58458 0.202712
2.58789 0.201498
2.5912 0.200561
2.59452 0.200116
2.59783 0.199726
2.60114 0.199511
2.60445 0.199697
2.60776 0.199735
2.61108 0.199893
2.61439 0.200406
2.6177 0.200855
2.62101 0.201248
2.62432 0.201967
2.62764 0.202596
2.63095 0.203147
2.63426 0.204129
2.63757 0.204862
2.64088 0.205505
2.6442 0.206567
2.64751 0.207496
2.65082 0.208184
2.65413 0.209286
2.65744 0.21025
2.66076 0.211094
2.66407 0.212332
2.66738 0.213291
2.67069 0.214129
2.674 0.215363
2.67732 0.216443
2.68063 0.217387
2.68394 0.218589
2.68725 0.21964
2.69056 0.22056
2.69388 0.22174
2.69719 0.222898
2.7005 0.223786
2.70381 0.224937
2.70712 0.22607
2.71044 0.227061
2.71375 0.228304
2.71706 0.229391
2.72037 0.230342
2.72368 0.231549
2.727 0.232606
2.73031 0.23353
2.73362 0.234714
2.73693 0.235749
2.74024 0.236781
2.74356 0.238058
2.74687 0.239051
2.75018 0.240045
2.75349 0.241289
2.7568 0.242378
2.76012 0.243456
2.76343 0.244774
2.76674 0.245802
2.77005 0.246827
2.77336 0.248098
2.77668 0.249211
2.77999 0.25006
2.7833 0.251302
2.78661 0.252389
2.78992 0.253341
2.79324 0.254673
2.79655 0.252214
2.79986 0.250062
2.80317 0.248679
2.80648 0.247345
2.8098 0.246176
2.81311 0.245654
2.81642 0.245198
2.81973 0.244798
2.82304 0.244948
2.82635 0.244955
2.82967 0.24496
2.83298 0.24534
2.83629 0.245798
2.8396 0.246073
2.84291 0.246689
2.84623 0.247353
2.84954 0.247934
2.85285 0.248817
2.85616 0.24959
2.85947 0.250266
2.86279 0.251233
2.8661 0.252204
2.86941 0.252928
2.87272 0.253937
2.87603 0.254945
2.87935 0.255827
2.88266 0.256974
2.88597 0.257852
2.88928 0.258745
2.89259 0.259902
2.89591 0.260914
2.89922 0.261925
2.90253 0.263184
2.90584 0.264161
2.90915 0.265141
2.91247 0.266374
2.91578 0.267452
2.91909 0.268395
2.9224 0.269596
2.92571 0.270646
2.92903 0.271691
2.93234 0.272979
2.93565 0.273982
2.93896 0.274859
2.94227 0.276127
2.94559 0.277236
2.9489 0.278081
2.95221 0.279321
2.95552 0.280406
2.95883 0.281355
2.96215 0.282686
2.96546 0.283725
2.96877 0.284635
2.97208 0.28593
2.97539 0.287064
2.97871 0.288056
2.98202 0.289424
2.98533 0.290496
2.98864 0.291434
2.99195 0.29263
2.99527 0.293801
2.99858 0.294701
3.00189 0.295863
3.0052 0.297005
3.00851 0.298005
3.01183 0.299254
3.01514 0.300347
3.01845 0.301304
3.02176 0.302516
3.02507 0.303701
3.02839 0.304614
3.0317 0.305787
3.03501 0.306939
3.03832 0.307946
3.04163 0.309203
3.04495 0.310303
3.04826 0.311265
3.05157 0.312482
3.05488 0.313547
3.05819 0.314603
3.06151 0.315903
3.06482 0.316915
3.06813 0.317926
3.07144 0.319185
3.07475 0.320287
3.07807 0.321251
3.08138 0.32247
3.08469 0.323536
3.088 0.324594
3.09131 0.325895
3.09463 0.326908
3.09794 0.327794
3.10125 0.32907
3.10456 0.330186
3.10787 0.331038
3.11119 0.332283
3.1145 0.333373
3.11781 0.334326
3.12112 0.33566
3.12443 0.336828
3.12775 0.337724
3.13106 0.339009
3.13437 0.340133
3.13768 0.341116
3.14099 0.342352
3.14431 0.343433
3.14762 0.344379
3.15093 0.345581
3.15424 0.346759
3.15755 0.347664
3.16087 0.348831
3.16418 0.349977
3.16749 0.35098
3.1708 0.352232
3.17411 0.353328
3.17743 0.354287
3.18074 0.355501
3.18405 0.356689
3.18736 0.357603
3.19067 0.358777
3.19399 0.359805
3.1973 0.360829
3.20061 0.362101
3.20392 0.363213
3.20723 0.364187
3.21055 0.365413
3.21386 0.366487
3.21717 0.367551
3.22048 0.368857
3.22379 0.369875
3.22711 0.37089
3.23042 0.372154
3.23373 0.37326
3.23704 0.374227
3.24035 0.375449
3.24367 0.376518
3.24698 0.377453
3.25029 0.378771
3.2536 0.3798
3.25691 0.3807
3.92263 0.366613
3.92594 0.354411
3.92925 0.34386
3.93256 0.334627
3.93587 0.326424
3.93919 0.319621
3.9425 0.313543
3.94581 0.308225
3.94912 0.303697
3.95243 0.299735
3.95575 0.296143
3.95906 0.293125
3.96237 0.290485
3.96568 0.288049
3.96899 0.285918
3.97231 0.284178
3.97562 0.282531
3.97893 0.28109
3.98224 0.279953
3.98555 0.278834
3.98887 0.277855
3.99218 0.277123
3.99549 0.276358
3.9988 0.275938
4.00211 0.275696
4.00543 0.275359
4.00874 0.275064
4.01205 0.274931
4.01536 0.27469
4.01867 0.274478
4.02199 0.274294
4.0253 0.274132
4.02861 0.27399
4.03192 0.273867
4.03523 0.273758
4.03855 0.273663
4.04186 0.273581
4.04517 0.273508
4.04848 0.273444
4.05179 0.273514
4.05511 0.2737
4.05842 0.273862
4.06173 0.274004
4.06504 0.274129
4.06835 0.274238
4.07167 0.274333
4.07498 0.274291
4.07829 0.27438
4.0816 0.274457
4.08491 0.2744
4.08823 0.274475
4.09154 0.274541
4.09485 0.274473
4.09816 0.274789
4.10147 0.27519
4.10479 0.275542
4.1081 0.275974
4.11141 0.276227
4.11472 0.276449
4.11803 0.276768
4.12135 0.276922
4.12466 0.277057
4.12797 0.277174
4.13128 0.277278
4.13459 0.277368
4.13791 0.277447
4.14122 0.278016
4.14453 0.278889
4.14784 0.280028
4.15115 0.281524
4.15447 0.283209
4.15778 0.285058
4.16109 0.287176
4.1644 0.289404
4.16771 0.291728
4.17103 0.294262
4.17434 0.292229
4.17765 0.290826
4.18096 0.289972
4.18427 0.289726
4.18759 0.289885
4.1909 0.2904
4.19421 0.29135
4.19752 0.289306
4.20083 0.287518
4.20415 0.285953
4.20746 0.284584
4.21077 0.282886
4.21408 0.281525
4.21739 0.280334
4.22071 0.279168
4.22402 0.278272
4.22733 0.277488
4.23064 0.276677
4.23395 0.275967
4.23727 0.275471
4.24058 0.275037
4.24389 0.274533
4.2472 0.274216
4.25051 0.273939
4.25383 0.273572
4.25714 0.273375
4.26045 0.273203
4.26376 0.272928
4.26707 0.272812
4.27039 0.27271
4.2737 0.272497
4.27701 0.272435
4.28032 0.27238
4.28363 0.272208
4.28695 0.272057
4.29026 0.27205
4.29357 0.272043
4.29688 0.271913
4.30019 0.271924
4.30351 0.271933
4.30682 0.271817
4.31013 0.27184
4.31344 0.27186
4.31675 0.271752
4.32007 0.271408
4.32338 0.270982
4.32669 0.270609
4.33 0.270408
4.33331 0.270107
4.33663 0.269844
4.33994 0.269613
4.34325 0.269537
4.34656 0.269345
4.34987 0.269176
4.35319 0.269154
4.3565 0.26901
4.35981 0.268884
4.36312 0.268898
4.36643 0.268786
4.36975 0.268688
4.37306 0.268727
4.37637 0.268636
4.37968 0.268556
4.38299 0.268487
4.38631 0.268426
4.38962 0.268373
4.39293 0.268326
4.39624 0.26841
4.39955 0.268359
4.40287 0.267939
4.40618 0.267572
4.40949 0.26725
4.4128 0.266969
4.41611 0.266723
4.41943 0.266508
4.42274 0.266319
4.42605 0.266154
4.42936 0.26601
4.43267 0.265884
4.43599 0.265648
4.4393 0.265567
4.44261 0.265496
4.44592 0.265434
4.44923 0.26538
4.45255 0.265332
4.45586 0.265291
4.45917 0.265255
4.46248 0.265223
4.46579 0.265195
4.46911 0.265171
4.47242 0.265149
4.47573 0.265131
4.47904 0.265114
4.48235 0.2651
4.48567 0.265087
4.48898 0.264952
4.49229 0.264958
4.4956 0.264963
4.49891 0.264968
4.50223 0.264972
4.50554 0.264975
4.50885 0.264978
4.51216 0.264981
4.51547 0.264983
4.51879 0.264985
4.5221 0.264987
4.52541 0.264989
4.52872 0.26499
4.53203 0.264991
4.53535 0.264993
4.53866 0.264993
4.54197 0.264869
4.54528 0.264886
4.54859 0.2649
4.55191 0.264912
4.55522 0.264923
4.55853 0.264933
4.56184 0.264941
4.56515 0.264949
4.56847 0.264955
4.57178 0.264961
4.57509 0.264966
4.5784 0.26497
4.58171 0.264974
4.58503 0.264977
4.58834 0.26498
4.59165 0.264982
4.59496 0.26486
4.59827 0.264877
4.60159 0.264892
4.6049 0.264906
4.60821 0.264918
4.61152 0.264928
4.61483 0.264937
4.61815 0.264945
4.62146 0.264952
4.62477 0.264958
4.62808 0.264963
4.63139 0.264968
4.63471 0.264972
4.63802 0.264975
4.64133 0.264978
4.64464 0.264981
4.64795 0.264983
4.65127 0.264985
4.65458 0.264987
4.65789 0.264989
4.6612 0.26499
4.66451 0.264991
4.66783 0.264993
4.67114 0.264993
4.67445 0.264994
4.67776 0.264995
4.68107 0.264996
4.68439 0.264996
4.6877 0.264997
4.69101 0.264997
4.69432 0.264997
4.69763 0.264998
4.70095 0.264998
4.70426 0.264998
4.70757 0.264998
4.71088 0.264999
4.71419 0.264999
4.71751 0.264999
4.72082 0.264999
4.72413 0.264999
4.72744 0.264999
4.73075 0.264999
4.73407 0.264999
4.73738 0.265
4.74069 0.265
4.744 0.265
4.74731 0.265
4.75063 0.265
4.75394 0.265
4.75725 0.265
4.76056 0.265
4.76387 0.265
4.76719 0.265
4.7705 0.265
4.77381 0.265
4.77712 0.265
4.78043 0.265
4.78375 0.265375
4.78706 0.265828
4.79037 0.2661
4.79368 0.266337
4.79699 0.266545
4.80031 0.266727
4.80362 0.266886
4.80693 0.267025
4.81024 0.267272
4.81355 0.267363
4.81687 0.267443
4.82018 0.267637
4.82349 0.267683
4.8268 0.267722
4.83011 0.267882
4.83343 0.267897
4.83674 0.26791
4.84005 0.268046
4.84336 0.26804
4.84667 0.268035
4.84999 0.268031
4.8533 0.268027
4.85661 0.268024
4.85992 0.268021
4.86323 0.268143
4.86655 0.268125
4.86986 0.26811
4.87317 0.268221
4.87648 0.268193
4.87979 0.268169
4.88311 0.268273
4.88642 0.268239
4.88973 0.268209
4.89304 0.268308
4.89635 0.268269
4.89967 0.268236
4.90298 0.268206
4.90629 0.26818
4.9096 0.268158
4.91291 0.268138
4.91623 0.268246
4.91954 0.268215
4.92285 0.268188
4.92616 0.26829
4.92947 0.268254
4.93279 0.268222
4.9361 0.268319
4.93941 0.268279
4.94272 0.268244
4.94603 0.268339
4.94935 0.268296
4.95266 0.268259
4.95597 0.268227
4.95928 0.268199
4.96259 0.268174
4.96591 0.268152
4.96922 0.268258
4.97253 0.268226
4.97584 0.268198
4.97915 0.268298
4.98247 0.268261
4.98578 0.268228
4.98909 0.268325
4.9924 0.268284
4.99571 0.268248
4.99903 0.268342
5.00234 0.2683
5.00565 0.268262
5.00896 0.268229
5.01227 0.268201
5.01559 0.268176
5.0189 0.268154
5.02221 0.268259
5.02552 0.268227
5.02883 0.268199
5.03215 0.268299
5.03546 0.268261
5.03877 0.268229
5.04208 0.268325
5.04539 0.268285
5.04871 0.268249
5.05202 0.268343
5.05533 0.2683
5.05864 0.268262
5.06195 0.26823
5.06527 0.268326
5.06858 0.268285
5.07189 0.26825
5.0752 0.268343
5.07851 0.2683
5.08183 0.268263
5.08514 0.268355
5.08845 0.268311
5.09176 0.268272
5.09507 0.268363
5.09839 0.268317
5.1017 0.268278
5.10501 0.268368
5.10832 0.268322
5.11163 0.268282
5.11495 0.268247
5.11826 0.268341
5.12157 0.268298
5.12488 0.268261
5.12819 0.268353
5.13151 0.268309
5.13482 0.26827
5.13813 0.268362
5.14144 0.268316
5.14475 0.268277
5.14807 0.268367
5.15138 0.268321
5.15469 0.268281
5.158 0.268371
5.16131 0.268325
5.16463 0.268284
5.16794 0.268249
5.17125 0.268343
5.17456 0.2683
5.17787 0.268262
5.18119 0.268354
5.1845 0.26831
5.18781 0.268271
5.19112 0.268362
5.19443 0.268317
5.19775 0.268278
5.20106 0.268368
5.20437 0.268322
5.20768 0.268282
5.21099 0.268246
5.21431 0.268216
5.21762 0.268189
5.22093 0.268165
5.22424 0.268269
5.22755 0.268236
5.23087 0.268206
5.23418 0.268306
5.23749 0.268267
5.2408 0.268234
5.24411 0.26833
5.24743 0.268288
5.25074 0.268252
5.25405 0.268346
5.25736 0.268303
5.26067 0.268265
5.26399 0.268232
5.2673 0.268203
5.27061 0.268177
5.27392 0.268155
5.27723 0.268261
5.28055 0.268228
5.28386 0.2682
5.28717 0.2683
5.29048 0.268262
5.29379 0.268229
5.29711 0.268326
5.30042 0.268285
5.30373 0.268249
5.30704 0.268343
5.31035 0.2683
5.31367 0.268263
5.31698 0.26823
5.32029 0.268201
5.3236 0.268176
5.32691 0.268154
5.33023 0.26826
5.33354 0.268227
5.33685 0.268199
5.34016 0.268299
5.34347 0.268262
5.34679 0.268229
5.3501 0.268325
5.35341 0.268285
5.35672 0.268249
5.36003 0.268343
5.36335 0.2683
5.36666 0.268263
5.36997 0.26823
5.37328 0.268201
5.37659 0.268176
5.37991 0.268154
5.38322 0.26826
5.38653 0.268227
5.38984 0.268199
5.39315 0.268299
5.39647 0.268262
5.39978 0.268229
5.40309 0.268325
5.4064 0.268285
5.40971 0.268249
5.41303 0.268343
5.41634 0.2683
5.41965 0.268263
5.42296 0.26823
5.42627 0.268201
5.42959 0.268176
5.4329 0.268154
5.43621 0.26826
5.43952 0.268227
5.44283 0.268199
5.44615 0.268299
5.44946 0.268262
5.45277 0.268229
5.45608 0.268325
5.45939 0.268285
5.46271 0.268249
5.46602 0.268343
5.46933 0.2683
5.47264 0.268263
5.47595 0.26823
5.47927 0.268326
5.48258 0.268285
5.48589 0.26825
5.4892 0.268343
5.49251 0.2683
5.49583 0.268263
5.49914 0.268355
5.50245 0.268311
5.50576 0.268272
5.50907 0.268363
5.51239 0.268317
5.5157 0.268278
5.51901 0.268368
5.52232 0.268322
5.52563 0.268282
5.52895 0.268247
5.53226 0.268341
5.53557 0.268298
5.53888 0.268261
5.54219 0.268353
5.54551 0.268309
5.54882 0.26827
5.55213 0.268362
5.55544 0.268316
5.55875 0.268277
5.56207 0.268367
5.56538 0.268321
5.56869 0.268281
5.572 0.268371
5.57531 0.268325
5.57863 0.268284
5.58194 0.268249
5.58525 0.268343
5.58856 0.2683
5.59187 0.268262
5.59519 0.268354
5.5985 0.26831
5.60181 0.268271
5.60512 0.268362
5.60843 0.268317
5.61175 0.268278
5.61506 0.268368
5.61837 0.268322
5.62168 0.268282
5.62499 0.268246
5.62831 0.268216
5.63162 0.268189
5.63493 0.268165
5.63824 0.268269
5.64155 0.268236
5.64487 0.268206
5.64818 0.268306
5.65149 0.268267
5.6548 0.268234
5.65811 0.26833
5.66143 0.268288
5.66474 0.268252
5.66805 0.268346
5.67136 0.268303
5.67467 0.268265
5.67799 0.268232
5.6813 0.268203
5.68461 0.268177
5.68792 0.268155
5.69123 0.268261
5.69455 0.268228
5.69786 0.2682
5.70117 0.2683
5.70448 0.268262
5.70779 0.268229
5.71111 0.268326
5.71442 0.268285
5.71773 0.268249
5.72104 0.268343
5.72435 0.2683
5.72767 0.268263
5.73098 0.26823
5.73429 0.268201
5.7376 0.268176
5.74091 0.268154
5.74423 0.26826
5.74754 0.268227
5.75085 0.268199
5.75416 0.268299
5.75747 0.268262
5.76079 0.268229
5.7641 0.268325
5.76741 0.268285
5.77072 0.268249
5.77403 0.268343
5.77735 0.2683
5.78066 0.268263
5.78397 0.26823
5.78728 0.268201
5.79059 0.268176
5.79391 0.268154
5.79722 0.26826
5.80053 0.268227
5.80384 0.268199
5.80715 0.268299
5.81047 0.268262
5.81378 0.268229
5.81709 0.268325
5.8204 0.268285
5.82371 0.268249
5.82703 0.268343
5.83034 0.2683
5.83365 0.268263
5.83696 0.26823
5.84027 0.268201
5.84359 0.268176
5.8469 0.268154
5.85021 0.26826
5.85352 0.268227
5.85683 0.268199
5.86015 0.268299
5.86346 0.268262
5.86677 0.268229
5.87008 0.268325
5.87339 0.268285
5.87671 0.268249
5.88002 0.268343
5.88333 0.2683
5.88664 0.268263
5.88995 0.26823
5.89327 0.268326
5.89658 0.268285
5.89989 0.26825
5.9032 0.268343
5.90651 0.2683
5.90983 0.268263
5.91314 0.268355
5.91645 0.268311
5.91976 0.268272
5.92307 0.268363
5.92639 0.268317
5.9297 0.268278
5.93301 0.268368
5.93632 0.268322
5.93963 0.268282
5.94295 0.268247
5.94626 0.268341
5.94957 0.268298
5.95288 0.268261
5.95619 0.268353
5.95951 0.268309
5.96282 0.26827
5.96613 0.268362
5.96944 0.268316
5.97275 0.268277
5.97607 0.268367
5.97938 0.268821
5.98269 0.269094
5.986 0.269457
5.98931 0.269775
5.99263 0.269928
5.99594 0.270062
5.99925 0.270304
6.00256 0.270516
6.00587 0.270577
6.00919 0.270755
6.0125 0.27091
6.01581 0.270921
6.01912 0.271056
6.02243 0.271174
6.02575 0.271152
6.02906 0.271258
6.03237 0.271351
6.03568 0.271307
6.03899 0.271269
6.04231 0.27136
6.04562 0.271315
6.04893 0.271276
6.05224 0.271366
6.05555 0.271446
6.05887 0.27139
6.06218 0.271466
6.06549 0.271533
6.0688 0.271466
6.07211 0.271533
6.07543 0.271591
6.07874 0.271517
6.08205 0.271578
6.08536 0.271631
6.08867 0.271552
6.09199 0.271483
6.0953 0.271547
6.09861 0.271479
6.10192 0.271419
6.10523 0.271492
6.10855 0.271555
6.11186 0.271486
6.11517 0.27155
6.11848 0.271606
6.12179 0.271531
6.1251 0.271589
6.12842 0.271641
6.13173 0.271561
6.13504 0.271615
6.13835 0.271664
6.14166 0.271581
6.14498 0.271508
6.14829 0.27157
6.1516 0.271498
6.15491 0.271436
6.15822 0.271507
6.16154 0.271568
6.16485 0.271497
6.16816 0.27156
6.17147 0.271615
6.17478 0.271538
6.1781 0.271596
6.18141 0.271646
6.18472 0.271566
6.18803 0.27162
6.19134 0.271667
6.19466 0.271584
6.19797 0.271511
6.20128 0.271572
6.20459 0.271501
6.2079 0.271438
6.21122 0.271508
6.21453 0.27157
6.21784 0.271499
6.22115 0.271561
6.22446 0.271616
6.22778 0.271539
6.23109 0.271597
6.2344 0.271647
6.23771 0.271566
6.24102 0.27162
6.24434 0.271668
6.24765 0.271584
6.25096 0.271511
6.25427 0.271572
6.25758 0.271501
6.2609 0.271438
6.26421 0.271508
6.26752 0.27157
6.27083 0.271499
6.27414 0.271561
6.27746 0.271616
6.28077 0.271539
6.28408 0.271597
6.28739 0.271647
6.2907 0.271566
6.29402 0.27162
6.29733 0.271668
6.30064 0.271584
6.30395 0.271511
6.30726 0.271572
6.31058 0.271626
6.31389 0.271548
6.3172 0.271604
6.32051 0.271654
6.32382 0.271572
6.32714 0.271625
6.33045 0.271672
6.33376 0.271588
6.33707 0.27164
6.34038 0.271685
6.3437 0.271599
6.34701 0.271649
6.35032 0.271693
6.35363 0.271606
6.35694 0.271531
6.36026 0.271589
6.36357 0.271641
6.36688 0.271561
6.37019 0.271616
6.3735 0.271664
6.37682 0.271581
6.38013 0.271633
6.38344 0.271679
6.38675 0.271594
6.39006 0.271645
6.39338 0.271689
6.39669 0.271603
6.4 0.271653
6.40331 0.271696
6.40662 0.271609
6.40994 0.271533
6.41325 0.271591
6.41656 0.271642
6.41987 0.271562
6.42318 0.271617
6.4265 0.271665
6.42981 0.271582
6.43312 0.271634
6.43643 0.27168
6.43974 0.271595
6.44306 0.271645
6.44637 0.27169
6.44968 0.271603
6.45299 0.271528
6.4563 0.271587
6.45962 0.271514
6.46293 0.271449
6.46624 0.271518
6.46955 0.271578
6.47286 0.271506
6.47618 0.271568
6.47949 0.271622
6.4828 0.271544
6.48611 0.271601
6.48942 0.271651
6.49274 0.27157
6.49605 0.271623
6.49936 0.271671
6.50267 0.271587
6.50598 0.271513
6.5093 0.271574
6.51261 0.271502
6.51592 0.27144
6.51923 0.27151
6.52254 0.271571
6.52586 0.2715
6.52917 0.271562
6.53248 0.271617
6.53579 0.27154
6.5391 0.271597
6.54242 0.271648
6.54573 0.271567
6.54904 0.271621
6.55235 0.271668
6.55566 0.271585
6.55898 0.271512
6.56229 0.271573
6.5656 0.271501
6.56891 0.271438
6.57222 0.271509
6.57554 0.27157
6.57885 0.271499
6.58216 0.271561
6.58547 0.271616
6.58878 0.271539
6.5921 0.271597
6.59541 0.271647
6.59872 0.271566
6.60203 0.271621
6.60534 0.271668
6.60866 0.271584
6.61197 0.271511
6.61528 0.271572
6.61859 0.271501
6.6219 0.271438
6.62522 0.271509
6.62853 0.27157
6.63184 0.271499
6.63515 0.271561
6.63846 0.271616
6.64178 0.271539
6.64509 0.271597
6.6484 0.271647
6.65171 0.271566
6.65502 0.27162
6.65834 0.271668
6.66165 0.271584
6.66496 0.271511
6.66827 0.271572
6.67158 0.271501
6.6749 0.271438
6.67821 0.271509
6.68152 0.27157
6.68483 0.271499
6.68814 0.271561
6.69146 0.271616
6.69477 0.271539
6.69808 0.271597
6.70139 0.271647
6.7047 0.271566
6.70802 0.27162
6.71133 0.271668
6.71464 0.271584
6.71795 0.271511
6.72126 0.271572
6.72458 0.271626
6.72789 0.271548
6.7312 0.271604
6.73451 0.271654
6.73782 0.271572
6.74114 0.271625
6.74445 0.271672
6.74776 0.271588
6.75107 0.27164
6.75438 0.271685
6.7577 0.271599
6.76101 0.271649
6.76432 0.271693
6.76763 0.271606
6.77094 0.271531
6.77426 0.271589
6.77757 0.271641
6.78088 0.271561
6.78419 0.271616
6.7875 0.271664
6.79082 0.271581
6.79413 0.271633
6.79744 0.271679
6.80075 0.271594
6.80406 0.271645
6.80738 0.271689
6.81069 0.271603
6.814 0.271653
6.81731 0.271696
6.82062 0.271609
6.82394 0.271533
6.82725 0.271591
6.83056 0.271642
6.83387 0.271562
6.83718 0.271617
6.8405 0.271665
6.84381 0.271582
6.84712 0.271634
6.85043 0.27168
6.85374 0.271595
6.85706 0.271645
6.86037 0.27169
6.86368 0.271604
6.86699 0.271528
6.8703 0.271587
6.87362 0.271514
6.87693 0.271449
6.88024 0.271518
6.88355 0.271578
6.88686 0.271506
6.89018 0.271568
6.89349 0.271622
6.8968 0.271544
6.90011 0.271601
6.90342 0.271651
6.90674 0.27157
6.91005 0.271623
6.91336 0.271671
6.91667 0.271587
6.91998 0.271513
6.9233 0.271574
6.92661 0.271502
6.92992 0.27144
6.93323 0.27151
6.93654 0.271571
6.93986 0.2715
6.94317 0.271562
6.94648 0.271617
6.94979 0.27154
6.9531 0.271597
6.95642 0.271648
6.95973 0.271567
6.96304 0.271621
6.96635 0.271668
6.96966 0.271585
6.97298 0.271512
6.97629 0.271573
6.9796 0.271501
6.98291 0.271438
6.98622 0.271509
6.98954 0.27157
6.99285 0.271499
6.99616 0.271561
6.99947 0.271616
7.00278 0.271539
7.0061 0.271597
7.00941 0.271647
7.01272 0.271566
7.01603 0.271621
7.01934 0.271668
7.02266 0.271584
7.02597 0.271511
7.02928 0.271572
7.03259 0.271501
7.0359 0.271438
7.03922 0.271509
7.04253 0.27157
7.04584 0.271499
7.04915 0.271561
7.05246 0.271616
7.05578 0.271539
7.05909 0.271597
7.0624 0.271647
7.06571 0.271566
7.06902 0.27162
7.07234 0.271668
7.07565 0.271584
7.07896 0.271511
7.08227 0.271572
7.08558 0.271501
7.0889 0.271438
7.09221 0.271509
7.09552 0.27157
7.09883 0.271499
7.10214 0.271561
7.10546 0.271616
7.10877 0.271539
7.11208 0.271597
7.11539 0.271647
7.1187 0.271566
7.12202 0.27162
7.12533 0.271668
7.12864 0.271584
7.13195 0.271511
7.13526 0.271572
7.13858 0.271626
7.14189 0.271548
7.1452 0.271604
7.14851 0.271654
7.15182 0.271572
7.15514 0.271625
7.15845 0.271672
7.16176 0.271588
7.16507 0.27164
7.16838 0.271685
7.1717 0.271599
7.17501 0.272024
7.17832 0.272396
7.18163 0.272722
7.18494 0.272881
7.18826 0.273146
7.19157 0.273378
7.19488 0.273581
7.19819 0.273758
7.2015 0.273913
7.20482 0.274049
7.20813 0.274168
7.21144 0.274272
7.21475 0.274363
7.21806 0.274443
7.22138 0.274512
7.22469 0.274573
7.228 0.274627
7.23131 0.274673
7.23462 0.274714
7.23794 0.274625
7.24125 0.274672
7.24456 0.274713
7.24787 0.274749
7.25118 0.27478
7.2545 0.274808
7.25781 0.274832
7.26112 0.274853
7.26443 0.274871
7.26774 0.274887
7.27106 0.274901
7.27437 0.274914
7.27768 0.274924
7.28099 0.274809
7.2843 0.274833
7.28762 0.274854
7.29093 0.274747
7.29424 0.274779
7.29755 0.274806
7.30086 0.27483
7.30418 0.274852
7.30749 0.27487
7.3108 0.274886
7.31411 0.274901
7.31742 0.274913
7.32074 0.274924
7.32405 0.274933
7.32736 0.274942
7.33067 0.274949
7.33398 0.27483
7.3373 0.274852
7.34061 0.27487
7.34392 0.274761
7.34723 0.274791
7.35054 0.274817
7.35386 0.27484
7.35717 0.27486
7.36048 0.274878
7.36379 0.274893
7.3671 0.274906
7.37042 0.274918
7.37373 0.274928
7.37704 0.274937
7.38035 0.274945
7.38366 0.274952
7.38698 0.274833
7.39029 0.274854
7.3936 0.274872
7.39691 0.274763
7.40022 0.274793
7.40354 0.274819
7.40685 0.274841
7.41016 0.274861
7.41347 0.274878
7.41678 0.274894
7.4201 0.274907
7.42341 0.274919
7.42672 0.274929
7.43003 0.274938
7.43334 0.274945
7.43666 0.274952
7.43997 0.274833
7.44328 0.274854
7.44659 0.274872
7.4499 0.274763
7.45322 0.274793
7.45653 0.274819
7.45984 0.274841
7.46315 0.274861
7.46646 0.274879
7.46978 0.274894
7.47309 0.274907
7.4764 0.274919
7.47971 0.274929
7.48302 0.274938
7.48634 0.274946
7.48965 0.274952
7.49296 0.274833
7.49627 0.274854
7.49958 0.274872
7.5029 0.274763
7.50621 0.274793
7.50952 0.274819
7.51283 0.274841
7.51614 0.274861
7.51946 0.274879
7.52277 0.274894
7.52608 0.274907
7.52939 0.274919
7.5327 0.274929
7.53602 0.274938
7.53933 0.274946
7.54264 0.274952
7.54595 0.274833
7.54926 0.274854
7.55258 0.274872
7.55589 0.274888
7.5592 0.274902
7.56251 0.274914
7.56582 0.274925
7.56914 0.274935
7.57245 0.274943
7.57576 0.27495
7.57907 0.274956
7.58238 0.274962
7.5857 0.274966
7.58901 0.274971
7.59232 0.274974
7.59563 0.274978
7.59894 0.274855
7.60226 0.274873
7.60557 0.274889
7.60888 0.274903
7.61219 0.274915
7.6155 0.274926
7.61882 0.274935
7.62213 0.274943
7.62544 0.27495
7.62875 0.274956
7.63206 0.274962
7.63538 0.274967
7.63869 0.274971
7.642 0.274974
7.64531 0.274978
7.64862 0.27498
7.65194 0.274858
7.65525 0.274876
7.65856 0.274891
7.66187 0.274905
7.66518 0.274917
7.6685 0.274927
7.67181 0.274936
7.67512 0.274944
7.67843 0.274951
7.68174 0.274957
7.68506 0.274963
7.68837 0.274967
7.69168 0.274971
7.69499 0.27485
7.6983 0.274869
7.70162 0.274885
7.70493 0.274774
7.70824 0.274803
7.71155 0.274827
7.71486 0.274849
7.71818 0.274868
7.72149 0.274884
7.7248 0.274899
7.72811 0.274911
7.73142 0.274923
7.73474 0.274932
7.73805 0.274941
7.74136 0.274948
7.74467 0.274955
7.74798 0.274835
7.7513 0.274856
7.75461 0.274874
7.75792 0.274765
7.76123 0.274794
7.76454 0.27482
7.76786 0.274842
7.77117 0.274862
7.77448 0.274879
7.77779 0.274894
7.7811 0.274908
7.78442 0.274919
7.78773 0.274929
7.79104 0.274938
7.79435 0.274946
7.79766 0.274953
7.80098 0.274834
7.80429 0.274854
7.8076 0.274873
7.81091 0.274763
7.81422 0.274793
7.81754 0.274819
7.82085 0.274842
7.82416 0.274861
7.82747 0.274879
7.83078 0.274894
7.8341 0.274907
7.83741 0.274919
7.84072 0.274929
7.84403 0.274938
7.84734 0.274946
7.85066 0.274952
7.85397 0.274833
7.85728 0.274854
7.86059 0.274872
7.8639 0.274763
7.86722 0.274793
7.87053 0.274819
7.87384 0.274841
7.87715 0.274861
7.88046 0.274879
7.88378 0.274894
7.88709 0.274907
7.8904 0.274919
7.89371 0.274929
7.89702 0.274938
7.90034 0.274946
7.90365 0.274952
7.90696 0.274833
7.91027 0.274854
7.91358 0.274872
7.9169 0.274763
7.92021 0.274793
7.92352 0.274819
7.92683 0.274841
7.93014 0.274861
7.93346 0.274879
7.93677 0.274894
7.94008 0.274907
7.94339 0.274919
7.9467 0.274929
7.95002 0.274938
7.95333 0.274946
7.95664 0.274952
7.95995 0.274833
7.96326 0.274854
7.96658 0.274872
7.96989 0.274888
7.9732 0.274902
7.97651 0.274914
7.97982 0.274925
7.98314 0.274935
7.98645 0.274943
7.98976 0.27495
7.99307 0.274956
7.99638 0.274962
7.9997 0.274966
8.00301 0.274971
8.00632 0.274974
8.00963 0.274978
8.01294 0.274855
8.01626 0.274873
8.01957 0.274889
8.02288 0.274903
8.02619 0.274915
8.0295 0.274926
8.03282 0.274935
8.03613 0.274943
8.03944 0.27495
8.04275 0.274956
8.04606 0.274962
8.04938 0.274967
8.05269 0.274971
8.056 0.274849
8.05931 0.274868
8.06262 0.274885
8.06594 0.274774
8.06925 0.274802
8.07256 0.274827
8.07587 0.274849
8.07918 0.274868
8.0825 0.274884
8.08581 0.274899
8.08912 0.274911
8.09243 0.274922
8.09574 0.274932
8.09906 0.274941
8.10237 0.274948
8.10568 0.274955
8.10899 0.274835
8.1123 0.274856
8.11562 0.274874
8.11893 0.274765
8.12224 0.274794
8.12555 0.27482
8.12886 0.274842
8.13218 0.274862
8.13549 0.274879
8.1388 0.274894
8.14211 0.274908
8.14542 0.274919
8.14874 0.274929
8.15205 0.274938
8.15536 0.274946
8.15867 0.274953
8.16198 0.274834
8.1653 0.274854
8.16861 0.274873
8.17192 0.274763
8.17523 0.274793
8.17854 0.274819
8.18186 0.274842
8.18517 0.274861
8.18848 0.274879
8.19179 0.274894
8.1951 0.274907
8.19842 0.274919
8.20173 0.274929
8.20504 0.274938
8.20835 0.274946
8.21166 0.274952
8.21498 0.274833
8.21829 0.274854
8.2216 0.274872
8.22491 0.274763
8.22822 0.274793
8.23154 0.274819
8.23485 0.274841
8.23816 0.274861
8.24147 0.274879
8.24478 0.274894
8.2481 0.274907
8.25141 0.274919
8.25472 0.274929
8.25803 0.274938
8.26134 0.274946
8.26466 0.274952
8.26797 0.274833
8.27128 0.274854
8.27459 0.274872
8.2779 0.274763
8.28122 0.274793
8.28453 0.274819
8.28784 0.274841
8.29115 0.274861
8.29446 0.274879
8.29778 0.274894
8.30109 0.274907
8.3044 0.274919
8.30771 0.274929
8.31102 0.274938
8.31434 0.274946
8.31765 0.274952
8.32096 0.274833
8.32427 0.274854
8.32758 0.274872
8.3309 0.274888
8.33421 0.274902
8.33752 0.274914
8.34083 0.274925
8.34414 0.274935
8.34746 0.274943
8.35077 0.27495
8.35408 0.274956
8.35739 0.274962
8.3607 0.274966
8.36402 0.274971
8.36733 0.274974
8.37064 0.275353
8.37395 0.275683
8.37726 0.275973
8.38058 0.276226
8.38389 0.276448
8.3872 0.276767
8.39051 0.276921
8.39382 0.277056
8.39714 0.277299
8.40045 0.277387
8.40376 0.277463
8.40707 0.277655
8.41038 0.277698
8.4137 0.277736
8.41701 0.277894
8.42032 0.277907
8.42363 0.277919
8.42694 0.277929
8.43026 0.277938
8.43357 0.277946
8.43688 0.277952
8.44019 0.278083
8.4435 0.278073
8.44682 0.278064
8.45013 0.278181
8.45344 0.278158
8.45675 0.278138
8.46006 0.278246
8.46338 0.278215
8.46669 0.278188
8.47 0.278165
8.47331 0.278144
8.47662 0.278126
8.47994 0.27811
8.48325 0.278097
8.48656 0.278085
8.48987 0.278074
8.49318 0.27819
8.4965 0.278166
8.49981 0.278145
8.50312 0.278252
8.50643 0.278221
8.50974 0.278193
8.51306 0.278294
8.51637 0.278257
8.51968 0.278225
8.52299 0.278197
8.5263 0.278172
8.52962 0.278151
8.53293 0.278132
8.53624 0.278115
8.53955 0.278101
8.54286 0.278088
8.54618 0.278202
8.54949 0.278177
8.5528 0.278155
8.55611 0.278261
8.55942 0.278228
8.56274 0.278199
8.56605 0.2783
8.56936 0.278262
8.57267 0.278229
8.57598 0.278201
8.5793 0.278176
8.58261 0.278154
8.58592 0.278134
8.58923 0.278118
8.59254 0.278103
8.59586 0.27809
8.59917 0.278204
8.60248 0.278178
8.60579 0.278156
8.6091 0.278262
8.61242 0.278229
8.61573 0.2782
8.61904 0.2783
8.62235 0.278263
8.62566 0.27823
8.62898 0.278201
8.63229 0.278176
8.6356 0.278154
8.63891 0.278135
8.64222 0.278118
8.64554 0.278103
8.64885 0.27809
8.65216 0.278204
8.65547 0.278178
8.65878 0.278156
8.6621 0.278262
8.66541 0.278229
8.66872 0.2782
8.67203 0.2783
8.67534 0.278263
8.67866 0.27823
8.68197 0.278201
8.68528 0.278176
8.68859 0.278154
8.6919 0.278135
8.69522 0.278118
8.69853 0.278103
8.70184 0.27809
8.70515 0.278204
8.70846 0.278178
8.71178 0.278156
8.71509 0.278262
8.7184 0.278229
8.72171 0.2782
8.72502 0.2783
8.72834 0.278263
8.73165 0.27823
8.73496 0.278201
8.73827 0.278176
8.74158 0.278154
8.7449 0.278135
8.74821 0.278243
8.75152 0.278213
8.75483 0.278186
8.75814 0.278288
8.76146 0.278252
8.76477 0.27822
8.76808 0.278318
8.77139 0.278278
8.7747 0.278243
8.77802 0.278338
8.78133 0.278296
8.78464 0.278259
8.78795 0.278226
8.79126 0.278198
8.79458 0.278173
8.79789 0.278152
8.8012 0.278258
8.80451 0.278225
8.80782 0.278197
8.81114 0.278298
8.81445 0.27826
8.81776 0.278228
8.82107 0.278324
8.82438 0.278284
8.8277 0.278248
8.83101 0.278342
8.83432 0.2783
8.83763 0.278262
8.84094 0.278229
8.84426 0.278201
8.84757 0.278176
8.85088 0.278154
8.85419 0.278259
8.8575 0.278227
8.86082 0.278199
8.86413 0.278299
8.86744 0.278261
8.87075 0.278229
8.87406 0.278325
8.87738 0.278285
8.88069 0.278249
8.884 0.278218
8.88731 0.278191
8.89062 0.278167
8.89394 0.278146
8.89725 0.278128
8.90056 0.278112
8.90387 0.278098
8.90718 0.278211
8.9105 0.278184
8.91381 0.278161
8.91712 0.278266
8.92043 0.278233
8.92374 0.278204
8.92706 0.278303
8.93037 0.278265
8.93368 0.278232
8.93699 0.278203
8.9403 0.278178
8.94362 0.278156
8.94693 0.278136
8.95024 0.278119
8.95355 0.278104
8.95686 0.278091
8.96018 0.278205
8.96349 0.278179
8.9668 0.278157
8.97011 0.278262
8.97342 0.278229
8.97674 0.278201
8.98005 0.278301
8.98336 0.278263
8.98667 0.27823
8.98998 0.278201
8.9933 0.278176
8.99661 0.278154
8.99992 0.278135
9.00323 0.278118
9.00654 0.278103
9.00986 0.27809
9.01317 0.278204
9.01648 0.278179
9.01979 0.278156
9.0231 0.278262
9.02642 0.278229
9.02973 0.2782
9.03304 0.2783
9.03635 0.278263
9.03966 0.27823
9.04298 0.278201
9.04629 0.278176
9.0496 0.278154
9.05291 0.278135
9.05622 0.278118
9.05954 0.278103
9.06285 0.27809
9.06616 0.278204
9.06947 0.278179
9.07278 0.278156
9.0761 0.278262
9.07941 0.278229
9.08272 0.2782
9.08603 0.2783
9.08934 0.278263
9.09266 0.27823
9.09597 0.278201
9.09928 0.278176
9.10259 0.278154
9.1059 0.278135
9.10922 0.278118
9.11253 0.278103
9.11584 0.27809
9.11915 0.278204
9.12246 0.278178
9.12578 0.278156
9.12909 0.278262
9.1324 0.278229
9.13571 0.2782
9.13902 0.2783
9.14234 0.278263
9.14565 0.27823
9.14896 0.278201
9.15227 0.278176
9.15558 0.278154
9.1589 0.278135
9.16221 0.278243
9.16552 0.278213
9.16883 0.278186
9.17214 0.278288
9.17546 0.278252
9.17877 0.27822
9.18208 0.278318
9.18539 0.278278
9.1887 0.278243
9.19202 0.278338
9.19533 0.278296
9.19864 0.278259
9.20195 0.278226
9.20526 0.278198
9.20858 0.278173
9.21189 0.278152
9.2152 0.278258
9.21851 0.278225
9.22182 0.278197
9.22514 0.278298
9.22845 0.27826
9.23176 0.278228
9.23507 0.278324
9.23838 0.278284
9.2417 0.278248
9.24501 0.278342
9.24832 0.2783
9.25163 0.278262
9.25494 0.278229
9.25826 0.278201
9.26157 0.278176
9.26488 0.278154
9.26819 0.278259
9.2715 0.278227
9.27482 0.278199
9.27813 0.278299
9.28144 0.278261
9.28475 0.278229
9.28806 0.278325
9.29138 0.278285
9.29469 0.278249
9.298 0.278218
9.30131 0.278191
9.30462 0.278167
9.30794 0.278146
9.31125 0.278128
9.31456 0.278112
9.31787 0.278098
9.32118 0.278211
9.3245 0.278184
9.32781 0.278161
9.33112 0.278266
9.33443 0.278233
9.33774 0.278204
9.34106 0.278303
9.34437 0.278265
9.34768 0.278232
9.35099 0.278203
9.3543 0.278178
9.35762 0.278156
9.36093 0.278136
9.36424 0.278119
9.36755 0.278104
9.37086 0.278091
9.37418 0.278205
9.37749 0.278179
9.3808 0.278157
9.38411 0.278262
9.38742 0.278229
9.39074 0.278201
9.39405 0.278301
9.39736 0.278263
9.40067 0.27823
9.40398 0.278201
9.4073 0.278176
9.41061 0.278154
9.41392 0.278135
9.41723 0.278118
9.42054 0.278103
9.42386 0.27809
9.42717 0.278204
9.43048 0.278179
9.43379 0.278156
9.4371 0.278262
9.44041 0.278229
9.44373 0.2782
9.44704 0.2783
9.45035 0.278263
9.45366 0.27823
9.45697 0.278201
9.46029 0.278176
9.4636 0.278154
9.46691 0.278135
9.47022 0.278118
9.47353 0.278103
9.47685 0.27809
9.48016 0.278204
9.48347 0.278179
9.48678 0.278156
9.49009 0.278262
9.49341 0.278229
9.49672 0.2782
9.50003 0.2783
9.50334 0.278263
9.50665 0.27823
9.50997 0.278201
9.51328 0.278176
9.51659 0.278154
9.5199 0.278135
9.52321 0.278118
9.52653 0.278103
9.52984 0.27809
9.53315 0.278204
9.53646 0.278178
9.53977 0.278156
9.54309 0.278262
9.5464 0.278229
9.54971 0.2782
9.55302 0.2783
9.55633 0.278263
9.55965 0.27823
9.56296 0.278201
9.56627 0.278676
9.56958 0.278967
9.57289 0.279221
9.57621 0.279568
9.57952 0.279872
9.58283 0.280013
9.58614 0.280261
9.58945 0.280479
9.59277 0.280544
9.59608 0.280726
9.59939 0.280885
9.6027 0.2809
9.60601 0.281037
9.60933 0.281157
9.61264 0.281138
9.61595 0.281121
9.61926 0.28123
9.62257 0.281202
9.62589 0.281176
9.6292 0.281279
9.63251 0.281369
9.63582 0.281323
9.63913 0.281408
9.64245 0.281482
9.64576 0.281422
9.64907 0.281494
9.65238 0.281557
9.65569 0.281488
9.65901 0.281552
9.66232 0.281608
9.66563 0.281532
9.66894 0.281465
9.67225 0.281532
9.67557 0.281466
9.67888 0.281407
9.68219 0.281481
9.6855 0.281546
9.68881 0.281478
9.69213 0.281543
9.69544 0.2816
9.69875 0.281525
9.70206 0.281585
9.70537 0.281637
9.70869 0.281557
9.712 0.281487
9.71531 0.281551
9.71862 0.281483
9.72193 0.281422
9.72525 0.281494
9.72856 0.281433
9.73187 0.281379
9.73518 0.281456
9.73849 0.281524
9.74181 0.281459
9.74512 0.281526
9.74843 0.281586
9.75174 0.281512
9.75505 0.281573
9.75837 0.281627
9.76168 0.281548
9.76499 0.28148
9.7683 0.281545
9.77161 0.281477
9.77493 0.281417
9.77824 0.28149
9.78155 0.281429
9.78486 0.281375
9.78817 0.281453
9.79149 0.281522
9.7948 0.281456
9.79811 0.281524
9.80142 0.281584
9.80473 0.281511
9.80805 0.281572
9.81136 0.281625
9.81467 0.281547
9.81798 0.281479
9.82129 0.281544
9.82461 0.281476
9.82792 0.281417
9.83123 0.281489
9.83454 0.281428
9.83785 0.281375
9.84117 0.281453
9.84448 0.281521
9.84779 0.281456
9.8511 0.281524
9.85441 0.281584
9.85773 0.281511
9.86104 0.281572
9.86435 0.281625
9.86766 0.281547
9.87097 0.281479
9.87429 0.281544
9.8776 0.281476
9.88091 0.281416
9.88422 0.281489
9.88753 0.281428
9.89085 0.281375
9.89416 0.281453
9.89747 0.281521
9.90078 0.281456
9.90409 0.281524
9.90741 0.281584
9.91072 0.281511
9.91403 0.281572
9.91734 0.281625
9.92065 0.281547
9.92397 0.281479
9.92728 0.281544
9.93059 0.281476
9.9339 0.281416
9.93721 0.281489
9.94053 0.281428
9.94384 0.281375
9.94715 0.281453
9.95046 0.281521
9.95377 0.281456
9.95709 0.281524
9.9604 0.281584
9.96371 0.281511
9.96702 0.281572
9.97033 0.281625
9.97365 0.281547
9.97696 0.281479
9.98027 0.281544
9.98358 0.281476
9.98689 0.281416
9.99021 0.281489
9.99352 0.281553
9.99683 0.281484
10.0001 0.281549
10.0035 0.281605
10.0068 0.281529
10.0101 0.281588
10.0134 0.28164
10.0167 0.28156
10.02 0.281615
10.0233 0.281663
10.0266 0.28158
10.03 0.281508
10.0333 0.281569
10.0366 0.281498
10.0399 0.281436
10.0432 0.281506
10.0465 0.281568
10.0498 0.281497
10.0531 0.28156
10.0564 0.281615
10.0598 0.281538
10.0631 0.281596
10.0664 0.281646
10.0697 0.281565
10.073 0.28162
10.0763 0.281667
10.0796 0.281584
10.0829 0.281511
10.0863 0.281572
10.0896 0.281501
10.0929 0.281438
10.0962 0.281508
10.0995 0.28157
10.1028 0.281498
10.1061 0.281561
10.1094 0.281616
10.1128 0.281539
10.1161 0.281597
10.1194 0.281647
10.1227 0.281566
10.126 0.281495
10.1293 0.281558
10.1326 0.281489
10.1359 0.281428
10.1392 0.281499
10.1426 0.281437
10.1459 0.281382
10.1492 0.281459
10.1525 0.281527
10.1558 0.281461
10.1591 0.281528
10.1624 0.281587
10.1657 0.281514
10.1691 0.281575
10.1724 0.281628
10.1757 0.281549
10.179 0.281481
10.1823 0.281546
10.1856 0.281477
10.1889 0.281418
10.1922 0.281491
10.1956 0.281429
10.1989 0.281376
10.2022 0.281454
10.2055 0.281522
10.2088 0.281457
10.2121 0.281525
10.2154 0.281584
10.2187 0.281511
10.222 0.281572
10.2254 0.281626
10.2287 0.281547
10.232 0.281479
10.2353 0.281544
10.2386 0.281476
10.2419 0.281417
10.2452 0.28149
10.2485 0.281428
10.2519 0.281375
10.2552 0.281453
10.2585 0.281521
10.2618 0.281456
10.2651 0.281524
10.2684 0.281584
10.2717 0.281511
10.275 0.281572
10.2784 0.281625
10.2817 0.281547
10.285 0.281479
10.2883 0.281544
10.2916 0.281476
10.2949 0.281416
10.2982 0.281489
10.3015 0.281428
10.3048 0.281375
10.3082 0.281453
10.3115 0.281521
10.3148 0.281456
10.3181 0.281524
10.3214 0.281584
10.3247 0.281511
10.328 0.281572
10.3313 0.281625
10.3347 0.281547
10.338 0.281479
10.3413 0.281544
10.3446 0.281476
10.3479 0.281416
10.3512 0.281489
10.3545 0.281428
10.3578 0.281375
10.3612 0.281453
10.3645 0.281521
10.3678 0.281456
10.3711 0.281524
10.3744 0.281584
10.3777 0.281511
10.381 0.281572
10.3843 0.281625
10.3876 0.281547
10.391 0.281479
10.3943 0.281544
10.3976 0.281476
10.4009 0.281416
10.4042 0.281489
10.4075 0.281553
10.4108 0.281484
10.4141 0.281549
10.4175 0.281605
10.4208 0.281529
10.4241 0.281588
10.4274 0.28164
10.4307 0.28156
10.434 0.281615
10.4373 0.281663
10.4406 0.28158
10.444 0.281508
10.4473 0.281569
10.4506 0.281498
10.4539 0.281436
10.4572 0.281506
10.4605 0.281568
10.4638 0.281497
10.4671 0.28156
10.4704 0.281615
10.4738 0.281538
10.4771 0.281596
10.4804 0.281646
10.4837 0.281565
10.487 0.28162
10.4903 0.281667
10.4936 0.281584
10.4969 0.281511
10.5003 0.281572
10.5036 0.281501
10.5069 0.281438
10.5102 0.281508
10.5135 0.28157
10.5168 0.281498
10.5201 0.281561
10.5234 0.281616
10.5268 0.281539
10.5301 0.281597
10.5334 0.281647
10.5367 0.281566
10.54 0.281495
10.5433 0.281558
10.5466 0.281489
10.5499 0.281428
10.5532 0.281499
10.5566 0.281437
10.5599 0.281382
10.5632 0.281459
10.5665 0.281527
10.5698 0.281461
10.5731 0.281528
10.5764 0.281587
10.5797 0.281514
10.5831 0.281575
10.5864 0.281628
10.5897 0.281549
10.593 0.281481
10.5963 0.281546
10.5996 0.281477
10.6029 0.281418
10.6062 0.281491
10.6096 0.281429
10.6129 0.281376
10.6162 0.281454
10.6195 0.281522
10.6228 0.281457
10.6261 0.281525
10.6294 0.281584
10.6327 0.281511
10.636 0.281572
10.6394 0.281626
10.6427 0.281547
10.646 0.281479
10.6493 0.281544
10.6526 0.281476
10.6559 0.281417
10.6592 0.28149
10.6625 0.281428
10.6659 0.281375
10.6692 0.281453
10.6725 0.281521
10.6758 0.281456
10.6791 0.281524
10.6824 0.281584
10.6857 0.281511
10.689 0.281572
10.6924 0.281625
10.6957 0.281547
10.699 0.281479
10.7023 0.281544
10.7056 0.281476
10.7089 0.281416
10.7122 0.281489
10.7155 0.281428
10.7188 0.281375
10.7222 0.281453
10.7255 0.281521
10.7288 0.281456
10.7321 0.281524
10.7354 0.281584
10.7387 0.281511
10.742 0.281572
10.7453 0.281625
10.7487 0.281547
10.752 0.281479
10.7553 0.281544
10.7586 0.281476
10.7619 0.281791
10.7652 0.282193
10.7685 0.282543
10.7718 0.282726
10.7752 0.28301
10.7785 0.283259
10.7818 0.283476
10.7851 0.283667
10.7884 0.283833
10.7917 0.283979
10.795 0.284107
10.7983 0.284218
10.8016 0.284316
10.805 0.284277
10.8083 0.284367
10.8116 0.284446
10.8149 0.28439
10.8182 0.284467
10.8215 0.284533
10.8248 0.284592
10.8281 0.284643
10.8315 0.284687
10.8348 0.284726
10.8381 0.284761
10.8414 0.284791
10.8447 0.284817
10.848 0.28484
10.8513 0.28486
10.8546 0.284877
10.858 0.284768
10.8613 0.284797
10.8646 0.284822
10.8679 0.284719
10.8712 0.284754
10.8745 0.284785
10.8778 0.284812
10.8811 0.284835
10.8844 0.284856
10.8878 0.284874
10.8911 0.28489
10.8944 0.284904
10.8977 0.284916
10.901 0.284926
10.9043 0.284935
10.9076 0.284943
10.9109 0.284826
10.9143 0.284847
10.9176 0.284866
10.9209 0.284758
10.9242 0.284788
10.9275 0.284815
10.9308 0.284838
10.9341 0.284858
10.9374 0.284876
10.9408 0.284891
10.9441 0.284905
10.9474 0.284917
10.9507 0.284927
10.954 0.284811
10.9573 0.284835
10.9606 0.284856
10.9639 0.284749
10.9672 0.28478
10.9706 0.284808
10.9739 0.284707
10.9772 0.284743
10.9805 0.284775
10.9838 0.284803
10.9871 0.284828
10.9904 0.28485
10.9937 0.284868
10.9971 0.284885
11.0004 0.284899
11.0037 0.284912
11.007 0.284798
11.0103 0.284823
11.0136 0.284845
11.0169 0.28474
11.0202 0.284772
11.0236 0.284801
11.0269 0.284701
11.0302 0.284738
11.0335 0.284771
11.0368 0.284799
11.0401 0.284824
11.0434 0.284846
11.0467 0.284866
11.05 0.284882
11.0534 0.284897
11.0567 0.28491
11.06 0.284796
11.0633 0.284822
11.0666 0.284844
11.0699 0.284738
11.0732 0.284771
11.0765 0.2848
11.0799 0.2847
11.0832 0.284737
11.0865 0.28477
11.0898 0.284799
11.0931 0.284824
11.0964 0.284846
11.0997 0.284865
11.103 0.284882
11.1063 0.284897
11.1097 0.28491
11.113 0.284796
11.1163 0.284822
11.1196 0.284844
11.1229 0.284738
11.1262 0.284771
11.1295 0.2848
11.1328 0.2847
11.1362 0.284737
11.1395 0.28477
11.1428 0.284799
11.1461 0.284824
11.1494 0.284846
11.1527 0.284865
11.156 0.284882
11.1593 0.284897
11.1627 0.28491
11.166 0.284796
11.1693 0.284821
11.1726 0.284844
11.1759 0.284738
11.1792 0.284771
11.1825 0.2848
11.1858 0.2847
11.1891 0.284737
11.1925 0.28477
11.1958 0.284799
11.1991 0.284824
11.2024 0.284846
11.2057 0.284865
11.209 0.284882
11.2123 0.284897
11.2156 0.28491
11.219 0.284796
11.2223 0.284821
11.2256 0.284844
11.2289 0.284738
11.2322 0.284771
11.2355 0.2848
11.2388 0.284825
11.2421 0.284847
11.2455 0.284866
11.2488 0.284883
11.2521 0.284897
11.2554 0.28491
11.2587 0.284921
11.262 0.284931
11.2653 0.28494
11.2686 0.284947
11.2719 0.284829
11.2753 0.28485
11.2786 0.284869
11.2819 0.28476
11.2852 0.28479
11.2885 0.284817
11.2918 0.284839
11.2951 0.28486
11.2984 0.284877
11.3018 0.284892
11.3051 0.284906
11.3084 0.284918
11.3117 0.284928
11.315 0.284937
11.3183 0.284945
11.3216 0.284952
11.3249 0.284833
11.3283 0.284854
11.3316 0.284872
11.3349 0.284763
11.3382 0.284793
11.3415 0.284819
11.3448 0.284841
11.3481 0.284861
11.3514 0.284878
11.3547 0.284894
11.3581 0.284907
11.3614 0.284919
11.3647 0.284929
11.368 0.284813
11.3713 0.284836
11.3746 0.284857
11.3779 0.284749
11.3812 0.284781
11.3846 0.284808
11.3879 0.284707
11.3912 0.284744
11.3945 0.284776
11.3978 0.284804
11.4011 0.284828
11.4044 0.28485
11.4077 0.284869
11.4111 0.284885
11.4144 0.284899
11.4177 0.284912
11.421 0.284798
11.4243 0.284823
11.4276 0.284845
11.4309 0.28474
11.4342 0.284772
11.4375 0.284801
11.4409 0.284701
11.4442 0.284738
11.4475 0.284771
11.4508 0.284799
11.4541 0.284824
11.4574 0.284846
11.4607 0.284866
11.464 0.284882
11.4674 0.284897
11.4707 0.28491
11.474 0.284796
11.4773 0.284822
11.4806 0.284844
11.4839 0.284738
11.4872 0.284771
11.4905 0.2848
11.4939 0.2847
11.4972 0.284737
11.5005 0.28477
11.5038 0.284799
11.5071 0.284824
11.5104 0.284846
11.5137 0.284865
11.517 0.284882
11.5203 0.284897
11.5237 0.28491
11.527 0.284796
11.5303 0.284822
11.5336 0.284844
11.5369 0.284738
11.5402 0.284771
11.5435 0.2848
11.5468 0.2847
11.5502 0.284737
11.5535 0.28477
11.5568 0.284799
11.5601 0.284824
11.5634 0.284846
11.5667 0.284865
11.57 0.284882
11.5733 0.284897
11.5767 0.28491
11.58 0.284796
11.5833 0.284821
11.5866 0.284844
11.5899 0.284738
11.5932 0.284771
11.5965 0.2848
11.5998 0.2847
11.6031 0.284737
11.6065 0.28477
11.6098 0.284799
11.6131 0.284824
11.6164 0.284846
11.6197 0.284865
11.623 0.284882
11.6263 0.284897
11.6296 0.28491
11.633 0.284796
11.6363 0.284821
11.6396 0.284844
11.6429 0.284738
11.6462 0.284771
11.6495 0.2848
11.6528 0.284825
11.6561 0.284847
11.6595 0.284866
11.6628 0.284883
11.6661 0.284897
11.6694 0.28491
11.6727 0.284921
11.676 0.284931
11.6793 0.28494
11.6826 0.284947
11.6859 0.284829
11.6893 0.28485
11.6926 0.284869
11.6959 0.28476
11.6992 0.28479
11.7025 0.284817
11.7058 0.284839
11.7091 0.28486
11.7124 0.284877
11.7158 0.284892
11.7191 0.284906
11.7224 0.284918
11.7257 0.284928
11.729 0.284937
11.7323 0.284945
11.7356 0.284952
11.7389 0.284833
11.7423 0.284854
11.7456 0.284872
11.7489 0.284763
11.7522 0.284793
11.7555 0.284819
11.7588 0.284841
11.7621 0.284861
11.7654 0.284878
11.7687 0.284894
11.7721 0.284907
11.7754 0.284919
11.7787 0.284929
11.782 0.284813
11.7853 0.284836
11.7886 0.284857
11.7919 0.284749
11.7952 0.284781
11.7986 0.284808
11.8019 0.284707
11.8052 0.284744
11.8085 0.284776
11.8118 0.284804
11.8151 0.284828
11.8184 0.28485
11.8217 0.284869
11.8251 0.284885
11.8284 0.284899
11.8317 0.284912
11.835 0.284798
11.8383 0.284823
11.8416 0.284845
11.8449 0.28474
11.8482 0.284772
11.8515 0.284801
11.8549 0.284701
11.8582 0.284738
11.8615 0.284771
11.8648 0.284799
11.8681 0.284824
11.8714 0.284846
11.8747 0.284866
11.878 0.284882
11.8814 0.284897
11.8847 0.28491
11.888 0.284796
11.8913 0.284822
11.8946 0.284844
11.8979 0.284738
11.9012 0.284771
11.9045 0.2848
11.9079 0.2847
11.9112 0.284737
11.9145 0.28477
11.9178 0.284799
11.9211 0.284824
11.9244 0.284846
11.9277 0.284865
11.931 0.284882
11.9343 0.284897
11.9377 0.28491
11.941 0.284796
11.9443 0.284822
11.9476 0.284844
11.9509 0.284738
11.9542 0.284771
11.9575 0.285175
11.9608 0.285528
11.9642 0.285837
11.9675 0.286107
11.9708 0.286344
11.9741 0.286676
11.9774 0.286841
11.9807 0.286986
11.984 0.287238
11.9873 0.287333
11.9907 0.287417
11.994 0.287489
11.9973 0.287553
12.0006 0.287609
12.0039 0.287658
12.0072 0.287701
12.0105 0.287738
12.0138 0.287771
12.0171 0.2878
12.0205 0.287825
12.0238 0.287847
12.0271 0.287991
12.0304 0.287992
12.0337 0.287993
12.037 0.288119
12.0403 0.288104
12.0436 0.288091
12.047 0.28808
12.0503 0.28807
12.0536 0.288061
12.0569 0.288053
12.0602 0.288047
12.0635 0.288041
12.0668 0.288036
12.0701 0.288156
12.0735 0.288137
12.0768 0.28812
12.0801 0.28823
12.0834 0.288201
12.0867 0.288176
12.09 0.288279
12.0933 0.288244
12.0966 0.288214
12.0999 0.288187
12.1033 0.288163
12.1066 0.288143
12.1099 0.288125
12.1132 0.28811
12.1165 0.288096
12.1198 0.288084
12.1231 0.288198
12.1264 0.288174
12.1298 0.288152
12.1331 0.288258
12.1364 0.288226
12.1397 0.288197
12.143 0.288298
12.1463 0.288261
12.1496 0.288228
12.1529 0.288199
12.1563 0.288175
12.1596 0.288153
12.1629 0.288134
12.1662 0.288117
12.1695 0.288102
12.1728 0.28809
12.1761 0.288203
12.1794 0.288178
12.1827 0.288156
12.1861 0.288261
12.1894 0.288229
12.1927 0.2882
12.196 0.288175
12.1993 0.288153
12.2026 0.288134
12.2059 0.288117
12.2092 0.288103
12.2126 0.28809
12.2159 0.288079
12.2192 0.288069
12.2225 0.28806
12.2258 0.288053
12.2291 0.288171
12.2324 0.28815
12.2357 0.288131
12.2391 0.28824
12.2424 0.28821
12.2457 0.288183
12.249 0.28816
12.2523 0.28814
12.2556 0.288123
12.2589 0.288108
12.2622 0.288094
12.2655 0.288082
12.2689 0.288072
12.2722 0.288063
12.2755 0.288055
12.2788 0.288048
12.2821 0.288167
12.2854 0.288146
12.2887 0.288128
12.292 0.288237
12.2954 0.288207
12.2987 0.288181
12.302 0.288159
12.3053 0.288139
12.3086 0.288122
12.3119 0.288106
12.3152 0.288093
12.3185 0.288081
12.3219 0.288071
12.3252 0.288062
12.3285 0.288055
12.3318 0.288048
12.3351 0.288167
12.3384 0.288146
12.3417 0.288128
12.345 0.288237
12.3483 0.288207
12.3517 0.288181
12.355 0.288159
12.3583 0.288139
12.3616 0.288121
12.3649 0.288106
12.3682 0.288093
12.3715 0.288081
12.3748 0.288071
12.3782 0.288062
12.3815 0.288054
12.3848 0.288048
12.3881 0.288167
12.3914 0.288146
12.3947 0.288128
12.398 0.288237
12.4013 0.288207
12.4047 0.288181
12.408 0.288159
12.4113 0.288139
12.4146 0.288121
12.4179 0.288106
12.4212 0.288093
12.4245 0.288081
12.4278 0.288071
12.4311 0.288062
12.4345 0.288054
12.4378 0.288048
12.4411 0.288167
12.4444 0.288146
12.4477 0.288128
12.451 0.288237
12.4543 0.288207
12.4576 0.288181
12.461 0.288159
12.4643 0.288139
12.4676 0.288121
12.4709 0.288106
12.4742 0.288093
12.4775 0.288081
12.4808 0.288071
12.4841 0.288187
12.4875 0.288164
12.4908 0.288143
12.4941 0.28825
12.4974 0.288219
12.5007 0.288192
12.504 0.288293
12.5073 0.288256
12.5106 0.288224
12.5139 0.288196
12.5173 0.288172
12.5206 0.28815
12.5239 0.288131
12.5272 0.288115
12.5305 0.288101
12.5338 0.288088
12.5371 0.288202
12.5404 0.288177
12.5438 0.288155
12.5471 0.28826
12.5504 0.288228
12.5537 0.288199
12.557 0.288299
12.5603 0.288262
12.5636 0.288229
12.5669 0.288201
12.5703 0.288176
12.5736 0.288154
12.5769 0.288134
12.5802 0.288118
12.5835 0.288103
12.5868 0.28809
12.5901 0.288204
12.5934 0.288178
12.5967 0.288156
12.6001 0.288262
12.6034 0.288229
12.6067 0.2882
12.61 0.288175
12.6133 0.288153
12.6166 0.288134
12.6199 0.288117
12.6232 0.288103
12.6266 0.28809
12.6299 0.288079
12.6332 0.288069
12.6365 0.28806
12.6398 0.288053
12.6431 0.288171
12.6464 0.28815
12.6497 0.288131
12.6531 0.28824
12.6564 0.28821
12.6597 0.288183
12.663 0.288161
12.6663 0.28814
12.6696 0.288123
12.6729 0.288108
12.6762 0.288094
12.6795 0.288082
12.6829 0.288072
12.6862 0.288063
12.6895 0.288055
12.6928 0.288048
12.6961 0.288167
12.6994 0.288146
12.7027 0.288128
12.706 0.288237
12.7094 0.288207
12.7127 0.288181
12.716 0.288159
12.7193 0.288139
12.7226 0.288122
12.7259 0.288106
12.7292 0.288093
12.7325 0.288081
12.7359 0.288071
12.7392 0.288062
12.7425 0.288055
12.7458 0.288048
12.7491 0.288167
12.7524 0.288146
12.7557 0.288128
12.759 0.288237
12.7623 0.288207
12.7657 0.288181
12.769 0.288159
12.7723 0.288139
12.7756 0.288121
12.7789 0.288106
12.7822 0.288093
12.7855 0.288081
12.7888 0.288071
12.7922 0.288062
12.7955 0.288054
12.7988 0.288048
12.8021 0.288167
12.8054 0.288146
12.8087 0.288128
12.812 0.288237
12.8153 0.288207
12.8187 0.288181
12.822 0.288159
12.8253 0.288139
12.8286 0.288121
12.8319 0.288106
12.8352 0.288093
12.8385 0.288081
12.8418 0.288071
12.8451 0.288062
12.8485 0.288054
12.8518 0.288048
12.8551 0.288167
12.8584 0.288146
12.8617 0.288128
12.865 0.288237
12.8683 0.288207
12.8716 0.288181
12.875 0.288159
12.8783 0.288139
12.8816 0.288121
12.8849 0.288106
12.8882 0.288093
12.8915 0.288081
12.8948 0.288071
12.8981 0.288187
12.9015 0.288164
12.9048 0.288143
12.9081 0.28825
12.9114 0.288219
12.9147 0.288192
12.918 0.288293
12.9213 0.288256
12.9246 0.288224
12.9279 0.288196
12.9313 0.288172
12.9346 0.28815
12.9379 0.288131
12.9412 0.288115
12.9445 0.288101
12.9478 0.288088
12.9511 0.288202
12.9544 0.288177
12.9578 0.288155
12.9611 0.28826
12.9644 0.288228
12.9677 0.288199
12.971 0.288299
12.9743 0.288262
12.9776 0.288229
12.9809 0.288201
12.9843 0.288176
12.9876 0.288154
12.9909 0.288134
12.9942 0.288118
12.9975 0.288103
13.0008 0.28809
13.0041 0.288204
13.0074 0.288178
13.0107 0.288156
13.0141 0.288262
13.0174 0.288229
13.0207 0.2882
13.024 0.288175
13.0273 0.288153
13.0306 0.288134
13.0339 0.288117
13.0372 0.288103
13.0406 0.28809
13.0439 0.288079
13.0472 0.288069
13.0505 0.28806
13.0538 0.288053
13.0571 0.288171
13.0604 0.28815
13.0637 0.288131
13.0671 0.28824
13.0704 0.28821
13.0737 0.288183
13.077 0.288161
13.0803 0.28814
13.0836 0.288123
13.0869 0.288108
13.0902 0.288094
13.0935 0.288082
13.0969 0.288072
13.1002 0.288063
13.1035 0.288055
13.1068 0.288048
13.1101 0.288167
13.1134 0.288146
13.1167 0.288128
13.12 0.288237
13.1234 0.288207
13.1267 0.288181
13.13 0.288159
13.1333 0.288139
13.1366 0.288122
13.1399 0.288106
13.1432 0.288093
13.1465 0.288081
13.1499 0.288071
13.1532 0.288562
13.1565 0.288867
13.1598 0.289134
13.1631 0.289492
13.1664 0.289805
13.1697 0.289955
13.173 0.29021
13.1763 0.290434
13.1797 0.290505
13.183 0.290567
13.1863 0.290746
13.1896 0.290778
13.1929 0.290805
13.1962 0.290955
13.1995 0.29096
13.2028 0.290965
13.2062 0.291095
13.2095 0.291083
13.2128 0.291073
13.2161 0.291188
13.2194 0.29129
13.2227 0.291254
13.226 0.291347
13.2293 0.291429
13.2327 0.291375
13.236 0.291328
13.2393 0.291412
13.2426 0.291361
13.2459 0.291316
13.2492 0.291401
13.2525 0.291351
13.2558 0.291307
13.2591 0.291394
13.2625 0.291344
13.2658 0.291301
13.2691 0.291389
13.2724 0.291465
13.2757 0.291407
13.279 0.291481
13.2823 0.291546
13.2856 0.291478
13.289 0.291418
13.2923 0.291491
13.2956 0.291429
13.2989 0.291376
13.3022 0.291454
13.3055 0.291397
13.3088 0.291347
13.3121 0.291429
13.3155 0.2915
13.3188 0.291438
13.3221 0.291508
13.3254 0.29157
13.3287 0.291498
13.332 0.291561
13.3353 0.291616
13.3386 0.291539
13.3419 0.291472
13.3453 0.291538
13.3486 0.29147
13.3519 0.291412
13.3552 0.291485
13.3585 0.291425
13.3618 0.291371
13.3651 0.29145
13.3684 0.291519
13.3718 0.291454
13.3751 0.291522
13.3784 0.291582
13.3817 0.291509
13.385 0.291571
13.3883 0.291624
13.3916 0.291546
13.3949 0.291478
13.3983 0.291543
13.4016 0.291475
13.4049 0.291416
13.4082 0.291489
13.4115 0.291428
13.4148 0.291374
13.4181 0.291453
13.4214 0.291521
13.4247 0.291456
13.4281 0.291524
13.4314 0.291583
13.4347 0.29151
13.438 0.291447
13.4413 0.291516
13.4446 0.291451
13.4479 0.291395
13.4512 0.291471
13.4546 0.291412
13.4579 0.29136
13.4612 0.29144
13.4645 0.291385
13.4678 0.291337
13.4711 0.29142
13.4744 0.291492
13.4777 0.291431
13.4811 0.291502
13.4844 0.291564
13.4877 0.291494
13.491 0.291432
13.4943 0.291503
13.4976 0.29144
13.5009 0.291385
13.5042 0.291462
13.5075 0.291404
13.5109 0.291354
13.5142 0.291434
13.5175 0.29138
13.5208 0.291333
13.5241 0.291416
13.5274 0.291489
13.5307 0.291428
13.534 0.291499
13.5374 0.291562
13.5407 0.291492
13.544 0.29143
13.5473 0.291502
13.5506 0.291439
13.5539 0.291384
13.5572 0.291461
13.5605 0.291403
13.5639 0.291353
13.5672 0.291434
13.5705 0.29138
13.5738 0.291332
13.5771 0.291416
13.5804 0.291489
13.5837 0.291428
13.587 0.291499
13.5903 0.291562
13.5937 0.291492
13.597 0.29143
13.6003 0.291501
13.6036 0.291439
13.6069 0.291384
13.6102 0.291461
13.6135 0.291403
13.6168 0.291353
13.6202 0.291434
13.6235 0.29138
13.6268 0.291332
13.6301 0.291416
13.6334 0.291489
13.6367 0.291428
13.64 0.291499
13.6433 0.291562
13.6467 0.291491
13.65 0.29143
13.6533 0.291501
13.6566 0.291439
13.6599 0.291384
13.6632 0.291461
13.6665 0.291403
13.6698 0.291353
13.6731 0.291434
13.6765 0.29138
13.6798 0.291332
13.6831 0.291416
13.6864 0.291489
13.6897 0.291428
13.693 0.291499
13.6963 0.291562
13.6996 0.291491
13.703 0.29143
13.7063 0.291501
13.7096 0.291439
13.7129 0.291384
13.7162 0.291461
13.7195 0.291403
13.7228 0.291353
13.7261 0.291434
13.7295 0.291505
13.7328 0.291441
13.7361 0.291511
13.7394 0.291572
13.7427 0.291501
13.746 0.291563
13.7493 0.291618
13.7526 0.291541
13.7559 0.291473
13.7593 0.291539
13.7626 0.291472
13.7659 0.291413
13.7692 0.291486
13.7725 0.291425
13.7758 0.291372
13.7791 0.291451
13.7824 0.291519
13.7858 0.291454
13.7891 0.291523
13.7924 0.291582
13.7957 0.291509
13.799 0.291571
13.8023 0.291624
13.8056 0.291546
13.8089 0.291478
13.8123 0.291543
13.8156 0.291475
13.8189 0.291416
13.8222 0.291489
13.8255 0.291428
13.8288 0.291374
13.8321 0.291453
13.8354 0.291521
13.8387 0.291456
13.8421 0.291524
13.8454 0.291583
13.8487 0.29151
13.852 0.291447
13.8553 0.291516
13.8586 0.291451
13.8619 0.291395
13.8652 0.291471
13.8686 0.291412
13.8719 0.29136
13.8752 0.29144
13.8785 0.291385
13.8818 0.291337
13.8851 0.29142
13.8884 0.291492
13.8917 0.291431
13.8951 0.291502
13.8984 0.291564
13.9017 0.291494
13.905 0.291432
13.9083 0.291503
13.9116 0.29144
13.9149 0.291385
13.9182 0.291462
13.9215 0.291404
13.9249 0.291354
13.9282 0.291434
13.9315 0.29138
13.9348 0.291333
13.9381 0.291416
13.9414 0.291489
13.9447 0.291428
13.948 0.291499
13.9514 0.291562
13.9547 0.291492
13.958 0.29143
13.9613 0.291502
13.9646 0.291439
13.9679 0.291384
13.9712 0.291461
13.9745 0.291403
13.9779 0.291353
13.9812 0.291434
13.9845 0.29138
13.9878 0.291332
13.9911 0.291416
13.9944 0.291489
13.9977 0.291428
14.001 0.291499
14.0043 0.291562
14.0077 0.291492
14.011 0.29143
14.0143 0.291501
14.0176 0.291439
14.0209 0.291384
14.0242 0.291461
14.0275 0.291403
14.0308 0.291353
14.0342 0.291434
14.0375 0.29138
14.0408 0.291332
14.0441 0.291416
14.0474 0.291489
14.0507 0.291428
14.054 0.291499
14.0573 0.291562
14.0607 0.291491
14.064 0.29143
14.0673 0.291501
14.0706 0.291439
14.0739 0.291384
14.0772 0.291461
14.0805 0.291403
14.0838 0.291353
14.0871 0.291434
14.0905 0.29138
14.0938 0.291332
14.0971 0.291416
14.1004 0.291489
14.1037 0.291428
14.107 0.291499
14.1103 0.291562
14.1136 0.291491
14.117 0.29143
14.1203 0.291501
14.1236 0.291439
14.1269 0.291384
14.1302 0.291461
14.1335 0.291403
14.1368 0.291353
14.1401 0.291434
14.1435 0.291505
14.1468 0.291441
14.1501 0.291511
14.1534 0.291572
14.1567 0.291501
14.16 0.291563
14.1633 0.291618
14.1666 0.291541
14.1699 0.291473
14.1733 0.291539
14.1766 0.291472
14.1799 0.291413
14.1832 0.291486
14.1865 0.291425
14.1898 0.291372
14.1931 0.291451
14.1964 0.291519
14.1998 0.291454
14.2031 0.291523
14.2064 0.291582
14.2097 0.291509
14.213 0.291571
14.2163 0.291624
14.2196 0.291546
14.2229 0.291478
14.2263 0.291543
14.2296 0.291475
14.2329 0.291416
14.2362 0.291489
14.2395 0.291428
14.2428 0.291374
14.2461 0.291453
14.2494 0.291521
14.2527 0.291456
14.2561 0.291524
14.2594 0.291583
14.2627 0.29151
14.266 0.291447
14.2693 0.291516
14.2726 0.291451
14.2759 0.291395
14.2792 0.291471
14.2826 0.291412
14.2859 0.29136
14.2892 0.29144
14.2925 0.291385
14.2958 0.291337
14.2991 0.29142
14.3024 0.291492
14.3057 0.291431
14.3091 0.291502
14.3124 0.291564
14.3157 0.291494
14.319 0.291432
14.3223 0.291503
14.3256 0.29144
14.3289 0.291385
14.3322 0.291462
14.3355 0.291404
14.3389 0.291354
14.3422 0.291434
14.3455 0.29138
14.3488 0.291708
14.3521 0.292119
14.3554 0.292479
14.3587 0.292794
14.362 0.29307
14.3654 0.293311
14.3687 0.293522
14.372 0.293582
14.3753 0.293759
14.3786 0.293914
14.3819 0.293925
14.3852 0.294059
14.3885 0.294177
14.3919 0.294155
14.3952 0.294261
14.3985 0.294353
14.4018 0.294309
14.4051 0.294395
14.4084 0.294471
14.4117 0.294537
14.415 0.294595
14.4183 0.294646
14.4217 0.29469
14.425 0.294604
14.4283 0.294653
14.4316 0.294696
14.4349 0.294609
14.4382 0.294658
14.4415 0.294701
14.4448 0.294613
14.4482 0.294662
14.4515 0.294704
14.4548 0.294616
14.4581 0.294664
14.4614 0.294706
14.4647 0.294743
14.468 0.294775
14.4713 0.294803
14.4747 0.294828
14.478 0.294724
14.4813 0.294759
14.4846 0.294789
14.4879 0.29469
14.4912 0.294729
14.4945 0.294763
14.4978 0.294667
14.5011 0.294709
14.5045 0.294745
14.5078 0.294652
14.5111 0.294696
14.5144 0.294734
14.5177 0.294767
14.521 0.294796
14.5243 0.294822
14.5276 0.294844
14.531 0.294738
14.5343 0.294771
14.5376 0.2948
14.5409 0.2947
14.5442 0.294737
14.5475 0.29477
14.5508 0.294674
14.5541 0.294715
14.5575 0.29475
14.5608 0.294782
14.5641 0.294809
14.5674 0.294833
14.5707 0.294854
14.574 0.294872
14.5773 0.294888
14.5806 0.294902
14.5839 0.294789
14.5873 0.294816
14.5906 0.294839
14.5939 0.294734
14.5972 0.294767
14.6005 0.294796
14.6038 0.294697
14.6071 0.294735
14.6104 0.294768
14.6138 0.294797
14.6171 0.294822
14.6204 0.294844
14.6237 0.294864
14.627 0.294881
14.6303 0.294896
14.6336 0.294909
14.6369 0.294795
14.6403 0.294821
14.6436 0.294843
14.6469 0.294738
14.6502 0.294771
14.6535 0.294799
14.6568 0.294699
14.6601 0.294737
14.6634 0.29477
14.6667 0.294799
14.6701 0.294824
14.6734 0.294846
14.6767 0.294865
14.68 0.294757
14.6833 0.294787
14.6866 0.294814
14.6899 0.294712
14.6932 0.294748
14.6966 0.29478
14.6999 0.294682
14.7032 0.294722
14.7065 0.294757
14.7098 0.294662
14.7131 0.294704
14.7164 0.294741
14.7197 0.294774
14.7231 0.294802
14.7264 0.294827
14.7297 0.294848
14.733 0.294742
14.7363 0.294775
14.7396 0.294803
14.7429 0.294702
14.7462 0.29474
14.7495 0.294772
14.7529 0.294676
14.7562 0.294716
14.7595 0.294752
14.7628 0.294658
14.7661 0.2947
14.7694 0.294738
14.7727 0.294771
14.776 0.294799
14.7794 0.294824
14.7827 0.294846
14.786 0.294741
14.7893 0.294773
14.7926 0.294801
14.7959 0.294701
14.7992 0.294739
14.8025 0.294771
14.8059 0.294675
14.8092 0.294715
14.8125 0.294751
14.8158 0.294657
14.8191 0.2947
14.8224 0.294738
14.8257 0.29477
14.829 0.294799
14.8323 0.294824
14.8357 0.294846
14.839 0.29474
14.8423 0.294773
14.8456 0.294801
14.8489 0.294701
14.8522 0.294738
14.8555 0.294771
14.8588 0.294675
14.8622 0.294715
14.8655 0.294751
14.8688 0.294657
14.8721 0.2947
14.8754 0.294737
14.8787 0.29477
14.882 0.294799
14.8853 0.294824
14.8887 0.294846
14.892 0.29474
14.8953 0.294773
14.8986 0.294801
14.9019 0.294701
14.9052 0.294738
14.9085 0.294771
14.9118 0.294675
14.9151 0.294715
14.9185 0.294751
14.9218 0.294657
14.9251 0.2947
14.9284 0.294737
14.9317 0.29477
14.935 0.294799
14.9383 0.294824
14.9416 0.294846
14.945 0.29474
14.9483 0.294773
14.9516 0.294801
14.9549 0.294701
14.9582 0.294738
14.9615 0.294771
14.9648 0.294675
14.9681 0.294715
14.9715 0.294751
14.9748 0.294782
14.9781 0.294809
14.9814 0.294833
14.9847 0.294854
14.988 0.294872
14.9913 0.294888
14.9946 0.294902
14.9979 0.294789
