0.0 0
0.180557 4294967295
0.362846 4294967295
0.546749 4294967295
0.730651 4294967295
0.912898 4294967295
0.91621 4294967295
1.0968 4294967295
1.10011 4294967295
1.10342 4294967295
1.2807 4294967295
1.28401 4294967295
1.28733 4294967295
1.29064 4294967295
1.46295 4294967295
1.46626 4294967295
1.46957 4294967295
1.47288 4294967295
1.4762 4294967295
1.47951 4294967295
1.6452 4294967295
1.64851 4294967295
1.65182 4294967295
1.65513 4294967295
1.65844 4294967295
1.66176 4294967295
1.66507 4294967295
1.66838 4294967295
1.67169 4294967295
1.82744 4294967295
1.83075 4294967295
1.83407 4294967295
1.83738 4294967295
1.84069 4294967295
1.844 4294967295
1.84731 4294967295
1.85063 4294967295
1.85394 4294967295
1.85725 4294967295
1.86056 4294967295
1.86387 4294967295
1.86719 4294967295
1.8705 4294967295
2.01134 4294967295
2.01466 4294967295
2.01797 4294967295
2.02128 4294967295
2.02459 4294967295
2.0279 4294967295
2.03122 4294967295
2.03453 4294967295
2.03784 4294967295
2.04115 4294967295
2.04446 4294967295
2.04778 4294967295
2.05109 4294967295
2.0544 4294967295
2.05771 4294967295
2.06102 4294967295
2.06434 4294967295
2.06765 4294967295
2.07096 4294967295
2.07427 4294967295
2.07758 4294967295
2.19525 4294967295
2.19856 4294967295
2.20187 4294967295
2.20518 4294967295
2.20849 4294967295
2.21181 4294967295
2.21512 4294967295
2.21843 4294967295
2.22174 4294967295
2.22505 4294967295
2.22837 4294967295
2.23168 4294967295
2.23499 4294967295
2.2383 4294967295
2.24161 4294967295
2.24493 4294967295
2.24824 4294967295
2.25155 4294967295
2.25486 4294967295
2.25817 4294967295
2.26149 4294967295
2.2648 4294967295
2.26811 4294967295
2.27142 4294967295
2.27473 4294967295
2.27805 4294967295
2.28136 4294967295
2.28467 4294967295
2.28798 4294967295
2.29129 4294967295
2.29461 4294967295
2.37749 4294967295
2.3808 4294967295
2.38412 4294967295
2.38743 4294967295
2.39074 4294967295
2.39405 4294967295
2.39736 4294967295
2.40068 4294967295
2.40399 4294967295
2.4073 4294967295
2.41061 4294967295
2.41392 4294967295
2.41724 4294967295
2.42055 4294967295
2.42386 4294967295
2.42717 4294967295
2.43048 4294967295
2.4338 4294967295
2.43711 4294967295
2.44042 4294967295
2.44373 4294967295
2.44704 4294967295
2.45036 4294967295
2.45367 4294967295
2.45698 4294967295
2.46029 4294967295
2.4636 4294967295
2.46692 4294967295
2.47023 4294967295
2.47354 4294967295
2.47685 4294967295
2.48016 4294967295
2.48348 4294967295
2.48679 4294967295
2.4901 4294967295
2.49341 4294967295
2.49672 4294967295
2.50004 4294967295
2.50335 4294967295
2.50666 4294967295
2.50997 4294967295
2.51328 4294967295
2.5166 4294967295
2.51991 4294967295
2.52322 4294967295
2.52653 4294967295
2.52984 4294967295
2.5614 4294967295
2.56471 4294967295
2.56802 4294967295
2.57133 4294967295
2.57464 4294967295
2.57796 4294967295
2.58127 4294967295
2.58458 4294967295
2.58789 4294967295
2.5912 4294967295
2.59452 4294967295
2.59783 4294967295
2.60114 4294967295
2.60445 4294967295
2.60776 4294967295
2.61108 4294967295
2.61439 4294967295
2.6177 4294967295
2.62101 4294967295
2.62432 4294967295
2.62764 4294967295
2.63095 4294967295
2.63426 4294967295
2.63757 4294967295
2.64088 4294967295
2.6442 4294967295
2.64751 4294967295
2.65082 4294967295
2.65413 4294967295
2.65744 4294967295
2.66076 4294967295
2.66407 4294967295
2.66738 4294967295
2.67069 4294967295
2.674 4294967295
2.67732 4294967295
2.68063 4294967295
2.68394 4294967295
2.68725 4294967295
2.69056 4294967295
2.69388 4294967295
2.69719 4294967295
2.7005 4294967295
2.70381 4294967295
2.70712 4294967295
2.71044 4294967295
2.71375 4294967295
2.71706 4294967295
2.72037 4294967295
2.72368 4294967295
2.727 4294967295
2.73031 4294967295
2.73362 4294967295
2.73693 4294967295
2.74024 4294967295
2.74356 4294967295
2.74687 4294967295
2.75018 4294967295
2.75349 4294967295
2.7568 4294967295
2.76012 4294967295
2.76343 4294967295
2.76674 4294967295
2.77005 4294967295
2.77336 4294967295
2.77668 4294967295
2.77999 4294967295
2.7833 4294967295
2.78661 4294967295
2.78992 4294967295
2.79324 4294967295
2.79655 4294967295
2.79986 4294967295
2.80317 4294967295
2.80648 4294967295
2.8098 4294967295
2.81311 4294967295
2.81642 4294967295
2.81973 4294967295
2.82304 4294967295
2.82635 4294967295
2.82967 4294967295
2.83298 4294967295
2.83629 4294967295
2.8396 4294967295
2.84291 4294967295
2.84623 4294967295
2.84954 4294967295
2.85285 4294967295
2.85616 4294967295
2.85947 4294967295
2.86279 4294967295
2.8661 4294967295
2.86941 4294967295
2.87272 4294967295
2.87603 4294967295
2.87935 4294967295
2.88266 4294967295
2.88597 4294967295
2.88928 4294967295
2.89259 4294967295
2.89591 4294967295
2.89922 4294967295
2.90253 4294967295
2.90584 4294967295
2.90915 4294967295
2.91247 4294967295
2.91578 4294967295
2.91909 4294967295
2.9224 4294967295
2.92571 4294967295
2.92903 4294967295
2.93234 4294967295
2.93565 4294967295
2.93896 4294967295
2.94227 4294967295
2.94559 4294967295
2.9489 4294967295
2.95221 4294967295
2.95552 4294967295
2.95883 4294967295
2.96215 4294967295
2.96546 4294967295
2.96877 4294967295
2.97208 4294967295
2.97539 4294967295
2.97871 4294967295
2.98202 4294967295
2.98533 4294967295
2.98864 4294967295
2.99195 4294967295
2.99527 4294967295
2.99858 4294967295
3.00189 4294967295
3.0052 4294967295
3.00851 4294967295
3.01183 4294967295
3.01514 4294967295
3.01845 4294967295
3.02176 4294967295
3.02507 4294967295
3.02839 4294967295
3.0317 4294967295
3.03501 4294967295
3.03832 4294967295
3.04163 4294967295
3.04495 4294967295
3.04826 4294967295
3.05157 4294967295
3.05488 4294967295
3.05819 4294967295
3.06151 4294967295
3.06482 4294967295
3.06813 4294967295
3.07144 4294967295
3.07475 4294967295
3.07807 4294967295
3.08138 4294967295
3.08469 4294967295
3.088 4294967295
3.09131 4294967295
3.09463 4294967295
3.09794 4294967295
3.10125 4294967295
3.10456 4294967295
3.10787 4294967295
3.11119 4294967295
3.1145 4294967295
3.11781 4294967295
3.12112 4294967295
3.12443 4294967295
3.12775 4294967295
3.13106 4294967295
3.13437 4294967295
3.13768 4294967295
3.14099 4294967295
3.14431 4294967295
3.14431 4294967295
3.14431 84600
3.14762 84600
3.15093 84600
3.15424 84600
3.15755 84600
3.16087 84600
3.16418 84600
3.16749 84600
3.1708 84600
3.17411 84600
3.17743 84600
3.18074 84600
3.18405 84600
3.18736 84600
3.19067 84600
3.19399 84600
3.1973 84600
3.20061 84600
3.20392 84600
3.20723 84600
3.21055 84600
3.21386 84600
3.21717 84600
3.22048 84600
3.22379 84600
3.22711 84600
3.23042 84600
3.23373 84600
3.23704 84600
3.24035 84600
3.24367 84600
3.24698 84600
3.25029 84600
3.2536 84600
3.25691 84600
3.26192 57600
3.26192 57600
3.92263 57600
3.92594 57600
3.92925 57600
3.93256 57600
3.93587 57600
3.93919 57600
3.9425 57600
3.94581 57600
3.94912 57600
3.95243 57600
3.95575 57600
3.95906 57600
3.96237 57600
3.96568 57600
3.96899 57600
3.97231 57600
3.97562 57600
3.97893 57600
3.98224 57600
3.98555 57600
3.98887 57600
3.99218 57600
3.99549 57600
3.9988 57600
4.00211 57600
4.00543 57600
4.00874 57600
4.01205 57600
4.01536 57600
4.01867 57600
4.02199 57600
4.0253 57600
4.02861 57600
4.03192 57600
4.03523 57600
4.03855 57600
4.04186 57600
4.04517 57600
4.04848 57600
4.05179 57600
4.05511 57600
4.05842 57600
4.06173 57600
4.06504 57600
4.06835 57600
4.07167 57600
4.07498 57600
4.07829 57600
4.0816 57600
4.08491 57600
4.08823 57600
4.09154 57600
4.09485 57600
4.09816 57600
4.10147 57600
4.10479 57600
4.1081 57600
4.11141 57600
4.11472 57600
4.11803 57600
4.12135 57600
4.12466 57600
4.12797 57600
4.13128 57600
4.13459 57600
4.13791 57600
4.14122 57600
4.14453 57600
4.14784 57600
4.15115 57600
4.15447 57600
4.15778 57600
4.16109 57600
4.1644 57600
4.16771 57600
4.17103 57600
4.17434 57600
4.17765 57600
4.18096 57600
4.18427 57600
4.18759 57600
4.1909 57600
4.19421 57600
4.19752 57600
4.20083 57600
4.20415 57600
4.20746 57600
4.21077 57600
4.21408 57600
4.21739 57600
4.22071 57600
4.22402 57600
4.22733 57600
4.23064 57600
4.23395 57600
4.23727 57600
4.24058 57600
4.24389 57600
4.2472 57600
4.25051 57600
4.25383 57600
4.25714 57600
4.26045 57600
4.26376 57600
4.26707 57600
4.27039 57600
4.2737 57600
4.27701 57600
4.28032 57600
4.28363 57600
4.28695 57600
4.29026 57600
4.29357 57600
4.29688 57600
4.30019 57600
4.30351 57600
4.30682 57600
4.31013 57600
4.31344 57600
4.31675 57600
4.32007 57600
4.32338 57600
4.32669 57600
4.33 57600
4.33331 57600
4.33663 57600
4.33994 57600
4.34325 57600
4.34656 57600
4.34987 57600
4.35319 57600
4.3565 57600
4.35981 57600
4.36312 57600
4.36643 57600
4.36975 57600
4.37306 57600
4.37637 57600
4.37968 57600
4.38299 57600
4.38631 57600
4.38962 57600
4.39293 57600
4.39624 57600
4.39955 57600
4.40287 57600
4.40618 57600
4.40949 57600
4.4128 57600
4.41611 57600
4.41943 57600
4.42274 57600
4.42605 57600
4.42936 57600
4.43267 57600
4.43599 57600
4.4393 57600
4.44261 57600
4.44592 57600
4.44923 57600
4.45255 57600
4.45586 57600
4.45917 57600
4.46248 57600
4.46579 57600
4.46911 57600
4.47242 57600
4.47573 57600
4.47904 57600
4.48235 57600
4.48567 57600
4.48898 57600
4.49229 57600
4.4956 57600
4.49891 57600
4.50223 57600
4.50554 57600
4.50885 57600
4.51216 57600
4.51547 57600
4.51879 57600
4.5221 57600
4.52541 57600
4.52872 57600
4.53203 57600
4.53535 57600
4.53866 57600
4.54197 57600
4.54528 57600
4.54859 57600
4.55191 57600
4.55522 57600
4.55853 57600
4.56184 57600
4.56515 57600
4.56847 57600
4.57178 57600
4.57509 57600
4.5784 57600
4.58171 57600
4.58503 57600
4.58834 57600
4.59165 57600
4.59496 57600
4.59827 57600
4.60159 57600
4.6049 57600
4.60821 57600
4.61152 57600
4.61483 57600
4.61815 57600
4.62146 57600
4.62477 57600
4.62808 57600
4.63139 57600
4.63471 57600
4.63802 57600
4.64133 57600
4.64464 57600
4.64795 57600
4.65127 57600
4.65458 57600
4.65789 57600
4.6612 57600
4.66451 57600
4.66783 57600
4.67114 57600
4.67445 57600
4.67776 57600
4.68107 57600
4.68439 57600
4.6877 57600
4.69101 57600
4.69432 57600
4.69763 57600
4.70095 57600
4.70426 57600
4.70757 57600
4.71088 57600
4.71419 57600
4.71751 57600
4.72082 57600
4.72413 57600
4.72744 57600
4.73075 57600
4.73407 57600
4.73738 57600
4.74069 57600
4.744 57600
4.74731 57600
4.75063 57600
4.75394 57600
4.75725 57600
4.76056 57600
4.76387 57600
4.76719 57600
4.7705 57600
4.77381 57600
4.77712 57600
4.78043 57600
4.78375 57600
4.78706 57600
4.79037 57600
4.79368 57600
4.79699 57600
4.80031 57600
4.80362 57600
4.80693 57600
4.81024 57600
4.81355 57600
4.81687 57600
4.82018 57600
4.82349 57600
4.8268 57600
4.83011 57600
4.83343 57600
4.83674 57600
4.84005 57600
4.84336 57600
4.84667 57600
4.84999 57600
4.8533 57600
4.85661 57600
4.85992 57600
4.86323 57600
4.86655 57600
4.86986 57600
4.87317 57600
4.87648 57600
4.87979 57600
4.88311 57600
4.88642 57600
4.88973 57600
4.89304 57600
4.89635 57600
4.89967 57600
4.90298 57600
4.90629 57600
4.9096 57600
4.91291 57600
4.91623 57600
4.91954 57600
4.92285 57600
4.92616 57600
4.92947 57600
4.93279 57600
4.9361 57600
4.93941 57600
4.94272 57600
4.94603 57600
4.94935 57600
4.95266 57600
4.95597 57600
4.95928 57600
4.96259 57600
4.96591 57600
4.96922 57600
4.97253 57600
4.97584 57600
4.97915 57600
4.98247 57600
4.98578 57600
4.98909 57600
4.9924 57600
4.99571 57600
4.99903 57600
5.00234 57600
5.00565 57600
5.00896 57600
5.01227 57600
5.01559 57600
5.0189 57600
5.02221 57600
5.02552 57600
5.02883 57600
5.03215 57600
5.03546 57600
5.03877 57600
5.04208 57600
5.04539 57600
5.04871 57600
5.05202 57600
5.05533 57600
5.05864 57600
5.06195 57600
5.06527 57600
5.06858 57600
5.07189 57600
5.0752 57600
5.07851 57600
5.08183 57600
5.08514 57600
5.08845 57600
5.09176 57600
5.09507 57600
5.09839 57600
5.1017 57600
5.10501 57600
5.10832 57600
5.11163 57600
5.11495 57600
5.11826 57600
5.12157 57600
5.12488 57600
5.12819 57600
5.13151 57600
5.13482 57600
5.13813 57600
5.14144 57600
5.14475 57600
5.14807 57600
5.15138 57600
5.15469 57600
5.158 57600
5.16131 57600
5.16463 57600
5.16794 57600
5.17125 57600
5.17456 57600
5.17787 57600
5.18119 57600
5.1845 57600
5.18781 57600
5.19112 57600
5.19443 57600
5.19775 57600
5.20106 57600
5.20437 57600
5.20768 57600
5.21099 57600
5.21431 57600
5.21762 57600
5.22093 57600
5.22424 57600
5.22755 57600
5.23087 57600
5.23418 57600
5.23749 57600
5.2408 57600
5.24411 57600
5.24743 57600
5.25074 57600
5.25405 57600
5.25736 57600
5.26067 57600
5.26399 57600
5.2673 57600
5.27061 57600
5.27392 57600
5.27723 57600
5.28055 57600
5.28386 57600
5.28717 57600
5.29048 57600
5.29379 57600
5.29711 57600
5.30042 57600
5.30373 57600
5.30704 57600
5.31035 57600
5.31367 57600
5.31698 57600
5.32029 57600
5.3236 57600
5.32691 57600
5.33023 57600
5.33354 57600
5.33685 57600
5.34016 57600
5.34347 57600
5.34679 57600
5.3501 57600
5.35341 57600
5.35672 57600
5.36003 57600
5.36335 57600
5.36666 57600
5.36997 57600
5.37328 57600
5.37659 57600
5.37991 57600
5.38322 57600
5.38653 57600
5.38984 57600
5.39315 57600
5.39647 57600
5.39978 57600
5.40309 57600
5.4064 57600
5.40971 57600
5.41303 57600
5.41634 57600
5.41965 57600
5.42296 57600
5.42627 57600
5.42959 57600
5.4329 57600
5.43621 57600
5.43952 57600
5.44283 57600
5.44615 57600
5.44946 57600
5.45277 57600
5.45608 57600
5.45939 57600
5.46271 57600
5.46602 57600
5.46933 57600
5.47264 57600
5.47595 57600
5.47927 57600
5.48258 57600
5.48589 57600
5.4892 57600
5.49251 57600
5.49583 57600
5.49914 57600
5.50245 57600
5.50576 57600
5.50907 57600
5.51239 57600
5.5157 57600
5.51901 57600
5.52232 57600
5.52563 57600
5.52895 57600
5.53226 57600
5.53557 57600
5.53888 57600
5.54219 57600
5.54551 57600
5.54882 57600
5.55213 57600
5.55544 57600
5.55875 57600
5.56207 57600
5.56538 57600
5.56869 57600
5.572 57600
5.57531 57600
5.57863 57600
5.58194 57600
5.58525 57600
5.58856 57600
5.59187 57600
5.59519 57600
5.5985 57600
5.60181 57600
5.60512 57600
5.60843 57600
5.61175 57600
5.61506 57600
5.61837 57600
5.62168 57600
5.62499 57600
5.62831 57600
5.63162 57600
5.63493 57600
5.63824 57600
5.64155 57600
5.64487 57600
5.64818 57600
5.65149 57600
5.6548 57600
5.65811 57600
5.66143 57600
5.66474 57600
5.66805 57600
5.67136 57600
5.67467 57600
5.67799 57600
5.6813 57600
5.68461 57600
5.68792 57600
5.69123 57600
5.69455 57600
5.69786 57600
5.70117 57600
5.70448 57600
5.70779 57600
5.71111 57600
5.71442 57600
5.71773 57600
5.72104 57600
5.72435 57600
5.72767 57600
5.73098 57600
5.73429 57600
5.7376 57600
5.74091 57600
5.74423 57600
5.74754 57600
5.75085 57600
5.75416 57600
5.75747 57600
5.76079 57600
5.7641 57600
5.76741 57600
5.77072 57600
5.77403 57600
5.77735 57600
5.78066 57600
5.78397 57600
5.78728 57600
5.79059 57600
5.79391 57600
5.79722 57600
5.80053 57600
5.80384 57600
5.80715 57600
5.81047 57600
5.81378 57600
5.81709 57600
5.8204 57600
5.82371 57600
5.82703 57600
5.83034 57600
5.83365 57600
5.83696 57600
5.84027 57600
5.84359 57600
5.8469 57600
5.85021 57600
5.85352 57600
5.85683 57600
5.86015 57600
5.86346 57600
5.86677 57600
5.87008 57600
5.87339 57600
5.87671 57600
5.88002 57600
5.88333 57600
5.88664 57600
5.88995 57600
5.89327 57600
5.89658 57600
5.89989 57600
5.9032 57600
5.90651 57600
5.90983 57600
5.91314 57600
5.91645 57600
5.91976 57600
5.92307 57600
5.92639 57600
5.9297 57600
5.93301 57600
5.93632 57600
5.93963 57600
5.94295 57600
5.94626 57600
5.94957 57600
5.95288 57600
5.95619 57600
5.95951 57600
5.96282 57600
5.96613 57600
5.96944 57600
5.97275 57600
5.97607 57600
5.97938 57600
5.98269 57600
5.986 57600
5.98931 57600
5.99263 57600
5.99594 57600
5.99925 57600
6.00256 57600
6.00587 57600
6.00919 57600
6.0125 57600
6.01581 57600
6.01912 57600
6.02243 57600
6.02575 57600
6.02906 57600
6.03237 57600
6.03568 57600
6.03899 57600
6.04231 57600
6.04562 57600
6.04893 57600
6.05224 57600
6.05555 57600
6.05887 57600
6.06218 57600
6.06549 57600
6.0688 57600
6.07211 57600
6.07543 57600
6.07874 57600
6.08205 57600
6.08536 57600
6.08867 57600
6.09199 57600
6.0953 57600
6.09861 57600
6.10192 57600
6.10523 57600
6.10855 57600
6.11186 57600
6.11517 57600
6.11848 57600
6.12179 57600
6.1251 57600
6.12842 57600
6.13173 57600
6.13504 57600
6.13835 57600
6.14166 57600
6.14498 57600
6.14829 57600
6.1516 57600
6.15491 57600
6.15822 57600
6.16154 57600
6.16485 57600
6.16816 57600
6.17147 57600
6.17478 57600
6.1781 57600
6.18141 57600
6.18472 57600
6.18803 57600
6.19134 57600
6.19466 57600
6.19797 57600
6.20128 57600
6.20459 57600
6.2079 57600
6.21122 57600
6.21453 57600
6.21784 57600
6.22115 57600
6.22446 57600
6.22778 57600
6.23109 57600
6.2344 57600
6.23771 57600
6.24102 57600
6.24434 57600
6.24765 57600
6.25096 57600
6.25427 57600
6.25758 57600
6.2609 57600
6.26421 57600
6.26752 57600
6.27083 57600
6.27414 57600
6.27746 57600
6.28077 57600
6.28408 57600
6.28739 57600
6.2907 57600
6.29402 57600
6.29733 57600
6.30064 57600
6.30395 57600
6.30726 57600
6.31058 57600
6.31389 57600
6.3172 57600
6.32051 57600
6.32382 57600
6.32714 57600
6.33045 57600
6.33376 57600
6.33707 57600
6.34038 57600
6.3437 57600
6.34701 57600
6.35032 57600
6.35363 57600
6.35694 57600
6.36026 57600
6.36357 57600
6.36688 57600
6.37019 57600
6.3735 57600
6.37682 57600
6.38013 57600
6.38344 57600
6.38675 57600
6.39006 57600
6.39338 57600
6.39669 57600
6.4 57600
6.40331 57600
6.40662 57600
6.40994 57600
6.41325 57600
6.41656 57600
6.41987 57600
6.42318 57600
6.4265 57600
6.42981 57600
6.43312 57600
6.43643 57600
6.43974 57600
6.44306 57600
6.44637 57600
6.44968 57600
6.45299 57600
6.4563 57600
6.45962 57600
6.46293 57600
6.46624 57600
6.46955 57600
6.47286 57600
6.47618 57600
6.47949 57600
6.4828 57600
6.48611 57600
6.48942 57600
6.49274 57600
6.49605 57600
6.49936 57600
6.50267 57600
6.50598 57600
6.5093 57600
6.51261 57600
6.51592 57600
6.51923 57600
6.52254 57600
6.52586 57600
6.52917 57600
6.53248 57600
6.53579 57600
6.5391 57600
6.54242 57600
6.54573 57600
6.54904 57600
6.55235 57600
6.55566 57600
6.55898 57600
6.56229 57600
6.5656 57600
6.56891 57600
6.57222 57600
6.57554 57600
6.57885 57600
6.58216 57600
6.58547 57600
6.58878 57600
6.5921 57600
6.59541 57600
6.59872 57600
6.60203 57600
6.60534 57600
6.60866 57600
6.61197 57600
6.61528 57600
6.61859 57600
6.6219 57600
6.62522 57600
6.62853 57600
6.63184 57600
6.63515 57600
6.63846 57600
6.64178 57600
6.64509 57600
6.6484 57600
6.65171 57600
6.65502 57600
6.65834 57600
6.66165 57600
6.66496 57600
6.66827 57600
6.67158 57600
6.6749 57600
6.67821 57600
6.68152 57600
6.68483 57600
6.68814 57600
6.69146 57600
6.69477 57600
6.69808 57600
6.70139 57600
6.7047 57600
6.70802 57600
6.71133 57600
6.71464 57600
6.71795 57600
6.72126 57600
6.72458 57600
6.72789 57600
6.7312 57600
6.73451 57600
6.73782 57600
6.74114 57600
6.74445 57600
6.74776 57600
6.75107 57600
6.75438 57600
6.7577 57600
6.76101 57600
6.76432 57600
6.76763 57600
6.77094 57600
6.77426 57600
6.77757 57600
6.78088 57600
6.78419 57600
6.7875 57600
6.79082 57600
6.79413 57600
6.79744 57600
6.80075 57600
6.80406 57600
6.80738 57600
6.81069 57600
6.814 57600
6.81731 57600
6.82062 57600
6.82394 57600
6.82725 57600
6.83056 57600
6.83387 57600
6.83718 57600
6.8405 57600
6.84381 57600
6.84712 57600
6.85043 57600
6.85374 57600
6.85706 57600
6.86037 57600
6.86368 57600
6.86699 57600
6.8703 57600
6.87362 57600
6.87693 57600
6.88024 57600
6.88355 57600
6.88686 57600
6.89018 57600
6.89349 57600
6.8968 57600
6.90011 57600
6.90342 57600
6.90674 57600
6.91005 57600
6.91336 57600
6.91667 57600
6.91998 57600
6.9233 57600
6.92661 57600
6.92992 57600
6.93323 57600
6.93654 57600
6.93986 57600
6.94317 57600
6.94648 57600
6.94979 57600
6.9531 57600
6.95642 57600
6.95973 57600
6.96304 57600
6.96635 57600
6.96966 57600
6.97298 57600
6.97629 57600
6.9796 57600
6.98291 57600
6.98622 57600
6.98954 57600
6.99285 57600
6.99616 57600
6.99947 57600
7.00278 57600
7.0061 57600
7.00941 57600
7.01272 57600
7.01603 57600
7.01934 57600
7.02266 57600
7.02597 57600
7.02928 57600
7.03259 57600
7.0359 57600
7.03922 57600
7.04253 57600
7.04584 57600
7.04915 57600
7.05246 57600
7.05578 57600
7.05909 57600
7.0624 57600
7.06571 57600
7.06902 57600
7.07234 57600
7.07565 57600
7.07896 57600
7.08227 57600
7.08558 57600
7.0889 57600
7.09221 57600
7.09552 57600
7.09883 57600
7.10214 57600
7.10546 57600
7.10877 57600
7.11208 57600
7.11539 57600
7.1187 57600
7.12202 57600
7.12533 57600
7.12864 57600
7.13195 57600
7.13526 57600
7.13858 57600
7.14189 57600
7.1452 57600
7.14851 57600
7.15182 57600
7.15514 57600
7.15845 57600
7.16176 57600
7.16507 57600
7.16838 57600
7.1717 57600
7.17501 57600
7.17832 57600
7.18163 57600
7.18494 57600
7.18826 57600
7.19157 57600
7.19488 57600
7.19819 57600
7.2015 57600
7.20482 57600
7.20813 57600
7.21144 57600
7.21475 57600
7.21806 57600
7.22138 57600
7.22469 57600
7.228 57600
7.23131 57600
7.23462 57600
7.23794 57600
7.24125 57600
7.24456 57600
7.24787 57600
7.25118 57600
7.2545 57600
7.25781 57600
7.26112 57600
7.26443 57600
7.26774 57600
7.27106 57600
7.27437 57600
7.27768 57600
7.28099 57600
7.2843 57600
7.28762 57600
7.29093 57600
7.29424 57600
7.29755 57600
7.30086 57600
7.30418 57600
7.30749 57600
7.3108 57600
7.31411 57600
7.31742 57600
7.32074 57600
7.32405 57600
7.32736 57600
7.33067 57600
7.33398 57600
7.3373 57600
7.34061 57600
7.34392 57600
7.34723 57600
7.35054 57600
7.35386 57600
7.35717 57600
7.36048 57600
7.36379 57600
7.3671 57600
7.37042 57600
7.37373 57600
7.37704 57600
7.38035 57600
7.38366 57600
7.38698 57600
7.39029 57600
7.3936 57600
7.39691 57600
7.40022 57600
7.40354 57600
7.40685 57600
7.41016 57600
7.41347 57600
7.41678 57600
7.4201 57600
7.42341 57600
7.42672 57600
7.43003 57600
7.43334 57600
7.43666 57600
7.43997 57600
7.44328 57600
7.44659 57600
7.4499 57600
7.45322 57600
7.45653 57600
7.45984 57600
7.46315 57600
7.46646 57600
7.46978 57600
7.47309 57600
7.4764 57600
7.47971 57600
7.48302 57600
7.48634 57600
7.48965 57600
7.49296 57600
7.49627 57600
7.49958 57600
7.5029 57600
7.50621 57600
7.50952 57600
7.51283 57600
7.51614 57600
7.51946 57600
7.52277 57600
7.52608 57600
7.52939 57600
7.5327 57600
7.53602 57600
7.53933 57600
7.54264 57600
7.54595 57600
7.54926 57600
7.55258 57600
7.55589 57600
7.5592 57600
7.56251 57600
7.56582 57600
7.56914 57600
7.57245 57600
7.57576 57600
7.57907 57600
7.58238 57600
7.5857 57600
7.58901 57600
7.59232 57600
7.59563 57600
7.59894 57600
7.60226 57600
7.60557 57600
7.60888 57600
7.61219 57600
7.6155 57600
7.61882 57600
7.62213 57600
7.62544 57600
7.62875 57600
7.63206 57600
7.63538 57600
7.63869 57600
7.642 57600
7.64531 57600
7.64862 57600
7.65194 57600
7.65525 57600
7.65856 57600
7.66187 57600
7.66518 57600
7.6685 57600
7.67181 57600
7.67512 57600
7.67843 57600
7.68174 57600
7.68506 57600
7.68837 57600
7.69168 57600
7.69499 57600
7.6983 57600
7.70162 57600
7.70493 57600
7.70824 57600
7.71155 57600
7.71486 57600
7.71818 57600
7.72149 57600
7.7248 57600
7.72811 57600
7.73142 57600
7.73474 57600
7.73805 57600
7.74136 57600
7.74467 57600
7.74798 57600
7.7513 57600
7.75461 57600
7.75792 57600
7.76123 57600
7.76454 57600
7.76786 57600
7.77117 57600
7.77448 57600
7.77779 57600
7.7811 57600
7.78442 57600
7.78773 57600
7.79104 57600
7.79435 57600
7.79766 57600
7.80098 57600
7.80429 57600
7.8076 57600
7.81091 57600
7.81422 57600
7.81754 57600
7.82085 57600
7.82416 57600
7.82747 57600
7.83078 57600
7.8341 57600
7.83741 57600
7.84072 57600
7.84403 57600
7.84734 57600
7.85066 57600
7.85397 57600
7.85728 57600
7.86059 57600
7.8639 57600
7.86722 57600
7.87053 57600
7.87384 57600
7.87715 57600
7.88046 57600
7.88378 57600
7.88709 57600
7.8904 57600
7.89371 57600
7.89702 57600
7.90034 57600
7.90365 57600
7.90696 57600
7.91027 57600
7.91358 57600
7.9169 57600
7.92021 57600
7.92352 57600
7.92683 57600
7.93014 57600
7.93346 57600
7.93677 57600
7.94008 57600
7.94339 57600
7.9467 57600
7.95002 57600
7.95333 57600
7.95664 57600
7.95995 57600
7.96326 57600
7.96658 57600
7.96989 57600
7.9732 57600
7.97651 57600
7.97982 57600
7.98314 57600
7.98645 57600
7.98976 57600
7.99307 57600
7.99638 57600
7.9997 57600
8.00301 57600
8.00632 57600
8.00963 57600
8.01294 57600
8.01626 57600
8.01957 57600
8.02288 57600
8.02619 57600
8.0295 57600
8.03282 57600
8.03613 57600
8.03944 57600
8.04275 57600
8.04606 57600
8.04938 57600
8.05269 57600
8.056 57600
8.05931 57600
8.06262 57600
8.06594 57600
8.06925 57600
8.07256 57600
8.07587 57600
8.07918 57600
8.0825 57600
8.08581 57600
8.08912 57600
8.09243 57600
8.09574 57600
8.09906 57600
8.10237 57600
8.10568 57600
8.10899 57600
8.1123 57600
8.11562 57600
8.11893 57600
8.12224 57600
8.12555 57600
8.12886 57600
8.13218 57600
8.13549 57600
8.1388 57600
8.14211 57600
8.14542 57600
8.14874 57600
8.15205 57600
8.15536 57600
8.15867 57600
8.16198 57600
8.1653 57600
8.16861 57600
8.17192 57600
8.17523 57600
8.17854 57600
8.18186 57600
8.18517 57600
8.18848 57600
8.19179 57600
8.1951 57600
8.19842 57600
8.20173 57600
8.20504 57600
8.20835 57600
8.21166 57600
8.21498 57600
8.21829 57600
8.2216 57600
8.22491 57600
8.22822 57600
8.23154 57600
8.23485 57600
8.23816 57600
8.24147 57600
8.24478 57600
8.2481 57600
8.25141 57600
8.25472 57600
8.25803 57600
8.26134 57600
8.26466 57600
8.26797 57600
8.27128 57600
8.27459 57600
8.2779 57600
8.28122 57600
8.28453 57600
8.28784 57600
8.29115 57600
8.29446 57600
8.29778 57600
8.30109 57600
8.3044 57600
8.30771 57600
8.31102 57600
8.31434 57600
8.31765 57600
8.32096 57600
8.32427 57600
8.32758 57600
8.3309 57600
8.33421 57600
8.33752 57600
8.34083 57600
8.34414 57600
8.34746 57600
8.35077 57600
8.35408 57600
8.35739 57600
8.3607 57600
8.36402 57600
8.36733 57600
8.37064 57600
8.37395 57600
8.37726 57600
8.38058 57600
8.38389 57600
8.3872 57600
8.39051 57600
8.39382 57600
8.39714 57600
8.40045 57600
8.40376 57600
8.40707 57600
8.41038 57600
8.4137 57600
8.41701 57600
8.42032 57600
8.42363 57600
8.42694 57600
8.43026 57600
8.43357 57600
8.43688 57600
8.44019 57600
8.4435 57600
8.44682 57600
8.45013 57600
8.45344 57600
8.45675 57600
8.46006 57600
8.46338 57600
8.46669 57600
8.47 57600
8.47331 57600
8.47662 57600
8.47994 57600
8.48325 57600
8.48656 57600
8.48987 57600
8.49318 57600
8.4965 57600
8.49981 57600
8.50312 57600
8.50643 57600
8.50974 57600
8.51306 57600
8.51637 57600
8.51968 57600
8.52299 57600
8.5263 57600
8.52962 57600
8.53293 57600
8.53624 57600
8.53955 57600
8.54286 57600
8.54618 57600
8.54949 57600
8.5528 57600
8.55611 57600
8.55942 57600
8.56274 57600
8.56605 57600
8.56936 57600
8.57267 57600
8.57598 57600
8.5793 57600
8.58261 57600
8.58592 57600
8.58923 57600
8.59254 57600
8.59586 57600
8.59917 57600
8.60248 57600
8.60579 57600
8.6091 57600
8.61242 57600
8.61573 57600
8.61904 57600
8.62235 57600
8.62566 57600
8.62898 57600
8.63229 57600
8.6356 57600
8.63891 57600
8.64222 57600
8.64554 57600
8.64885 57600
8.65216 57600
8.65547 57600
8.65878 57600
8.6621 57600
8.66541 57600
8.66872 57600
8.67203 57600
8.67534 57600
8.67866 57600
8.68197 57600
8.68528 57600
8.68859 57600
8.6919 57600
8.69522 57600
8.69853 57600
8.70184 57600
8.70515 57600
8.70846 57600
8.71178 57600
8.71509 57600
8.7184 57600
8.72171 57600
8.72502 57600
8.72834 57600
8.73165 57600
8.73496 57600
8.73827 57600
8.74158 57600
8.7449 57600
8.74821 57600
8.75152 57600
8.75483 57600
8.75814 57600
8.76146 57600
8.76477 57600
8.76808 57600
8.77139 57600
8.7747 57600
8.77802 57600
8.78133 57600
8.78464 57600
8.78795 57600
8.79126 57600
8.79458 57600
8.79789 57600
8.8012 57600
8.80451 57600
8.80782 57600
8.81114 57600
8.81445 57600
8.81776 57600
8.82107 57600
8.82438 57600
8.8277 57600
8.83101 57600
8.83432 57600
8.83763 57600
8.84094 57600
8.84426 57600
8.84757 57600
8.85088 57600
8.85419 57600
8.8575 57600
8.86082 57600
8.86413 57600
8.86744 57600
8.87075 57600
8.87406 57600
8.87738 57600
8.88069 57600
8.884 57600
8.88731 57600
8.89062 57600
8.89394 57600
8.89725 57600
8.90056 57600
8.90387 57600
8.90718 57600
8.9105 57600
8.91381 57600
8.91712 57600
8.92043 57600
8.92374 57600
8.92706 57600
8.93037 57600
8.93368 57600
8.93699 57600
8.9403 57600
8.94362 57600
8.94693 57600
8.95024 57600
8.95355 57600
8.95686 57600
8.96018 57600
8.96349 57600
8.9668 57600
8.97011 57600
8.97342 57600
8.97674 57600
8.98005 57600
8.98336 57600
8.98667 57600
8.98998 57600
8.9933 57600
8.99661 57600
8.99992 57600
9.00323 57600
9.00654 57600
9.00986 57600
9.01317 57600
9.01648 57600
9.01979 57600
9.0231 57600
9.02642 57600
9.02973 57600
9.03304 57600
9.03635 57600
9.03966 57600
9.04298 57600
9.04629 57600
9.0496 57600
9.05291 57600
9.05622 57600
9.05954 57600
9.06285 57600
9.06616 57600
9.06947 57600
9.07278 57600
9.0761 57600
9.07941 57600
9.08272 57600
9.08603 57600
9.08934 57600
9.09266 57600
9.09597 57600
9.09928 57600
9.10259 57600
9.1059 57600
9.10922 57600
9.11253 57600
9.11584 57600
9.11915 57600
9.12246 57600
9.12578 57600
9.12909 57600
9.1324 57600
9.13571 57600
9.13902 57600
9.14234 57600
9.14565 57600
9.14896 57600
9.15227 57600
9.15558 57600
9.1589 57600
9.16221 57600
9.16552 57600
9.16883 57600
9.17214 57600
9.17546 57600
9.17877 57600
9.18208 57600
9.18539 57600
9.1887 57600
9.19202 57600
9.19533 57600
9.19864 57600
9.20195 57600
9.20526 57600
9.20858 57600
9.21189 57600
9.2152 57600
9.21851 57600
9.22182 57600
9.22514 57600
9.22845 57600
9.23176 57600
9.23507 57600
9.23838 57600
9.2417 57600
9.24501 57600
9.24832 57600
9.25163 57600
9.25494 57600
9.25826 57600
9.26157 57600
9.26488 57600
9.26819 57600
9.2715 57600
9.27482 57600
9.27813 57600
9.28144 57600
9.28475 57600
9.28806 57600
9.29138 57600
9.29469 57600
9.298 57600
9.30131 57600
9.30462 57600
9.30794 57600
9.31125 57600
9.31456 57600
9.31787 57600
9.32118 57600
9.3245 57600
9.32781 57600
9.33112 57600
9.33443 57600
9.33774 57600
9.34106 57600
9.34437 57600
9.34768 57600
9.35099 57600
9.3543 57600
9.35762 57600
9.36093 57600
9.36424 57600
9.36755 57600
9.37086 57600
9.37418 57600
9.37749 57600
9.3808 57600
9.38411 57600
9.38742 57600
9.39074 57600
9.39405 57600
9.39736 57600
9.40067 57600
9.40398 57600
9.4073 57600
9.41061 57600
9.41392 57600
9.41723 57600
9.42054 57600
9.42386 57600
9.42717 57600
9.43048 57600
9.43379 57600
9.4371 57600
9.44041 57600
9.44373 57600
9.44704 57600
9.45035 57600
9.45366 57600
9.45697 57600
9.46029 57600
9.4636 57600
9.46691 57600
9.47022 57600
9.47353 57600
9.47685 57600
9.48016 57600
9.48347 57600
9.48678 57600
9.49009 57600
9.49341 57600
9.49672 57600
9.50003 57600
9.50334 57600
9.50665 57600
9.50997 57600
9.51328 57600
9.51659 57600
9.5199 57600
9.52321 57600
9.52653 57600
9.52984 57600
9.53315 57600
9.53646 57600
9.53977 57600
9.54309 57600
9.5464 57600
9.54971 57600
9.55302 57600
9.55633 57600
9.55965 57600
9.56296 57600
9.56627 57600
9.56958 57600
9.57289 57600
9.57621 57600
9.57952 57600
9.58283 57600
9.58614 57600
9.58945 57600
9.59277 57600
9.59608 57600
9.59939 57600
9.6027 57600
9.60601 57600
9.60933 57600
9.61264 57600
9.61595 57600
9.61926 57600
9.62257 57600
9.62589 57600
9.6292 57600
9.63251 57600
9.63582 57600
9.63913 57600
9.64245 57600
9.64576 57600
9.64907 57600
9.65238 57600
9.65569 57600
9.65901 57600
9.66232 57600
9.66563 57600
9.66894 57600
9.67225 57600
9.67557 57600
9.67888 57600
9.68219 57600
9.6855 57600
9.68881 57600
9.69213 57600
9.69544 57600
9.69875 57600
9.70206 57600
9.70537 57600
9.70869 57600
9.712 57600
9.71531 57600
9.71862 57600
9.72193 57600
9.72525 57600
9.72856 57600
9.73187 57600
9.73518 57600
9.73849 57600
9.74181 57600
9.74512 57600
9.74843 57600
9.75174 57600
9.75505 57600
9.75837 57600
9.76168 57600
9.76499 57600
9.7683 57600
9.77161 57600
9.77493 57600
9.77824 57600
9.78155 57600
9.78486 57600
9.78817 57600
9.79149 57600
9.7948 57600
9.79811 57600
9.80142 57600
9.80473 57600
9.80805 57600
9.81136 57600
9.81467 57600
9.81798 57600
9.82129 57600
9.82461 57600
9.82792 57600
9.83123 57600
9.83454 57600
9.83785 57600
9.84117 57600
9.84448 57600
9.84779 57600
9.8511 57600
9.85441 57600
9.85773 57600
9.86104 57600
9.86435 57600
9.86766 57600
9.87097 57600
9.87429 57600
9.8776 57600
9.88091 57600
9.88422 57600
9.88753 57600
9.89085 57600
9.89416 57600
9.89747 57600
9.90078 57600
9.90409 57600
9.90741 57600
9.91072 57600
9.91403 57600
9.91734 57600
9.92065 57600
9.92397 57600
9.92728 57600
9.93059 57600
9.9339 57600
9.93721 57600
9.94053 57600
9.94384 57600
9.94715 57600
9.95046 57600
9.95377 57600
9.95709 57600
9.9604 57600
9.96371 57600
9.96702 57600
9.97033 57600
9.97365 57600
9.97696 57600
9.98027 57600
9.98358 57600
9.98689 57600
9.99021 57600
9.99352 57600
9.99683 57600
10.0001 57600
10.0035 57600
10.0068 57600
10.0101 57600
10.0134 57600
10.0167 57600
10.02 57600
10.0233 57600
10.0266 57600
10.03 57600
10.0333 57600
10.0366 57600
10.0399 57600
10.0432 57600
10.0465 57600
10.0498 57600
10.0531 57600
10.0564 57600
10.0598 57600
10.0631 57600
10.0664 57600
10.0697 57600
10.073 57600
10.0763 57600
10.0796 57600
10.0829 57600
10.0863 57600
10.0896 57600
10.0929 57600
10.0962 57600
10.0995 57600
10.1028 57600
10.1061 57600
10.1094 57600
10.1128 57600
10.1161 57600
10.1194 57600
10.1227 57600
10.126 57600
10.1293 57600
10.1326 57600
10.1359 57600
10.1392 57600
10.1426 57600
10.1459 57600
10.1492 57600
10.1525 57600
10.1558 57600
10.1591 57600
10.1624 57600
10.1657 57600
10.1691 57600
10.1724 57600
10.1757 57600
10.179 57600
10.1823 57600
10.1856 57600
10.1889 57600
10.1922 57600
10.1956 57600
10.1989 57600
10.2022 57600
10.2055 57600
10.2088 57600
10.2121 57600
10.2154 57600
10.2187 57600
10.222 57600
10.2254 57600
10.2287 57600
10.232 57600
10.2353 57600
10.2386 57600
10.2419 57600
10.2452 57600
10.2485 57600
10.2519 57600
10.2552 57600
10.2585 57600
10.2618 57600
10.2651 57600
10.2684 57600
10.2717 57600
10.275 57600
10.2784 57600
10.2817 57600
10.285 57600
10.2883 57600
10.2916 57600
10.2949 57600
10.2982 57600
10.3015 57600
10.3048 57600
10.3082 57600
10.3115 57600
10.3148 57600
10.3181 57600
10.3214 57600
10.3247 57600
10.328 57600
10.3313 57600
10.3347 57600
10.338 57600
10.3413 57600
10.3446 57600
10.3479 57600
10.3512 57600
10.3545 57600
10.3578 57600
10.3612 57600
10.3645 57600
10.3678 57600
10.3711 57600
10.3744 57600
10.3777 57600
10.381 57600
10.3843 57600
10.3876 57600
10.391 57600
10.3943 57600
10.3976 57600
10.4009 57600
10.4042 57600
10.4075 57600
10.4108 57600
10.4141 57600
10.4175 57600
10.4208 57600
10.4241 57600
10.4274 57600
10.4307 57600
10.434 57600
10.4373 57600
10.4406 57600
10.444 57600
10.4473 57600
10.4506 57600
10.4539 57600
10.4572 57600
10.4605 57600
10.4638 57600
10.4671 57600
10.4704 57600
10.4738 57600
10.4771 57600
10.4804 57600
10.4837 57600
10.487 57600
10.4903 57600
10.4936 57600
10.4969 57600
10.5003 57600
10.5036 57600
10.5069 57600
10.5102 57600
10.5135 57600
10.5168 57600
10.5201 57600
10.5234 57600
10.5268 57600
10.5301 57600
10.5334 57600
10.5367 57600
10.54 57600
10.5433 57600
10.5466 57600
10.5499 57600
10.5532 57600
10.5566 57600
10.5599 57600
10.5632 57600
10.5665 57600
10.5698 57600
10.5731 57600
10.5764 57600
10.5797 57600
10.5831 57600
10.5864 57600
10.5897 57600
10.593 57600
10.5963 57600
10.5996 57600
10.6029 57600
10.6062 57600
10.6096 57600
10.6129 57600
10.6162 57600
10.6195 57600
10.6228 57600
10.6261 57600
10.6294 57600
10.6327 57600
10.636 57600
10.6394 57600
10.6427 57600
10.646 57600
10.6493 57600
10.6526 57600
10.6559 57600
10.6592 57600
10.6625 57600
10.6659 57600
10.6692 57600
10.6725 57600
10.6758 57600
10.6791 57600
10.6824 57600
10.6857 57600
10.689 57600
10.6924 57600
10.6957 57600
10.699 57600
10.7023 57600
10.7056 57600
10.7089 57600
10.7122 57600
10.7155 57600
10.7188 57600
10.7222 57600
10.7255 57600
10.7288 57600
10.7321 57600
10.7354 57600
10.7387 57600
10.742 57600
10.7453 57600
10.7487 57600
10.752 57600
10.7553 57600
10.7586 57600
10.7619 57600
10.7652 57600
10.7685 57600
10.7718 57600
10.7752 57600
10.7785 57600
10.7818 57600
10.7851 57600
10.7884 57600
10.7917 57600
10.795 57600
10.7983 57600
10.8016 57600
10.805 57600
10.8083 57600
10.8116 57600
10.8149 57600
10.8182 57600
10.8215 57600
10.8248 57600
10.8281 57600
10.8315 57600
10.8348 57600
10.8381 57600
10.8414 57600
10.8447 57600
10.848 57600
10.8513 57600
10.8546 57600
10.858 57600
10.8613 57600
10.8646 57600
10.8679 57600
10.8712 57600
10.8745 57600
10.8778 57600
10.8811 57600
10.8844 57600
10.8878 57600
10.8911 57600
10.8944 57600
10.8977 57600
10.901 57600
10.9043 57600
10.9076 57600
10.9109 57600
10.9143 57600
10.9176 57600
10.9209 57600
10.9242 57600
10.9275 57600
10.9308 57600
10.9341 57600
10.9374 57600
10.9408 57600
10.9441 57600
10.9474 57600
10.9507 57600
10.954 57600
10.9573 57600
10.9606 57600
10.9639 57600
10.9672 57600
10.9706 57600
10.9739 57600
10.9772 57600
10.9805 57600
10.9838 57600
10.9871 57600
10.9904 57600
10.9937 57600
10.9971 57600
11.0004 57600
11.0037 57600
11.007 57600
11.0103 57600
11.0136 57600
11.0169 57600
11.0202 57600
11.0236 57600
11.0269 57600
11.0302 57600
11.0335 57600
11.0368 57600
11.0401 57600
11.0434 57600
11.0467 57600
11.05 57600
11.0534 57600
11.0567 57600
11.06 57600
11.0633 57600
11.0666 57600
11.0699 57600
11.0732 57600
11.0765 57600
11.0799 57600
11.0832 57600
11.0865 57600
11.0898 57600
11.0931 57600
11.0964 57600
11.0997 57600
11.103 57600
11.1063 57600
11.1097 57600
11.113 57600
11.1163 57600
11.1196 57600
11.1229 57600
11.1262 57600
11.1295 57600
11.1328 57600
11.1362 57600
11.1395 57600
11.1428 57600
11.1461 57600
11.1494 57600
11.1527 57600
11.156 57600
11.1593 57600
11.1627 57600
11.166 57600
11.1693 57600
11.1726 57600
11.1759 57600
11.1792 57600
11.1825 57600
11.1858 57600
11.1891 57600
11.1925 57600
11.1958 57600
11.1991 57600
11.2024 57600
11.2057 57600
11.209 57600
11.2123 57600
11.2156 57600
11.219 57600
11.2223 57600
11.2256 57600
11.2289 57600
11.2322 57600
11.2355 57600
11.2388 57600
11.2421 57600
11.2455 57600
11.2488 57600
11.2521 57600
11.2554 57600
11.2587 57600
11.262 57600
11.2653 57600
11.2686 57600
11.2719 57600
11.2753 57600
11.2786 57600
11.2819 57600
11.2852 57600
11.2885 57600
11.2918 57600
11.2951 57600
11.2984 57600
11.3018 57600
11.3051 57600
11.3084 57600
11.3117 57600
11.315 57600
11.3183 57600
11.3216 57600
11.3249 57600
11.3283 57600
11.3316 57600
11.3349 57600
11.3382 57600
11.3415 57600
11.3448 57600
11.3481 57600
11.3514 57600
11.3547 57600
11.3581 57600
11.3614 57600
11.3647 57600
11.368 57600
11.3713 57600
11.3746 57600
11.3779 57600
11.3812 57600
11.3846 57600
11.3879 57600
11.3912 57600
11.3945 57600
11.3978 57600
11.4011 57600
11.4044 57600
11.4077 57600
11.4111 57600
11.4144 57600
11.4177 57600
11.421 57600
11.4243 57600
11.4276 57600
11.4309 57600
11.4342 57600
11.4375 57600
11.4409 57600
11.4442 57600
11.4475 57600
11.4508 57600
11.4541 57600
11.4574 57600
11.4607 57600
11.464 57600
11.4674 57600
11.4707 57600
11.474 57600
11.4773 57600
11.4806 57600
11.4839 57600
11.4872 57600
11.4905 57600
11.4939 57600
11.4972 57600
11.5005 57600
11.5038 57600
11.5071 57600
11.5104 57600
11.5137 57600
11.517 57600
11.5203 57600
11.5237 57600
11.527 57600
11.5303 57600
11.5336 57600
11.5369 57600
11.5402 57600
11.5435 57600
11.5468 57600
11.5502 57600
11.5535 57600
11.5568 57600
11.5601 57600
11.5634 57600
11.5667 57600
11.57 57600
11.5733 57600
11.5767 57600
11.58 57600
11.5833 57600
11.5866 57600
11.5899 57600
11.5932 57600
11.5965 57600
11.5998 57600
11.6031 57600
11.6065 57600
11.6098 57600
11.6131 57600
11.6164 57600
11.6197 57600
11.623 57600
11.6263 57600
11.6296 57600
11.633 57600
11.6363 57600
11.6396 57600
11.6429 57600
11.6462 57600
11.6495 57600
11.6528 57600
11.6561 57600
11.6595 57600
11.6628 57600
11.6661 57600
11.6694 57600
11.6727 57600
11.676 57600
11.6793 57600
11.6826 57600
11.6859 57600
11.6893 57600
11.6926 57600
11.6959 57600
11.6992 57600
11.7025 57600
11.7058 57600
11.7091 57600
11.7124 57600
11.7158 57600
11.7191 57600
11.7224 57600
11.7257 57600
11.729 57600
11.7323 57600
11.7356 57600
11.7389 57600
11.7423 57600
11.7456 57600
11.7489 57600
11.7522 57600
11.7555 57600
11.7588 57600
11.7621 57600
11.7654 57600
11.7687 57600
11.7721 57600
11.7754 57600
11.7787 57600
11.782 57600
11.7853 57600
11.7886 57600
11.7919 57600
11.7952 57600
11.7986 57600
11.8019 57600
11.8052 57600
11.8085 57600
11.8118 57600
11.8151 57600
11.8184 57600
11.8217 57600
11.8251 57600
11.8284 57600
11.8317 57600
11.835 57600
11.8383 57600
11.8416 57600
11.8449 57600
11.8482 57600
11.8515 57600
11.8549 57600
11.8582 57600
11.8615 57600
11.8648 57600
11.8681 57600
11.8714 57600
11.8747 57600
11.878 57600
11.8814 57600
11.8847 57600
11.888 57600
11.8913 57600
11.8946 57600
11.8979 57600
11.9012 57600
11.9045 57600
11.9079 57600
11.9112 57600
11.9145 57600
11.9178 57600
11.9211 57600
11.9244 57600
11.9277 57600
11.931 57600
11.9343 57600
11.9377 57600
11.941 57600
11.9443 57600
11.9476 57600
11.9509 57600
11.9542 57600
11.9575 57600
11.9608 57600
11.9642 57600
11.9675 57600
11.9708 57600
11.9741 57600
11.9774 57600
11.9807 57600
11.984 57600
11.9873 57600
11.9907 57600
11.994 57600
11.9973 57600
12.0006 57600
12.0039 57600
12.0072 57600
12.0105 57600
12.0138 57600
12.0171 57600
12.0205 57600
12.0238 57600
12.0271 57600
12.0304 57600
12.0337 57600
12.037 57600
12.0403 57600
12.0436 57600
12.047 57600
12.0503 57600
12.0536 57600
12.0569 57600
12.0602 57600
12.0635 57600
12.0668 57600
12.0701 57600
12.0735 57600
12.0768 57600
12.0801 57600
12.0834 57600
12.0867 57600
12.09 57600
12.0933 57600
12.0966 57600
12.0999 57600
12.1033 57600
12.1066 57600
12.1099 57600
12.1132 57600
12.1165 57600
12.1198 57600
12.1231 57600
12.1264 57600
12.1298 57600
12.1331 57600
12.1364 57600
12.1397 57600
12.143 57600
12.1463 57600
12.1496 57600
12.1529 57600
12.1563 57600
12.1596 57600
12.1629 57600
12.1662 57600
12.1695 57600
12.1728 57600
12.1761 57600
12.1794 57600
12.1827 57600
12.1861 57600
12.1894 57600
12.1927 57600
12.196 57600
12.1993 57600
12.2026 57600
12.2059 57600
12.2092 57600
12.2126 57600
12.2159 57600
12.2192 57600
12.2225 57600
12.2258 57600
12.2291 57600
12.2324 57600
12.2357 57600
12.2391 57600
12.2424 57600
12.2457 57600
12.249 57600
12.2523 57600
12.2556 57600
12.2589 57600
12.2622 57600
12.2655 57600
12.2689 57600
12.2722 57600
12.2755 57600
12.2788 57600
12.2821 57600
12.2854 57600
12.2887 57600
12.292 57600
12.2954 57600
12.2987 57600
12.302 57600
12.3053 57600
12.3086 57600
12.3119 57600
12.3152 57600
12.3185 57600
12.3219 57600
12.3252 57600
12.3285 57600
12.3318 57600
12.3351 57600
12.3384 57600
12.3417 57600
12.345 57600
12.3483 57600
12.3517 57600
12.355 57600
12.3583 57600
12.3616 57600
12.3649 57600
12.3682 57600
12.3715 57600
12.3748 57600
12.3782 57600
12.3815 57600
12.3848 57600
12.3881 57600
12.3914 57600
12.3947 57600
12.398 57600
12.4013 57600
12.4047 57600
12.408 57600
12.4113 57600
12.4146 57600
12.4179 57600
12.4212 57600
12.4245 57600
12.4278 57600
12.4311 57600
12.4345 57600
12.4378 57600
12.4411 57600
12.4444 57600
12.4477 57600
12.451 57600
12.4543 57600
12.4576 57600
12.461 57600
12.4643 57600
12.4676 57600
12.4709 57600
12.4742 57600
12.4775 57600
12.4808 57600
12.4841 57600
12.4875 57600
12.4908 57600
12.4941 57600
12.4974 57600
12.5007 57600
12.504 57600
12.5073 57600
12.5106 57600
12.5139 57600
12.5173 57600
12.5206 57600
12.5239 57600
12.5272 57600
12.5305 57600
12.5338 57600
12.5371 57600
12.5404 57600
12.5438 57600
12.5471 57600
12.5504 57600
12.5537 57600
12.557 57600
12.5603 57600
12.5636 57600
12.5669 57600
12.5703 57600
12.5736 57600
12.5769 57600
12.5802 57600
12.5835 57600
12.5868 57600
12.5901 57600
12.5934 57600
12.5967 57600
12.6001 57600
