0.0905768 1
0.182886 361
0.276809 1081
0.370731 1801
0.462998 2521
0.46631 3241
0.55692 3961
0.560232 4681
0.563544 5401
0.650842 6121
0.654154 6841
0.657466 7561
0.660778 8281
0.743109 9001
0.746421 9721
0.749733 10441
0.753045 11161
0.756357 11881
0.759669 12601
0.835375 13321
0.838687 14041
0.841999 14761
0.845311 15481
0.848623 16201
0.851935 16921
0.855247 17641
0.858559 18361
0.861871 19081
0.927642 19801
0.930954 20521
0.934266 21241
0.937578 21961
0.94089 22681
0.944202 23401
0.947514 24121
0.950826 24841
0.954138 25561
0.95745 26281
0.960762 27001
0.964074 27721
0.967386 28441
0.970698 29161
1.02156 29881
1.02488 30601
1.02819 31321
1.0315 32041
1.03481 32761
1.03812 33481
1.04144 34201
1.04475 34921
1.04806 35641
1.05137 36361
1.05468 37081
1.058 37801
1.06131 38521
1.06462 39241
1.06793 39961
1.07124 40681
1.07456 41401
1.07787 42121
1.08118 42841
1.08449 43561
1.0878 44281
1.11549 45001
1.1188 45721
1.12211 46441
1.12542 47161
1.12873 47881
1.13205 48601
1.13536 49321
1.13867 50041
1.14198 50761
1.14529 51481
1.14861 52201
1.15192 52921
1.15523 53641
1.15854 54361
1.16185 55081
1.16517 55801
1.16848 56521
1.17179 57241
1.1751 57961
1.17841 58681
1.18173 59401
1.18504 60121
1.18835 60841
1.19166 61561
1.19497 62281
1.19829 63001
1.2016 63721
1.20491 64441
1.20822 65161
1.21153 65881
1.21485 66601
1.21816 67321
1.22147 68041
1.22478 68761
1.22809 69481
1.23141 70201
1.23472 70921
1.23803 71641
1.24134 72361
1.24465 73081
1.24797 73801
1.25128 74521
1.25459 75241
1.2579 75961
1.26121 76681
1.26453 77401
1.26784 78121
1.27115 78841
1.27446 79561
1.27777 80281
1.28109 81001
1.2844 81721
1.28771 82441
1.29102 83161
1.29433 83881
1.29765 84601
1.30096 85321
1.30427 86041
1.30758 86761
1.31089 87481
1.31421 88201
1.31752 88921
1.32083 89641
1.32414 90361
1.32745 91081
1.33077 91801
1.33408 92521
1.33739 93241
1.3407 93961
1.34401 94681
1.34733 95401
1.35064 96121
1.35395 96841
1.35726 97561
1.36057 98281
1.36389 99001
1.3672 99721
1.37051 100441
1.37382 101161
1.37713 101881
1.38045 102601
1.38376 103321
1.38707 104041
1.39038 104761
1.39369 105481
1.39701 106201
1.40032 106921
1.40363 107641
1.40694 108361
1.41025 109081
1.41357 109801
1.41688 110521
1.42019 111241
1.4235 111961
1.42681 112681
1.43013 113401
1.43344 114121
1.43675 114841
1.44006 115561
1.44337 116281
1.44669 117001
1.45 117721
1.45331 118441
1.45662 119161
1.45993 119881
1.46325 120601
1.46656 121321
1.46987 122041
1.47318 122761
1.47649 123481
1.47981 124201
1.48312 124921
1.48643 125641
1.48974 126361
1.49305 127081
1.49637 127801
1.49968 128521
1.50299 129241
1.5063 129961
1.50961 130681
1.51293 131401
1.51624 132121
1.51955 132841
1.52286 133561
1.52617 134281
1.52949 135001
1.5328 135721
1.53611 136441
1.53942 137161
1.54273 137881
1.54605 138601
1.54936 139321
1.55267 140041
1.55598 140761
1.55929 141481
1.56261 142201
1.56592 142921
1.56923 143641
1.57254 144361
1.57585 145081
1.57917 145801
1.58248 146521
1.58579 147241
1.5891 147961
1.59241 148681
1.59573 149401
1.59904 150121
1.60235 150841
1.60566 151561
1.60897 152281
1.61229 153001
1.6156 153721
1.61891 154441
1.62222 155161
1.62553 155881
1.62885 156601
1.63216 157321
1.63547 158041
1.63878 158761
1.64209 159481
1.64541 160201
1.64872 160921
1.65203 161641
1.65534 162361
1.65865 163081
1.66197 163801
1.66528 164521
1.66859 165241
1.6719 165961
1.67521 166681
1.67853 167401
1.68184 168121
1.68515 168841
1.68846 169561
1.69177 170281
1.69509 171001
1.6984 171721
1.70171 172441
1.70502 173161
1.70833 173881
1.71165 174601
1.71496 175321
1.71827 176041
1.72158 176761
1.72489 177481
1.72821 178201
1.73152 178921
1.73483 179641
1.73814 180361
1.74145 181081
1.74477 181801
1.74808 182521
1.75139 183241
1.7547 183961
1.75801 184681
1.76133 185401
1.76464 186121
1.76795 186841
1.77126 187561
1.77457 188281
1.77789 189001
1.7812 189721
1.78451 190441
1.78782 191161
1.79113 191881
1.79445 192601
1.7978 192961
2.2334 215281
2.23506 226441
2.23671 239041
2.27149 250201
2.32282 259921
2.5911 327241
2.67555 333001
2.70205 338761
2.72854 344521
2.87092 349921
2.87254 355321
2.87416 403201
2.87747 403921
2.88078 404641
2.88409 405361
2.88741 406081
2.89072 406801
2.89569 407521
2.899 408241
2.90231 408961
2.90562 409681
2.90893 410401
2.91225 411121
2.91556 411841
2.91887 412561
2.92218 413281
2.92549 414001
2.92881 414721
2.93212 415441
2.93543 416161
2.93874 416881
2.94205 417601
2.94537 418321
2.94868 419041
2.95199 419761
2.9553 420481
2.95861 421201
2.96193 421921
2.96524 422641
2.96855 423361
2.97186 424081
2.97517 424801
2.97849 425521
2.9818 426241
2.98511 426961
2.98842 427681
2.99173 428401
2.99505 429121
2.99836 429841
3.00167 430561
3.00498 431281
3.00829 432001
3.01161 432721
3.01492 433441
3.01823 434161
3.02154 434881
3.02485 435601
3.02817 436321
3.03148 437041
3.03645 437401
3.03976 438121
3.04307 438841
3.04638 439561
3.04969 440281
3.05301 441001
3.05632 441721
3.05963 442441
3.06294 443161
3.06625 443881
3.06957 444601
3.07288 445321
3.07619 446041
3.0795 446761
3.08281 447481
3.08613 448201
3.08944 448921
3.09275 449641
3.09606 450361
3.09937 451081
3.10269 451801
3.106 452521
3.10931 453241
3.11262 453961
3.11593 454681
3.11925 455401
3.12256 456121
3.12587 456841
3.12918 457561
3.13249 458281
3.13581 459001
3.13912 459721
3.14243 460441
3.14574 461161
3.14905 461881
3.15237 462601
3.15568 463321
3.15899 464041
3.1623 464761
3.16561 465481
3.16893 466201
3.17224 466921
3.17555 467641
3.17886 468361
3.18217 469081
3.18549 469801
3.1888 470521
3.19211 471241
3.19542 471961
3.19873 472681
3.20205 473401
3.20536 474121
3.20867 474841
3.21198 475561
3.21529 476281
3.21861 477001
3.22192 477721
3.22523 478441
3.22854 479161
3.23185 479881
3.23517 480601
3.23848 481321
3.24179 482041
3.2451 482761
3.24841 483481
3.25173 484201
3.25504 484921
3.25835 485641
3.26166 486361
3.26497 487081
3.26829 487801
3.2716 488521
3.27491 489241
3.27822 489961
3.28153 490681
3.28485 491401
3.28816 492121
3.29147 492841
3.29478 493561
3.29809 494281
3.30141 495001
3.30472 495721
3.30803 496441
3.31134 497161
3.31465 497881
3.31797 498601
3.32128 499321
3.32459 500041
3.3279 500761
3.33121 501481
3.33453 502201
3.33784 502921
3.34115 503641
3.34446 504361
3.34777 505081
3.35109 505801
3.3544 506521
3.35771 507241
3.36102 507961
3.36433 508681
3.36764 509401
3.37096 510121
3.37427 510841
3.37758 511561
3.38089 512281
3.3842 513001
3.38752 513721
3.39083 514441
3.39414 515161
3.39745 515881
3.40076 516601
3.40408 517321
3.40739 518041
3.4107 518761
3.41401 519481
3.41732 520201
3.42064 520921
3.42395 521641
3.42726 522361
3.43057 523081
3.43388 523801
3.4372 524521
3.44051 525241
3.44382 525961
3.44713 526681
3.45044 527401
3.45376 528121
3.45707 528841
3.46038 529561
3.46369 530281
3.467 531001
3.47032 531721
3.47363 532441
3.47694 533161
3.48025 533881
3.48356 534601
3.48688 535321
3.49019 536041
3.4935 536761
3.49681 537481
3.50012 538201
3.50344 538921
3.50675 539641
3.51006 540361
3.51337 541081
3.51668 541801
3.52 542521
3.52331 543241
3.52662 543961
3.52993 544681
3.53324 545401
3.53656 546121
3.53987 546841
3.54318 547561
3.54649 548281
3.5498 549001
3.55312 549721
3.55643 550441
3.55974 551161
3.56305 551881
3.56636 552601
3.56968 553321
3.57299 554041
3.5763 554761
3.57961 555481
3.58292 556201
3.58624 556921
3.58955 557641
3.59286 558361
3.59617 559081
3.59948 559801
3.6028 560521
3.60611 561241
3.60942 561961
3.61273 562681
3.61604 563401
3.61936 564121
3.62267 564841
3.62598 565561
3.62929 566281
3.6326 567001
3.63592 567721
3.63923 568441
3.64254 569161
3.64585 569881
3.64916 570601
3.65248 571321
3.65579 572041
3.6591 572761
3.66241 573481
3.66572 574201
3.66904 574921
3.67235 575641
3.67566 576361
3.67897 577081
3.68228 577801
3.6856 578521
3.68891 579241
3.69222 579961
3.69553 580681
3.69884 581401
3.70216 582121
3.70547 582841
3.70878 583561
3.71209 584281
3.7154 585001
3.71872 585721
3.72203 586441
3.72534 587161
3.72865 587881
3.73196 588601
3.73528 589321
3.73859 590041
3.7419 590761
3.74521 591481
3.74852 592201
3.75184 592921
3.75515 593641
3.75846 594361
3.76177 595081
3.76508 595801
3.7684 596521
3.77171 597241
3.77502 597961
3.77833 598681
3.78164 599401
3.78496 600121
3.78827 600841
3.79158 601561
3.79489 602281
3.7982 603001
3.80152 603721
3.80483 604441
3.80814 605161
3.81145 605881
3.81476 606601
3.81808 607321
3.82139 608041
3.8247 608761
3.82801 609481
3.83132 610201
3.83464 610921
3.83795 611641
3.84126 612361
3.84457 613081
3.84788 613801
3.8512 614521
3.85451 615241
3.85782 615961
3.86113 616681
3.86444 617401
3.86776 618121
3.87107 618841
3.87438 619561
3.87769 620281
3.881 621001
3.88432 621721
3.88763 622441
3.89094 623161
3.89425 623881
3.89756 624601
3.90088 625321
3.90419 626041
3.9075 626761
3.91081 627481
3.91412 628201
3.91744 628921
3.92075 629641
3.92406 630361
3.92737 631081
3.93068 631801
3.934 632521
3.93731 633241
3.94062 633961
3.94393 634681
3.94724 635401
3.95056 636121
3.95387 636841
3.95718 637561
3.96049 638281
3.9638 639001
3.96712 639721
3.97043 640441
3.97374 641161
3.97705 641881
3.98036 642601
3.98368 643321
3.98699 644041
3.9903 644761
3.99361 645481
3.99692 646201
4.00024 646921
4.00355 647641
4.00686 648361
4.01017 649081
4.01348 649801
4.0168 650521
4.02011 651241
4.02342 651961
4.02673 652681
4.03004 653401
4.03336 654121
4.03667 654841
4.03998 655561
4.04329 656281
4.0466 657001
4.04992 657721
4.05323 658441
4.05654 659161
4.05985 659881
4.06316 660601
4.06648 661321
4.06979 662041
4.0731 662761
4.07641 663481
4.07972 664201
4.08304 664921
4.08635 665641
4.08966 666361
4.09297 667081
4.09628 667801
4.0996 668521
4.10291 669241
4.10622 669961
4.10953 670681
4.11284 671401
4.11616 672121
4.11947 672841
4.12278 673561
4.12609 674281
4.1294 675001
4.13272 675721
4.13603 676441
4.13934 677161
4.14265 677881
4.14596 678601
4.14928 679321
4.15259 680041
4.1559 680761
4.15921 681481
4.16252 682201
4.16584 682921
4.16915 683641
4.17246 684361
4.17577 685081
4.17908 685801
4.1824 686521
4.18571 687241
4.18902 687961
4.19233 688681
4.19564 689401
4.19896 690121
4.20227 690841
4.20558 691561
4.20889 692281
4.2122 693001
4.21552 693721
4.21883 694441
4.22214 695161
4.22545 695881
4.22876 696601
4.23208 697321
4.23539 698041
4.2387 698761
4.24201 699481
4.24532 700201
4.24864 700921
4.25195 701641
4.25526 702361
4.25857 703081
4.26188 703801
4.2652 704521
4.26851 705241
4.27182 705961
4.27513 706681
4.27844 707401
4.28176 708121
4.28507 708841
4.28838 709561
4.29169 710281
4.295 711001
4.29832 711721
4.30163 712441
4.30494 713161
4.30825 713881
4.31156 714601
4.31488 715321
4.31819 716041
4.3215 716761
4.32481 717481
4.32812 718201
4.33144 718921
4.33475 719641
4.33806 720361
4.34137 721081
4.34468 721801
4.348 722521
4.35131 723241
4.35462 723961
4.35793 724681
4.36124 725401
4.36456 726121
4.36787 726841
4.37118 727561
4.37449 728281
4.3778 729001
4.38112 729721
4.38443 730441
4.38774 731161
4.39105 731881
4.39436 732601
4.39768 733321
4.40099 734041
4.4043 734761
4.40761 735481
4.41092 736201
4.41424 736921
4.41755 737641
4.42086 738361
4.42417 739081
4.42748 739801
4.4308 740521
4.43411 741241
4.43742 741961
4.44073 742681
4.44404 743401
4.44736 744121
4.45067 744841
4.45398 745561
4.45729 746281
4.4606 747001
4.46392 747721
4.46723 748441
4.47054 749161
4.47385 749881
4.47716 750601
4.48048 751321
4.48379 752041
4.4871 752761
4.49041 753481
4.49372 754201
4.49704 754921
4.50035 755641
4.50366 756361
4.50697 757081
4.51028 757801
4.5136 758521
4.51691 759241
4.52022 759961
4.52353 760681
4.52684 761401
4.53016 762121
4.53347 762841
4.53678 763561
4.54009 764281
4.5434 765001
4.54672 765721
4.55003 766441
4.55334 767161
4.55665 767881
4.55996 768601
4.56328 769321
4.56659 770041
4.5699 770761
4.57321 771481
4.57652 772201
4.57984 772921
4.58315 773641
4.58646 774361
4.58977 775081
4.59308 775801
4.5964 776521
4.59971 777241
4.60302 777961
4.60633 778681
4.60964 779401
4.61296 780121
4.61627 780841
4.61958 781561
4.62289 782281
4.6262 783001
4.62952 783721
4.63283 784441
4.63614 785161
4.63945 785881
4.64276 786601
4.64608 787321
4.64939 788041
4.6527 788761
4.65601 789481
4.65932 790201
4.66264 790921
4.66595 791641
4.66926 792361
4.67257 793081
4.67588 793801
4.6792 794521
4.68251 795241
4.68582 795961
4.68913 796681
4.69244 797401
4.69576 798121
4.69907 798841
4.70238 799561
4.70569 800281
4.709 801001
4.71232 801721
4.71563 802441
4.71894 803161
4.72225 803881
4.72556 804601
4.72888 805321
4.73219 806041
4.7355 806761
4.73881 807481
4.74212 808201
4.74544 808921
4.74875 809641
4.75206 810361
4.75537 811081
4.75868 811801
4.762 812521
4.76531 813241
4.76862 813961
4.77193 814681
4.77524 815401
4.77856 816121
4.78187 816841
4.78518 817561
4.78849 818281
4.7918 819001
4.79512 819721
4.79843 820441
4.80174 821161
4.80505 821881
4.80836 822601
4.81168 823321
4.81499 824041
4.8183 824761
4.82161 825481
4.82492 826201
4.82824 826921
4.83155 827641
4.83486 828361
4.83817 829081
4.84148 829801
4.8448 830521
4.84811 831241
4.85142 831961
4.85473 832681
4.85804 833401
4.86136 834121
4.86467 834841
4.86798 835561
4.87129 836281
4.8746 837001
4.87792 837721
4.88123 838441
4.88454 839161
4.88785 839881
4.89116 840601
4.89448 841321
4.89779 842041
4.9011 842761
4.90441 843481
4.90772 844201
4.91104 844921
4.91435 845641
4.91766 846361
4.92097 847081
4.92428 847801
4.9276 848521
4.93091 849241
4.93422 849961
4.93753 850681
4.94084 851401
4.94416 852121
4.94747 852841
4.95078 853561
4.95409 854281
4.9574 855001
4.96072 855721
4.96403 856441
4.96734 857161
4.97065 857881
4.97396 858601
4.97728 859321
4.98059 860041
4.9839 860761
4.98721 861481
4.99052 862201
4.99384 862921
4.99715 863641
5.00046 864361
5.00377 865081
5.00708 865801
5.0104 866521
5.01371 867241
5.01702 867961
5.02033 868681
5.02364 869401
5.02696 870121
5.03027 870841
5.03358 871561
5.03689 872281
5.0402 873001
5.04352 873721
5.04683 874441
5.05014 875161
5.05345 875881
5.05676 876601
5.06008 877321
5.06339 878041
5.0667 878761
5.07001 879481
5.07332 880201
5.07664 880921
5.07995 881641
5.08326 882361
5.08657 883081
5.08988 883801
5.0932 884521
5.09651 885241
5.09982 885961
5.10313 886681
5.10644 887401
5.10976 888121
5.11307 888841
5.11638 889561
5.11969 890281
5.123 891001
5.12632 891721
5.12963 892441
5.13294 893161
5.13625 893881
5.13956 894601
5.14288 895321
5.14619 896041
5.1495 896761
5.15281 897481
5.15612 898201
5.15944 898921
5.16275 899641
5.16606 900361
5.16937 901081
5.17268 901801
5.176 902521
5.17931 903241
5.18262 903961
5.18593 904681
5.18924 905401
5.19256 906121
5.19587 906841
5.19918 907561
5.20249 908281
5.2058 909001
5.20912 909721
5.21243 910441
5.21574 911161
5.21905 911881
5.22236 912601
5.22568 913321
5.22899 914041
5.2323 914761
5.23561 915481
5.23892 916201
5.24224 916921
5.24555 917641
5.24886 918361
5.25217 919081
5.25548 919801
5.2588 920521
5.26211 921241
5.26542 921961
5.26873 922681
5.27204 923401
5.27536 924121
5.27867 924841
5.28198 925561
5.28529 926281
5.2886 927001
5.29192 927721
5.29523 928441
5.29854 929161
5.30185 929881
5.30516 930601
5.30848 931321
5.31179 932041
5.3151 932761
5.31841 933481
5.32172 934201
5.32504 934921
5.32835 935641
5.33166 936361
5.33497 937081
5.33828 937801
5.3416 938521
5.34491 939241
5.34822 939961
5.35153 940681
5.35484 941401
5.35816 942121
5.36147 942841
5.36478 943561
5.36809 944281
5.3714 945001
5.37472 945721
5.37803 946441
5.38134 947161
5.38465 947881
5.38796 948601
5.39128 949321
5.39459 950041
5.3979 950761
5.40121 951481
5.40452 952201
5.40784 952921
5.41115 953641
5.41446 954361
5.41777 955081
5.42108 955801
5.4244 956521
5.42771 957241
5.43102 957961
5.43433 958681
5.43764 959401
5.44096 960121
5.44427 960841
5.44758 961561
5.45089 962281
5.4542 963001
5.45752 963721
5.46083 964441
5.46414 965161
5.46745 965881
5.47076 966601
5.47408 967321
5.47739 968041
5.4807 968761
5.48401 969481
5.48732 970201
5.49064 970921
5.49395 971641
5.49726 972361
5.50057 973081
5.50388 973801
5.5072 974521
5.51051 975241
5.51382 975961
5.51713 976681
5.52044 977401
5.52376 978121
5.52707 978841
5.53038 979561
5.53369 980281
5.537 981001
5.54032 981721
5.54363 982441
5.54694 983161
5.55025 983881
5.55356 984601
5.55688 985321
5.56019 986041
5.5635 986761
5.56681 987481
5.57012 988201
5.57344 988921
5.57675 989641
5.58006 990361
5.58337 991081
5.58668 991801
5.59 992521
5.59331 993241
5.59662 993961
5.59993 994681
5.60324 995401
5.60656 996121
5.60987 996841
5.61318 997561
5.61649 998281
5.6198 999001
5.62312 999721
5.62643 1000441
5.62974 1001161
5.63305 1001881
5.63636 1002601
5.63968 1003321
5.64299 1004041
5.6463 1004761
5.64961 1005481
5.65292 1006201
5.65624 1006921
5.65955 1007641
5.66286 1008361
5.66617 1009081
5.66948 1009801
5.6728 1010521
5.67611 1011241
5.67942 1011961
5.68273 1012681
5.68604 1013401
5.68936 1014121
5.69267 1014841
5.69598 1015561
5.69929 1016281
5.7026 1017001
5.70592 1017721
5.70923 1018441
5.71254 1019161
5.71585 1019881
5.71916 1020601
5.72248 1021321
5.72579 1022041
5.7291 1022761
5.73241 1023481
5.73572 1024201
5.73904 1024921
5.74235 1025641
5.74566 1026361
5.74897 1027081
5.75228 1027801
5.7556 1028521
5.75891 1029241
5.76222 1029961
5.76553 1030681
5.76884 1031401
5.77216 1032121
5.77547 1032841
5.77878 1033561
5.78209 1034281
5.7854 1035001
5.78872 1035721
5.79203 1036441
5.79534 1037161
5.79865 1037881
5.80196 1038601
5.80528 1039321
5.80859 1040041
5.8119 1040761
5.81521 1041481
5.81852 1042201
5.82184 1042921
5.82515 1043641
5.82846 1044361
5.83177 1045081
5.83508 1045801
5.8384 1046521
5.84171 1047241
5.84502 1047961
5.84833 1048681
5.85164 1049401
5.85496 1050121
5.85827 1050841
5.86158 1051561
5.86489 1052281
5.8682 1053001
5.87152 1053721
5.87483 1054441
5.87814 1055161
5.88145 1055881
5.88476 1056601
5.88808 1057321
5.89139 1058041
5.8947 1058761
5.89801 1059481
5.90132 1060201
5.90464 1060921
5.90795 1061641
5.91126 1062361
5.91457 1063081
5.91788 1063801
5.9212 1064521
5.92451 1065241
5.92782 1065961
5.93113 1066681
5.93444 1067401
5.93776 1068121
5.94107 1068841
5.94438 1069561
5.94769 1070281
5.951 1071001
5.95432 1071721
5.95763 1072441
5.96094 1073161
5.96425 1073881
5.96756 1074601
5.97088 1075321
5.97419 1076041
5.9775 1076761
5.98081 1077481
5.98412 1078201
5.98744 1078921
5.99075 1079641
5.99406 1080361
5.99737 1081081
6.00068 1081801
6.004 1082521
6.00731 1083241
6.01062 1083961
6.01393 1084681
6.01724 1085401
6.02056 1086121
6.02387 1086841
6.02718 1087561
6.03049 1088281
6.0338 1089001
6.03712 1089721
6.04043 1090441
6.04374 1091161
6.04705 1091881
6.05036 1092601
6.05368 1093321
6.05699 1094041
6.0603 1094761
6.06361 1095481
6.06692 1096201
6.07024 1096921
6.07355 1097641
6.07686 1098361
6.08017 1099081
6.08348 1099801
6.0868 1100521
6.09011 1101241
6.09342 1101961
6.09673 1102681
6.10004 1103401
6.10336 1104121
6.10667 1104841
6.10998 1105561
6.11329 1106281
6.1166 1107001
6.11992 1107721
6.12323 1108441
6.12654 1109161
6.12985 1109881
6.13316 1110601
6.13648 1111321
6.13979 1112041
6.1431 1112761
6.14641 1113481
6.14972 1114201
6.15304 1114921
6.15635 1115641
6.15966 1116361
6.16297 1117081
6.16628 1117801
6.1696 1118521
6.17291 1119241
6.17622 1119961
6.17953 1120681
6.18284 1121401
6.18616 1122121
6.18947 1122841
6.19278 1123561
6.19609 1124281
6.1994 1125001
6.20272 1125721
6.20603 1126441
6.20934 1127161
6.21265 1127881
6.21596 1128601
6.21928 1129321
6.22259 1130041
6.2259 1130761
6.22921 1131481
6.23252 1132201
6.23584 1132921
6.23915 1133641
6.24246 1134361
6.24577 1135081
6.24908 1135801
6.2524 1136521
6.25571 1137241
6.25902 1137961
6.26233 1138681
6.26564 1139401
6.26896 1140121
6.27227 1140841
6.27558 1141561
6.27889 1142281
6.2822 1143001
6.28552 1143721
6.28883 1144441
6.29214 1145161
6.29545 1145881
6.29876 1146601
6.30208 1147321
6.30539 1148041
6.3087 1148761
6.31201 1149481
6.31532 1150201
6.31864 1150921
6.32195 1151641
6.32526 1152361
6.32857 1153081
6.33188 1153801
6.3352 1154521
6.33851 1155241
6.34182 1155961
6.34513 1156681
6.34844 1157401
6.35176 1158121
6.35507 1158841
6.35838 1159561
6.36169 1160281
6.365 1161001
6.36832 1161721
6.37163 1162441
6.37494 1163161
6.37825 1163881
6.38156 1164601
6.38488 1165321
6.38819 1166041
6.3915 1166761
6.39481 1167481
6.39812 1168201
6.40144 1168921
6.40475 1169641
6.40806 1170361
6.41137 1171081
6.41468 1171801
6.418 1172521
6.42131 1173241
6.42462 1173961
6.42793 1174681
6.43124 1175401
6.43456 1176121
6.43787 1176841
6.44118 1177561
6.44449 1178281
6.4478 1179001
6.45112 1179721
6.45443 1180441
6.45774 1181161
6.46105 1181881
6.46436 1182601
6.46768 1183321
6.47099 1184041
6.4743 1184761
6.47761 1185481
6.48092 1186201
6.48424 1186921
6.48755 1187641
6.49086 1188361
6.49417 1189081
6.49748 1189801
6.5008 1190521
6.50411 1191241
6.50742 1191961
6.51073 1192681
6.51404 1193401
6.51736 1194121
6.52067 1194841
6.52398 1195561
6.52729 1196281
6.5306 1197001
6.53392 1197721
6.53723 1198441
6.54054 1199161
6.54385 1199881
6.54716 1200601
6.55048 1201321
6.55379 1202041
6.5571 1202761
6.56041 1203481
6.56372 1204201
6.56704 1204921
6.57035 1205641
6.57366 1206361
6.57697 1207081
6.58028 1207801
6.5836 1208521
6.58691 1209241
6.59022 1209961
6.59353 1210681
6.59684 1211401
6.60016 1212121
6.60347 1212841
6.60678 1213561
6.61009 1214281
6.6134 1215001
6.61672 1215721
6.62003 1216441
6.62334 1217161
6.62665 1217881
6.62996 1218601
6.63328 1219321
6.63659 1220041
6.6399 1220761
6.64321 1221481
6.64652 1222201
6.64984 1222921
6.65315 1223641
6.65646 1224361
6.65977 1225081
6.66308 1225801
6.6664 1226521
6.66971 1227241
6.67302 1227961
6.67633 1228681
6.67964 1229401
6.68295 1230121
6.68627 1230841
6.68958 1231561
6.69289 1232281
6.6962 1233001
6.69951 1233721
6.70283 1234441
6.70614 1235161
6.70945 1235881
6.71276 1236601
6.71607 1237321
6.71939 1238041
6.7227 1238761
6.72601 1239481
6.72932 1240201
6.73263 1240921
6.73595 1241641
6.73926 1242361
6.74257 1243081
6.74588 1243801
6.74919 1244521
6.75251 1245241
6.75582 1245961
6.75913 1246681
6.76244 1247401
6.76575 1248121
6.76907 1248841
6.77238 1249561
6.77569 1250281
6.779 1251001
6.78231 1251721
6.78563 1252441
6.78894 1253161
6.79225 1253881
6.79556 1254601
6.79887 1255321
6.80219 1256041
6.8055 1256761
6.80881 1257481
6.81212 1258201
6.81543 1258921
6.81875 1259641
6.82206 1260361
6.82537 1261081
6.82868 1261801
6.83199 1262521
6.83531 1263241
6.83862 1263961
6.84193 1264681
6.84524 1265401
6.84855 1266121
6.85187 1266841
6.85518 1267561
6.85849 1268281
6.8618 1269001
6.86511 1269721
6.86843 1270441
6.87174 1271161
6.87505 1271881
6.87836 1272601
6.88167 1273321
6.88499 1274041
6.8883 1274761
6.89161 1275481
6.89492 1276201
6.89823 1276921
6.90155 1277641
6.90486 1278361
6.90817 1279081
6.91148 1279801
6.91479 1280521
6.91811 1281241
6.92142 1281961
6.92473 1282681
6.92804 1283401
6.93135 1284121
6.93467 1284841
6.93798 1285561
6.94129 1286281
6.9446 1287001
6.94791 1287721
6.95123 1288441
6.95454 1289161
6.95785 1289881
6.96116 1290601
6.96447 1291321
6.96779 1292041
6.9711 1292761
6.97441 1293481
6.97772 1294201
6.98103 1294921
6.98435 1295641
6.98766 1296361
6.99097 1297081
6.99428 1297801
6.99759 1298521
7.00091 1299241
7.00422 1299961
7.00753 1300681
7.01084 1301401
7.01415 1302121
7.01747 1302841
7.02078 1303561
7.02409 1304281
7.0274 1305001
7.03071 1305721
7.03403 1306441
7.03734 1307161
7.04065 1307881
7.04396 1308601
7.04727 1309321
7.05059 1310041
7.0539 1310761
7.05721 1311481
7.06052 1312201
7.06383 1312921
7.06715 1313641
7.07046 1314361
7.07377 1315081
7.07708 1315801
7.08039 1316521
7.08371 1317241
7.08702 1317961
7.09033 1318681
7.09364 1319401
7.09695 1320121
7.10027 1320841
7.10358 1321561
7.10689 1322281
7.1102 1323001
7.11351 1323721
7.11683 1324441
7.12014 1325161
7.12345 1325881
7.12676 1326601
7.13007 1327321
7.13339 1328041
7.1367 1328761
7.14001 1329481
7.14332 1330201
7.14663 1330921
7.14995 1331641
7.15326 1332361
7.15657 1333081
7.15988 1333801
7.16319 1334521
7.16651 1335241
7.16982 1335961
7.17313 1336681
7.17644 1337401
7.17975 1338121
7.18307 1338841
7.18638 1339561
7.18969 1340281
7.193 1341001
7.19631 1341721
7.19963 1342441
7.20294 1343161
7.20625 1343881
7.20956 1344601
7.21287 1345321
7.21619 1346041
7.2195 1346761
7.22281 1347481
7.22612 1348201
7.22943 1348921
7.23275 1349641
7.23606 1350361
7.23937 1351081
7.24268 1351801
7.24599 1352521
7.24931 1353241
7.25262 1353961
7.25593 1354681
7.25924 1355401
7.26255 1356121
7.26587 1356841
7.26918 1357561
7.27249 1358281
7.2758 1359001
7.27911 1359721
7.28243 1360441
7.28574 1361161
7.28905 1361881
7.29236 1362601
7.29567 1363321
7.29899 1364041
7.3023 1364761
7.30561 1365481
7.30892 1366201
7.31223 1366921
7.31555 1367641
7.31886 1368361
7.32217 1369081
7.32548 1369801
7.32879 1370521
7.33211 1371241
7.33542 1371961
7.33873 1372681
7.34204 1373401
7.34535 1374121
7.34867 1374841
7.35198 1375561
7.35529 1376281
7.3586 1377001
7.36191 1377721
7.36523 1378441
7.36854 1379161
7.37185 1379881
7.37516 1380601
7.37847 1381321
7.38179 1382041
7.3851 1382761
7.38841 1383481
7.39172 1384201
7.39503 1384921
7.39835 1385641
7.40166 1386361
7.40497 1387081
7.40828 1387801
7.41159 1388521
7.41491 1389241
7.41822 1389961
7.42153 1390681
7.42484 1391401
7.42815 1392121
7.43147 1392841
7.43478 1393561
7.43809 1394281
7.4414 1395001
7.44471 1395721
7.44803 1396441
7.45134 1397161
7.45465 1397881
7.45796 1398601
7.46127 1399321
7.46459 1400041
7.4679 1400761
7.47121 1401481
7.47452 1402201
7.47783 1402921
7.48115 1403641
7.48446 1404361
7.48777 1405081
7.49108 1405801
7.49439 1406521
7.49771 1407241
7.50102 1407961
7.50433 1408681
7.50764 1409401
7.51095 1410121
7.51427 1410841
7.51758 1411561
7.52089 1412281
7.5242 1413001
7.52751 1413721
7.53083 1414441
7.53414 1415161
7.53745 1415881
7.54076 1416601
7.54407 1417321
7.54739 1418041
7.5507 1418761
7.55401 1419481
7.55732 1420201
7.56063 1420921
7.56395 1421641
7.56726 1422361
7.57057 1423081
7.57388 1423801
7.57719 1424521
7.58051 1425241
7.58382 1425961
7.58713 1426681
7.59044 1427401
7.59375 1428121
7.59707 1428841
7.60038 1429561
7.60369 1430281
7.607 1431001
7.61031 1431721
7.61363 1432441
7.61694 1433161
7.62025 1433881
7.62356 1434601
7.62687 1435321
7.63019 1436041
7.6335 1436761
7.63681 1437481
7.64012 1438201
7.64343 1438921
7.64675 1439641
7.65006 1440361
7.65337 1441081
7.65668 1441801
7.65999 1442521
7.66331 1443241
7.66662 1443961
7.66993 1444681
7.67324 1445401
7.67655 1446121
7.67987 1446841
7.68318 1447561
7.68649 1448281
7.6898 1449001
7.69311 1449721
7.69643 1450441
7.69974 1451161
7.70305 1451881
7.70636 1452601
7.70967 1453321
7.71299 1454041
7.7163 1454761
7.71961 1455481
7.72292 1456201
7.72623 1456921
7.72955 1457641
7.73286 1458361
7.73617 1459081
7.73948 1459801
7.74279 1460521
7.74611 1461241
7.74942 1461961
7.75273 1462681
7.75604 1463401
7.75935 1464121
7.76267 1464841
7.76598 1465561
7.76929 1466281
7.7726 1467001
7.77591 1467721
7.77923 1468441
7.78254 1469161
7.78585 1469881
7.78916 1470601
7.79247 1471321
7.79579 1472041
7.7991 1472761
7.80241 1473481
7.80572 1474201
7.80903 1474921
7.81235 1475641
7.81566 1476361
7.81897 1477081
7.82228 1477801
7.82559 1478521
7.82891 1479241
7.83222 1479961
7.83553 1480681
7.83884 1481401
7.84215 1482121
7.84547 1482841
7.84878 1483561
7.85209 1484281
7.8554 1485001
7.85871 1485721
7.86203 1486441
7.86534 1487161
7.86865 1487881
7.87196 1488601
7.87527 1489321
7.87859 1490041
7.8819 1490761
7.88521 1491481
7.88852 1492201
7.89183 1492921
7.89515 1493641
7.89846 1494361
7.90177 1495081
7.90508 1495801
7.90839 1496521
7.91171 1497241
7.91502 1497961
7.91833 1498681
7.92164 1499401
7.92495 1500121
7.92827 1500841
7.93158 1501561
7.93489 1502281
7.9382 1503001
7.94151 1503721
7.94483 1504441
7.94814 1505161
7.95145 1505881
7.95476 1506601
7.95807 1507321
7.96139 1508041
7.9647 1508761
7.96801 1509481
7.97132 1510201
7.97463 1510921
7.97795 1511641
7.98126 1512361
7.98457 1513081
7.98788 1513801
7.99119 1514521
7.99451 1515241
7.99782 1515961
8.00113 1516681
8.00444 1517401
8.00775 1518121
8.01107 1518841
8.01438 1519561
8.01769 1520281
8.021 1521001
8.02431 1521721
8.02763 1522441
8.03094 1523161
8.03425 1523881
8.03756 1524601
8.04087 1525321
8.04419 1526041
8.0475 1526761
8.05081 1527481
8.05412 1528201
8.05743 1528921
8.06075 1529641
8.06406 1530361
8.06737 1531081
8.07068 1531801
8.07399 1532521
8.07731 1533241
8.08062 1533961
8.08393 1534681
8.08724 1535401
8.09055 1536121
8.09387 1536841
8.09718 1537561
8.10049 1538281
8.1038 1539001
8.10711 1539721
8.11043 1540441
8.11374 1541161
8.11705 1541881
8.12036 1542601
8.12367 1543321
8.12699 1544041
8.1303 1544761
8.13361 1545481
8.13692 1546201
8.14023 1546921
8.14355 1547641
8.14686 1548361
8.15017 1549081
8.15348 1549801
8.15679 1550521
8.16011 1551241
8.16342 1551961
8.16673 1552681
8.17004 1553401
8.17335 1554121
8.17667 1554841
8.17998 1555561
8.18329 1556281
8.1866 1557001
8.18991 1557721
8.19323 1558441
8.19654 1559161
8.19985 1559881
8.20316 1560601
8.20647 1561321
8.20979 1562041
8.2131 1562761
8.21641 1563481
8.21972 1564201
8.22303 1564921
8.22635 1565641
8.22966 1566361
8.23297 1567081
8.23628 1567801
8.23959 1568521
8.24291 1569241
8.24622 1569961
8.24953 1570681
8.25284 1571401
8.25615 1572121
8.25947 1572841
8.26278 1573561
8.26609 1574281
8.2694 1575001
8.27271 1575721
8.27603 1576441
8.27934 1577161
8.28265 1577881
8.28596 1578601
8.28927 1579321
8.29259 1580041
8.2959 1580761
8.29921 1581481
8.30252 1582201
8.30583 1582921
8.30915 1583641
8.31246 1584361
8.31577 1585081
8.31908 1585801
8.32239 1586521
8.32571 1587241
8.32902 1587961
8.33233 1588681
8.33564 1589401
8.33895 1590121
8.34227 1590841
8.34558 1591561
8.34889 1592281
8.3522 1593001
8.35551 1593721
8.35883 1594441
8.36214 1595161
8.36545 1595881
8.36876 1596601
8.37207 1597321
8.37539 1598041
8.3787 1598761
8.38201 1599481
8.38532 1600201
8.38863 1600921
8.39195 1601641
8.39526 1602361
8.39857 1603081
8.40188 1603801
8.40519 1604521
8.40851 1605241
8.41182 1605961
8.41513 1606681
8.41844 1607401
8.42175 1608121
8.42507 1608841
8.42838 1609561
8.43169 1610281
8.70501 1632601
8.70662 1643761
8.74467 1678321
8.74799 1679041
8.7513 1679761
8.75461 1680481
8.75792 1681201
8.76123 1681921
8.76455 1682641
8.76786 1683361
8.77117 1684081
8.77448 1684801
8.77779 1685521
8.78111 1686241
8.78442 1686961
8.78773 1687681
8.79104 1688401
8.79435 1689121
8.79767 1689841
8.80098 1690561
8.80429 1691281
8.8076 1692001
8.81091 1692721
8.81423 1693441
8.81754 1694161
8.82085 1694881
8.82416 1695601
8.82747 1696321
8.83079 1697041
8.8341 1697761
8.83741 1698481
8.84072 1699201
8.84403 1699921
8.84735 1700641
8.85066 1701361
8.85397 1702081
8.85728 1702801
8.86059 1703521
8.86391 1703881
8.86722 1704241
8.87053 1704961
8.87384 1705681
8.87715 1706401
8.88047 1707121
8.88378 1707841
8.88709 1708561
8.8904 1709281
8.89371 1710001
8.89703 1710721
8.90034 1711441
8.90365 1712161
8.90696 1712881
8.91027 1713601
8.91359 1714321
8.9169 1715041
8.92021 1715761
8.92352 1716481
8.92683 1717201
8.93015 1717921
8.93346 1718641
8.93677 1719361
8.94008 1720081
8.94339 1720801
8.94671 1721521
8.95002 1722241
8.95333 1722961
8.95664 1723681
8.95995 1724401
8.96327 1725121
8.96658 1725841
8.96989 1726561
8.9732 1727281
8.97651 1728001
8.97983 1728721
8.98314 1729441
8.98645 1730161
8.98976 1730881
8.99307 1731601
8.99639 1732321
8.9997 1733041
9.00301 1733761
9.00632 1734481
9.00963 1735201
9.01295 1735921
9.01626 1736641
9.01957 1737361
9.02288 1738081
9.02619 1738801
9.02951 1739521
9.03282 1740241
9.03613 1740961
9.03944 1741681
9.04275 1742401
9.04607 1743121
9.04938 1743841
9.05269 1744561
9.056 1745281
9.05931 1746001
9.06263 1746721
9.06594 1747441
9.06925 1748161
9.07256 1748881
9.07587 1749601
9.07919 1750321
9.0825 1751041
9.08581 1751761
9.08912 1752481
9.09243 1753201
9.09575 1753921
9.09906 1754641
9.10237 1755361
9.10568 1756081
9.10899 1756801
9.11231 1757521
9.11562 1758241
9.11893 1758961
9.12224 1759681
9.12555 1760401
9.12887 1761121
9.13218 1761841
9.13549 1762561
9.1388 1763281
9.14211 1764001
9.14543 1764721
9.14874 1765441
9.15205 1766161
9.15536 1766881
9.15867 1767601
9.16199 1768321
9.1653 1769041
9.16861 1769761
9.17192 1770481
9.17523 1771201
9.17855 1771921
9.18186 1772641
9.18517 1773361
9.18848 1774081
9.19179 1774801
9.19511 1775521
9.19842 1776241
9.20173 1776961
9.20504 1777681
9.20835 1778401
9.21167 1779121
9.21498 1779841
9.21829 1780561
9.2216 1781281
9.22491 1782001
9.22823 1782721
9.23154 1783441
9.23485 1784161
9.23816 1784881
9.24147 1785601
9.24479 1786321
9.2481 1787041
9.25141 1787761
9.25472 1788481
9.25803 1789201
9.26135 1789921
9.26466 1790641
9.26797 1791361
9.27128 1792081
9.27459 1792801
9.27791 1793521
9.28122 1794241
9.28453 1794961
9.28784 1795681
9.29115 1796401
9.29447 1797121
9.29778 1797841
9.30109 1798561
9.3044 1799281
9.30771 1800001
9.31103 1800721
9.31434 1801441
9.31765 1802161
9.32096 1802881
9.32427 1803601
9.32759 1804321
9.3309 1805041
9.33421 1805761
9.33752 1806481
9.34083 1807201
9.34415 1807921
9.34746 1808641
9.35077 1809361
9.35408 1810081
9.35739 1810801
9.36071 1811521
9.36402 1812241
9.36733 1812961
9.37064 1813681
9.37395 1814401
9.37727 1815121
9.38058 1815841
9.38389 1816561
9.3872 1817281
9.39051 1818001
9.39383 1818721
9.39714 1819441
9.40045 1820161
9.40376 1820881
9.40707 1821601
9.41039 1822321
9.4137 1823041
9.41701 1823761
9.42032 1824481
9.42363 1825201
9.42695 1825921
9.43026 1826641
9.43357 1827361
9.43688 1828081
9.44019 1828801
9.44351 1829521
9.44682 1830241
9.45013 1830961
9.45344 1831681
9.45675 1832401
9.46007 1833121
9.46338 1833841
9.46669 1834561
9.47 1835281
9.47331 1836001
9.47663 1836721
9.47994 1837441
9.48325 1838161
9.48656 1838881
9.48987 1839601
9.49319 1840321
9.4965 1841041
9.49981 1841761
9.50312 1842481
9.50643 1843201
9.50975 1843921
9.51306 1844641
9.51637 1845361
9.51968 1846081
9.52299 1846801
9.52631 1847521
9.52962 1848241
9.53293 1848961
9.53624 1849681
9.53955 1850401
9.54287 1851121
9.54618 1851841
9.54949 1852561
9.5528 1853281
9.55611 1854001
9.55943 1854721
9.56274 1855441
9.56605 1856161
9.56936 1856881
9.57267 1857601
9.57599 1858321
9.5793 1859041
9.58261 1859761
9.58592 1860481
9.58923 1861201
9.59255 1861921
9.59586 1862641
9.59917 1863361
9.60248 1864081
9.60579 1864801
9.60911 1865521
9.61242 1866241
9.61573 1866961
9.61904 1867681
9.62235 1868401
9.62567 1869121
9.62898 1869841
9.63229 1870561
9.6356 1871281
9.63891 1872001
9.64223 1872721
9.64554 1873441
9.64885 1874161
9.65216 1874881
9.65547 1875601
9.65879 1876321
9.6621 1877041
9.66541 1877761
9.66872 1878481
9.67203 1879201
9.67535 1879921
9.67866 1880641
9.68197 1881361
9.68528 1882081
9.68859 1882801
9.69191 1883521
9.69522 1884241
9.69853 1884961
9.70184 1885681
9.70515 1886401
9.70847 1887121
9.71178 1887841
9.71509 1888561
9.7184 1889281
9.72171 1890001
9.72503 1890721
9.72834 1891441
9.73165 1892161
9.73496 1892881
9.73827 1893601
9.74159 1894321
9.7449 1895041
9.74821 1895761
9.75152 1896481
9.75483 1897201
9.75815 1897921
9.76146 1898641
9.76477 1899361
9.76808 1900081
9.77139 1900801
9.77471 1901521
9.77802 1902241
9.78133 1902961
9.78464 1903681
9.78795 1904401
9.79127 1905121
9.79458 1905841
9.79789 1906561
9.8012 1907281
9.80451 1908001
9.80783 1908721
9.81114 1909441
9.81445 1910161
9.81776 1910881
9.82107 1911601
9.82439 1912321
9.8277 1913041
9.83101 1913761
9.83432 1914481
9.83763 1915201
9.84095 1915921
9.84426 1916641
9.84757 1917361
9.85088 1918081
9.85419 1918801
9.85751 1919521
9.86082 1920241
9.86413 1920961
9.86744 1921681
9.87075 1922401
9.87407 1923121
9.87738 1923841
9.88069 1924561
9.884 1925281
9.88731 1926001
9.89063 1926721
9.89394 1927441
9.89725 1928161
9.90056 1928881
9.90387 1929601
9.90719 1930321
9.9105 1931041
9.91381 1931761
9.91712 1932481
9.92043 1933201
9.92375 1933921
9.92706 1934641
9.93037 1935361
9.93368 1936081
9.93699 1936801
9.94031 1937521
9.94362 1938241
9.94693 1938961
9.95024 1939681
9.95355 1940401
9.95687 1941121
9.96018 1941841
9.96349 1942561
9.9668 1943281
9.97011 1944001
9.97343 1944721
9.97674 1945441
9.98005 1946161
9.98336 1946881
9.98667 1947601
9.98999 1948321
9.9933 1949041
9.99661 1949761
9.99992 1950481
10.0032 1951201
10.0065 1951921
10.0099 1952641
10.0132 1953361
10.0165 1954081
10.0198 1954801
10.0231 1955521
10.0264 1956241
10.0297 1956961
10.033 1957681
10.0364 1958401
10.0397 1959121
10.043 1959841
10.0463 1960561
10.0496 1961281
10.0529 1962001
10.0562 1962721
10.0595 1963441
10.0628 1964161
10.0662 1964881
10.0695 1965601
10.0728 1966321
10.0761 1967041
10.0794 1967761
10.0827 1968481
10.086 1969201
10.0893 1969921
10.0927 1970641
10.096 1971361
10.0993 1972081
10.1026 1972801
10.1059 1973521
10.1092 1974241
10.1125 1974961
10.1158 1975681
10.1192 1976401
10.1225 1977121
10.1258 1977841
10.1291 1978561
10.1324 1979281
10.1357 1980001
10.139 1980721
10.1423 1981441
10.1456 1982161
10.149 1982881
10.1523 1983601
10.1556 1984321
10.1589 1985041
10.1622 1985761
10.1655 1986481
10.1688 1987201
10.1721 1987921
10.1755 1988641
10.1788 1989361
10.1821 1990081
10.1854 1990801
10.1887 1991521
10.192 1992241
10.1953 1992961
10.1986 1993681
10.202 1994401
10.2053 1995121
10.2086 1995841
10.2119 1996561
10.2152 1997281
10.2185 1998001
10.2218 1998721
10.2251 1999441
10.2284 2000161
10.2318 2000881
10.2351 2001601
10.2384 2002321
10.2417 2003041
10.245 2003761
10.2483 2004481
10.2516 2005201
10.2549 2005921
10.2583 2006641
10.2616 2007361
10.2649 2008081
10.2682 2008801
10.2715 2009521
10.2748 2010241
10.2781 2010961
10.2814 2011681
10.2848 2012401
10.2881 2013121
10.2914 2013841
10.2947 2014561
10.298 2015281
10.3013 2016001
10.3046 2016721
10.3079 2017441
10.3112 2018161
10.3146 2018881
10.3179 2019601
10.3212 2020321
10.3245 2021041
10.3278 2021761
10.3311 2022481
10.3344 2023201
10.3377 2023921
10.3411 2024641
10.3444 2025361
10.3477 2026081
10.351 2026801
10.3543 2027521
10.3576 2028241
10.3609 2028961
10.3642 2029681
10.3676 2030401
10.3709 2031121
10.3742 2031841
10.3775 2032561
10.3808 2033281
10.3841 2034001
10.3874 2034721
10.3907 2035441
10.394 2036161
10.3974 2036881
10.4007 2037601
10.404 2038321
10.4073 2039041
10.4106 2039761
10.4139 2040481
10.4172 2041201
10.4205 2041921
10.4239 2042641
10.4272 2043361
10.4305 2044081
10.4338 2044801
10.4371 2045521
10.4404 2046241
10.4437 2046961
10.447 2047681
10.4504 2048401
10.4537 2049121
10.457 2049841
10.4603 2050561
10.4636 2051281
10.4669 2052001
10.4702 2052721
10.4735 2053441
10.4768 2054161
10.4802 2054881
10.4835 2055601
10.4868 2056321
10.4901 2057041
10.4934 2057761
10.4967 2058481
10.5 2059201
10.5033 2059921
10.5067 2060641
10.51 2061361
10.5133 2062081
10.5166 2062801
10.5199 2063521
10.5232 2064241
10.5265 2064961
10.5298 2065681
10.5332 2066401
10.5365 2067121
10.5398 2067841
10.5431 2068561
10.5464 2069281
10.5497 2070001
10.553 2070721
10.5563 2071441
10.5596 2072161
10.563 2072881
10.5663 2073601
10.5696 2074321
10.5729 2075041
10.5762 2075761
10.5795 2076481
10.5828 2077201
10.5861 2077921
10.5895 2078641
10.5928 2079361
10.5961 2080081
10.5994 2080801
10.6027 2081521
10.606 2082241
10.6093 2082961
10.6126 2083681
10.616 2084401
10.6193 2085121
10.6226 2085841
10.6259 2086561
10.6292 2087281
10.6325 2088001
10.6358 2088721
10.6391 2089441
10.6424 2090161
10.6458 2090881
10.6491 2091601
10.6524 2092321
10.6557 2093041
10.659 2093761
10.6623 2094481
10.6656 2095201
10.6689 2095921
10.6723 2096641
10.6756 2097361
10.6789 2098081
10.6822 2098801
10.6855 2099521
10.6888 2100241
10.6921 2100961
10.6954 2101681
10.6988 2102401
10.7021 2103121
10.7054 2103841
10.7087 2104561
10.712 2105281
10.7153 2106001
10.7186 2106721
10.7219 2107441
10.7252 2108161
10.7286 2108881
10.7319 2109601
10.7352 2110321
10.7385 2111041
10.7418 2111761
10.7451 2112481
10.7484 2113201
10.7517 2113921
10.7551 2114641
10.7584 2115361
10.7617 2116081
10.765 2116801
10.7683 2117521
10.7716 2118241
10.7749 2118961
10.7782 2119681
10.7816 2120401
10.7849 2121121
10.7882 2121841
10.7915 2122561
10.7948 2123281
10.7981 2124001
10.8014 2124721
10.8047 2125441
10.808 2126161
10.8114 2126881
10.8147 2127601
10.818 2128321
10.8213 2129041
10.8246 2129761
10.8279 2130481
10.8312 2131201
10.8345 2131921
10.8379 2132641
10.8412 2133361
10.8445 2134081
10.8478 2134801
10.8511 2135521
10.8544 2136241
10.8577 2136961
10.861 2137681
10.8644 2138401
10.8677 2139121
10.871 2139841
10.8743 2140561
10.8776 2141281
10.8809 2142001
10.8842 2142721
10.8875 2143441
10.8908 2144161
10.8942 2144881
10.8975 2145601
10.9008 2146321
10.9041 2147041
10.9074 2147761
10.9107 2148481
10.914 2149201
10.9173 2149921
10.9207 2150641
10.924 2151361
10.9273 2152081
10.9306 2152801
10.9339 2153521
10.9372 2154241
10.9405 2154961
10.9438 2155681
10.9472 2156401
10.9505 2157121
10.9538 2157841
10.9571 2158561
10.9604 2159281
10.9637 2160001
10.967 2160721
10.9703 2161441
10.9736 2162161
10.977 2162881
10.9803 2163601
10.9836 2164321
10.9869 2165041
10.9902 2165761
10.9935 2166481
10.9968 2167201
11.0001 2167921
11.0035 2168641
11.0068 2169361
11.0101 2170081
11.0134 2170801
11.0167 2171521
11.02 2172241
11.0233 2172961
11.0266 2173681
11.03 2174401
11.0333 2175121
11.0366 2175841
11.0399 2176561
11.0432 2177281
11.0465 2178001
11.0498 2178721
11.0531 2179441
11.0564 2180161
11.0598 2180881
11.0631 2181601
11.0664 2182321
11.0697 2183041
11.073 2183761
11.0763 2184481
11.0796 2185201
11.0829 2185921
11.0863 2186641
11.0896 2187361
11.0929 2188081
11.0962 2188801
11.0995 2189521
11.1028 2190241
11.1061 2190961
11.1094 2191681
11.1128 2192401
11.1161 2193121
11.1194 2193841
11.1227 2194561
11.126 2195281
11.1293 2196001
11.1326 2196721
11.1359 2197441
11.1392 2198161
11.1426 2198881
11.1459 2199601
11.1492 2200321
11.1525 2201041
11.1558 2201761
11.1591 2202481
11.1624 2203201
11.1657 2203921
11.1691 2204641
11.1724 2205361
11.1757 2206081
11.179 2206801
11.1823 2207521
11.1856 2208241
11.1889 2208961
11.1922 2209681
11.1956 2210401
11.1989 2211121
11.2022 2211841
11.2055 2212561
11.2088 2213281
11.2121 2214001
11.2154 2214721
11.2187 2215441
11.222 2216161
11.2254 2216881
11.2287 2217601
11.232 2218321
11.2353 2219041
11.2386 2219761
11.2419 2220481
11.2452 2221201
11.2485 2221921
11.2519 2222641
11.2552 2223361
11.2585 2224081
11.2618 2224801
11.2651 2225521
11.2684 2226241
11.2717 2226961
11.275 2227681
11.2784 2228401
11.2817 2229121
11.285 2229841
11.2883 2230561
11.2916 2231281
11.2949 2232001
11.2982 2232721
11.3015 2233441
11.3048 2234161
11.3082 2234881
11.3115 2235601
11.3148 2236321
11.3181 2237041
11.3214 2237761
11.3247 2238481
11.328 2239201
11.3313 2239921
11.3347 2240641
11.338 2241361
11.3413 2242081
11.3446 2242801
11.3479 2243521
11.3512 2244241
11.3545 2244961
11.3578 2245681
11.3612 2246401
11.3645 2247121
11.3678 2247841
11.3711 2248561
11.3744 2249281
11.3777 2250001
11.381 2250721
11.3843 2251441
11.3876 2252161
11.391 2252881
11.3943 2253601
11.3976 2254321
11.4009 2255041
11.4042 2255761
11.4075 2256481
11.4108 2257201
11.4141 2257921
11.4175 2258641
11.4208 2259361
11.4241 2260081
11.4274 2260801
11.4307 2261521
11.434 2262241
11.4373 2262961
11.4406 2263681
11.444 2264401
11.4473 2265121
11.4506 2265841
11.4539 2266561
11.4572 2267281
11.4605 2268001
11.4638 2268721
11.4671 2269441
11.4704 2270161
11.4738 2270881
11.4771 2271601
11.4804 2272321
11.4837 2273041
11.487 2273761
11.4903 2274481
11.4936 2275201
11.4969 2275921
11.5003 2276641
11.5036 2277361
11.5069 2278081
11.5102 2278801
11.5135 2279521
11.5168 2280241
11.5201 2280961
11.5234 2281681
11.5268 2282401
11.5301 2283121
11.5334 2283841
11.5367 2284561
11.54 2285281
11.5433 2286001
11.5466 2286721
11.5499 2287441
11.5532 2288161
11.5566 2288881
11.5599 2289601
11.5632 2290321
11.5665 2291041
11.5698 2291761
11.5731 2292481
11.5764 2293201
11.5797 2293921
11.5831 2294641
11.5864 2295361
11.5897 2296081
11.593 2296801
11.5963 2297521
11.5996 2298241
11.6029 2298961
11.6062 2299681
11.6096 2300401
11.6129 2301121
11.6162 2301841
11.6195 2302561
11.6228 2303281
11.6261 2304001
11.6294 2304721
11.6327 2305441
11.636 2306161
11.6394 2306881
11.6427 2307601
11.646 2308321
11.6493 2309041
11.6526 2309761
11.6559 2310481
11.6592 2311201
11.6625 2311921
11.6659 2312641
11.6692 2313361
11.6725 2314081
11.6758 2314801
11.6791 2315521
11.6824 2316241
11.6857 2316961
11.689 2317681
11.6924 2318401
11.6957 2319121
11.699 2319841
11.7023 2320561
11.7056 2321281
11.7089 2322001
11.7122 2322721
11.7155 2323441
11.7188 2324161
11.7222 2324881
11.7255 2325601
11.7288 2326321
11.7321 2327041
11.7354 2327761
11.7387 2328481
11.742 2329201
11.7453 2329921
11.7487 2330641
11.752 2331361
11.7553 2332081
11.7586 2332801
11.7619 2333521
11.7652 2334241
11.7685 2334961
11.7718 2335681
11.7752 2336401
11.7785 2337121
11.7818 2337841
11.7851 2338561
11.7884 2339281
11.7917 2340001
11.795 2340721
11.7983 2341441
11.8016 2342161
11.805 2342881
11.8083 2343601
11.8116 2344321
11.8149 2345041
11.8182 2345761
11.8215 2346481
11.8248 2347201
11.8281 2347921
11.8315 2348641
11.8348 2349361
11.8381 2350081
11.8414 2350801
11.8447 2351521
11.848 2352241
11.8513 2352961
11.8546 2353681
11.858 2354401
11.8613 2355121
11.8646 2355841
11.8679 2356561
11.8712 2357281
11.8745 2358001
11.8778 2358721
11.8811 2359441
11.8844 2360161
11.8878 2360881
11.8911 2361601
11.8944 2362321
11.8977 2363041
11.901 2363761
11.9043 2364481
11.9076 2365201
11.9109 2365921
11.9143 2366641
11.9176 2367361
11.9209 2368081
11.9242 2368801
11.9275 2369521
11.9308 2370241
11.9341 2370961
11.9374 2371681
11.9408 2372401
11.9441 2373121
11.9474 2373841
11.9507 2374561
11.954 2375281
11.9573 2376001
11.9606 2376721
11.9639 2377441
11.9672 2378161
11.9706 2378881
11.9739 2379601
11.9772 2380321
11.9805 2381041
11.9838 2381761
11.9871 2382481
11.9904 2383201
11.9937 2383921
11.9971 2384641
12.0004 2385361
12.0037 2386081
12.007 2386801
12.0103 2387521
12.0136 2388241
12.0169 2388961
12.0202 2389681
12.0236 2390401
12.0269 2391121
12.0302 2391841
12.0335 2392561
12.0368 2393281
12.0401 2394001
12.0434 2394721
12.0467 2395441
12.05 2396161
12.0534 2396881
12.0567 2397601
12.06 2398321
12.0633 2399041
12.0666 2399761
12.0699 2400481
12.0732 2401201
12.0765 2401921
12.0799 2402641
12.0832 2403361
12.0865 2404081
12.0898 2404801
12.0931 2405521
12.0964 2406241
12.0997 2406961
12.103 2407681
12.1064 2408401
12.1097 2409121
12.113 2409841
12.1163 2410561
12.1196 2411281
12.1229 2412001
12.1262 2412721
12.1295 2413441
12.1328 2414161
12.1362 2414881
12.1395 2415601
12.1428 2416321
12.1461 2417041
12.1494 2417761
12.1527 2418481
12.156 2419201
12.1593 2419921
12.1627 2420641
12.166 2421361
12.1693 2422081
12.1726 2422801
12.1759 2423521
12.1792 2424241
12.1825 2424961
12.1858 2425681
12.1892 2426401
12.1925 2427121
12.1958 2427841
12.1991 2428561
12.2024 2429281
12.2057 2430001
12.209 2430721
12.2123 2431441
12.2156 2432161
12.219 2432881
12.2223 2433601
12.2256 2434321
12.2289 2435041
12.2322 2435761
12.2355 2436481
12.2388 2437201
12.2421 2437921
12.2455 2438641
12.2488 2439361
12.2521 2440081
12.2554 2440801
12.2587 2441521
12.262 2442241
12.2653 2442961
12.2686 2443681
12.272 2444401
12.2753 2445121
12.2786 2445841
12.2819 2446561
12.2852 2447281
12.2885 2448001
12.2918 2448721
12.2951 2449441
12.2984 2450161
12.3018 2450881
12.3051 2451601
12.3084 2452321
12.3117 2453041
12.315 2453761
12.3183 2454481
12.3216 2455201
12.3249 2455921
12.3283 2456641
12.3316 2457361
12.3349 2458081
12.3382 2458801
12.3415 2459521
12.3448 2460241
12.3481 2460961
12.3514 2461681
12.3548 2462401
12.3581 2463121
12.3614 2463841
12.3647 2464561
12.368 2465281
12.3713 2466001
12.3746 2466721
12.3779 2467441
12.3812 2468161
12.3846 2468881
12.3879 2469601
12.3912 2470321
12.3945 2471041
12.3978 2471761
12.4011 2472481
12.4044 2473201
12.4077 2473921
12.4111 2474641
12.4144 2475361
12.4177 2476081
12.421 2476801
12.4243 2477521
12.4276 2478241
12.4309 2478961
12.4342 2479681
12.4376 2480401
12.4409 2481121
12.4442 2481841
12.4475 2482561
12.4508 2483281
12.4541 2484001
12.4574 2484721
12.4607 2485441
12.464 2486161
12.4674 2486881
12.4707 2487601
12.474 2488321
12.4773 2489041
12.4806 2489761
12.4839 2490481
12.4872 2491201
12.4905 2491921
12.4939 2492641
12.4972 2493361
12.5005 2494081
12.5038 2494801
12.5071 2495521
12.5104 2496241
12.5137 2496961
12.517 2497681
12.5204 2498401
12.5237 2499121
12.527 2499841
12.5303 2500561
12.5336 2501281
12.5369 2502001
12.5402 2502721
12.5435 2503441
12.5468 2504161
12.5502 2504881
12.5535 2505601
12.5568 2506321
12.5601 2507041
12.5634 2507761
12.5667 2508481
12.57 2509201
12.5733 2509921
12.5767 2510641
12.58 2511361
12.5833 2512081
12.5866 2512801
12.5899 2513521
12.5932 2514241
12.5965 2514961
12.5998 2515682
