0.0 0
0.0905768 360
0.0905768 360
0.182886 720
0.276809 1080
0.370731 1440
0.462998 1800
0.46631 2160
0.55692 2520
0.560232 2880
0.563544 3240
0.650842 3600
0.654154 3960
0.657466 4320
0.660778 4680
0.743109 5040
0.746421 5400
0.749733 5760
0.753045 6120
0.756357 6480
0.759669 6840
0.835375 7200
0.838687 7560
0.841999 7920
0.845311 8280
0.848623 8640
0.851935 9000
0.855247 9360
0.858559 9720
0.861871 10080
0.927642 10440
0.930954 10800
0.934266 11160
0.937578 11520
0.94089 11880
0.944202 12240
0.947514 12600
0.950826 12960
0.954138 13320
0.95745 13680
0.960762 14040
0.964074 14400
0.967386 14760
0.970698 15120
1.02156 15480
1.02488 15840
1.02819 16200
1.0315 16560
1.03481 16920
1.03812 17280
1.04144 17640
1.04475 18000
1.04806 18360
1.05137 18720
1.05468 19080
1.058 19440
1.06131 19800
1.06462 20160
1.06793 20520
1.07124 20880
1.07456 21240
1.07787 21600
1.08118 21960
1.08449 22320
1.0878 22680
1.11549 23040
1.1188 23400
1.12211 23760
1.12542 24120
1.12873 24480
1.13205 24840
1.13536 25200
1.13867 25560
1.14198 25920
1.14529 26280
1.14861 26640
1.15192 27000
1.15523 27360
1.15854 27720
1.16185 28080
1.16517 28440
1.16848 28800
1.17179 29160
1.1751 29520
1.17841 29880
1.18173 30240
1.18504 30600
1.18835 30960
1.19166 31320
1.19497 31680
1.19829 32040
1.2016 32400
1.20491 32760
1.20822 33120
1.21153 33480
1.21485 33840
1.21816 34200
1.22147 34560
1.22478 34920
1.22809 35280
1.23141 35640
1.23472 36000
1.23803 36360
1.24134 36720
1.24465 37080
1.24797 37440
1.25128 37800
1.25459 38160
1.2579 38520
1.26121 38880
1.26453 39240
1.26784 39600
1.27115 39960
1.27446 40320
1.27777 40680
1.28109 41040
1.2844 41400
1.28771 41760
1.29102 42120
1.29433 42480
1.29765 42840
1.30096 43200
1.30427 43560
1.30758 43920
1.31089 44280
1.31421 44640
1.31752 45000
1.32083 45360
1.32414 45720
1.32745 46080
1.33077 46440
1.33408 46800
1.33739 47160
1.3407 47520
1.34401 47880
1.34733 48240
1.35064 48600
1.35395 48960
1.35726 49320
1.36057 49680
1.36389 50040
1.3672 50400
1.37051 50760
1.37382 51120
1.37713 51480
1.38045 51840
1.38376 52200
1.38707 52560
1.39038 52920
1.39369 53280
1.39701 53640
1.40032 54000
1.40363 54360
1.40694 54720
1.41025 55080
1.41357 55440
1.41688 55800
1.42019 56160
1.4235 56520
1.42681 56880
1.43013 57240
1.43344 57600
1.43675 57960
1.44006 58320
1.44337 58680
1.44669 59040
1.45 59400
1.45331 59760
1.45662 60120
1.45993 60480
1.46325 60840
1.46656 61200
1.46987 61560
1.47318 61920
1.47649 62280
1.47981 62640
1.48312 63000
1.48643 63360
1.48974 63720
1.49305 64080
1.49637 64440
1.49968 64800
1.50299 65160
1.5063 65520
1.50961 65880
1.51293 66240
1.51624 66600
1.51955 66960
1.52286 67320
1.52617 67680
1.52949 68040
1.5328 68400
1.53611 68760
1.53942 69120
1.54273 69480
1.54605 69840
1.54936 70200
1.55267 70560
1.55598 70920
1.55929 71280
1.56261 71640
1.56592 72000
1.56923 72360
1.57254 72720
1.57585 73080
1.57917 73440
1.58248 73800
1.58579 74160
1.5891 74520
1.59241 74880
1.59573 75240
1.59904 75600
1.60235 75960
1.60566 76320
1.60897 76680
1.61229 77040
1.6156 77400
1.61891 77760
1.62222 78120
1.62553 78480
1.62885 78840
1.63216 79200
1.63547 79560
1.63878 79920
1.64209 80280
1.64541 80640
1.64872 81000
1.65203 81360
1.65534 81720
1.65865 82080
1.66197 82440
1.66528 82800
1.66859 83160
1.6719 83520
1.67521 83880
1.67853 84240
1.68184 84600
1.68515 84960
1.68846 85320
1.69177 85680
1.69509 86040
1.6984 86400
1.70171 86760
1.70502 87120
1.70833 87480
1.71165 87840
1.71496 88200
1.71827 88560
1.72158 88920
1.72489 89280
1.72821 89640
1.73152 90000
1.73483 90360
1.73814 90720
1.74145 91080
1.74477 91440
1.74808 91800
1.75139 92160
1.7547 92520
1.75801 92880
1.76133 93240
1.76464 93600
1.76795 93960
1.77126 94320
1.77457 94680
1.77789 95040
1.7812 95400
1.78451 95760
1.78782 96120
1.79113 96480
1.79445 96840
1.7978 97200
1.80111 97200
1.80111 59760
2.59606 59760
2.59606 34920
2.95861 35280
3.04307 35640
3.12256 36000
3.20536 36360
3.29147 36720
3.37427 37080
3.46038 37440
3.54649 37800
3.6326 38160
3.72203 38520
3.80814 38880
3.89756 39240
3.9903 39600
4.07972 39960
4.17246 40320
4.2652 40680
4.35793 41040
4.45398 41400
4.54672 41760
4.64276 42120
4.74212 42480
4.83817 42840
4.90441 43200
4.97065 43560
5.03689 43920
5.10644 44280
5.17268 44640
5.24224 45000
5.31179 45360
5.38134 45720
5.45089 46080
5.52044 46440
5.59331 46800
5.66286 47160
5.73572 47520
5.80859 47880
5.88145 48240
5.95763 48600
6.03049 48960
6.10667 49320
6.18284 49680
6.25902 50040
6.3352 50400
6.41137 50760
6.49086 51120
6.56704 51480
6.64652 51840
6.72601 52200
6.8055 52560
6.8883 52920
6.96779 53280
7.05059 53640
7.13339 54000
7.21619 54360
7.29899 54720
7.38179 55080
7.4679 55440
7.5507 55800
7.63681 56160
7.72292 56520
7.80903 56880
7.89846 57240
7.98457 57600
8.07399 57960
8.16342 58320
8.25284 58680
8.34227 59040
8.43169 59400
8.4367 59400
8.4367 34560
8.82416 34920
8.90696 35280
8.98976 35640
9.06925 36000
9.15205 36360
9.23816 36720
9.32096 37080
9.40707 37440
9.49319 37800
9.5793 38160
9.66872 38520
9.75483 38880
9.84426 39240
9.93699 39600
10.0264 39960
10.1192 40320
10.2119 40680
10.3046 41040
10.4007 41400
10.4934 41760
10.5895 42120
10.6888 42480
10.7849 42840
10.8511 43200
10.9173 43560
10.9836 43920
11.0531 44280
11.1194 44640
11.1889 45000
11.2585 45360
11.328 45720
11.3976 46080
11.4671 46440
11.54 46800
11.6096 47160
11.6824 47520
11.7553 47880
11.8281 48240
11.9043 48600
11.9772 48960
12.0534 49320
12.1295 49680
12.2057 50040
12.2819 50400
12.3581 50760
12.4376 51120
12.5137 51480
12.5932 51840
