0.0 0
0.180557 0.18
0.362846 0.18025
0.546749 0.180719
0.730651 0.181129
0.912898 0.204238
0.91621 0.201958
1.0968 0.199713
1.10011 0.198249
1.10342 0.196843
1.2807 0.195238
1.28401 0.194333
1.28733 0.193416
1.29064 0.192614
1.46295 0.213412
1.46626 0.209986
1.46957 0.206863
1.47288 0.204505
1.4762 0.202567
1.47951 0.200871
1.6452 0.220137
1.64851 0.21587
1.65182 0.212011
1.65513 0.209135
1.65844 0.206618
1.66176 0.204416
1.66507 0.202989
1.66838 0.201615
1.67169 0.200413
1.82744 0.218862
1.83075 0.214629
1.83407 0.21105
1.83738 0.208294
1.84069 0.205882
1.844 0.203772
1.84731 0.2023
1.85063 0.201013
1.85394 0.199886
1.85725 0.199401
1.86056 0.19885
1.86387 0.198369
1.86719 0.198448
1.8705 0.198517
2.01134 0.196702
2.01466 0.19549
2.01797 0.194428
2.02128 0.1935
2.02459 0.193062
2.0279 0.19268
2.03122 0.19247
2.03453 0.192661
2.03784 0.192703
2.04115 0.192865
2.04446 0.193382
2.04778 0.193834
2.05109 0.194355
2.0544 0.195186
2.05771 0.195788
2.06102 0.196439
2.06434 0.197384
2.06765 0.198211
2.07096 0.19881
2.07427 0.199834
2.07758 0.200729
2.19525 0.198638
2.19856 0.197183
2.20187 0.19591
2.20518 0.194922
2.20849 0.194431
2.21181 0.193878
2.21512 0.193518
2.21843 0.193578
2.22174 0.193631
2.22505 0.193677
2.22837 0.194092
2.23168 0.194456
2.23499 0.194774
2.2383 0.195552
2.24161 0.196108
2.24493 0.196595
2.24824 0.19752
2.25155 0.19833
2.25486 0.198914
2.25817 0.199925
2.26149 0.200809
2.2648 0.201583
2.26811 0.20276
2.27142 0.203665
2.27473 0.204457
2.27805 0.20565
2.28136 0.206694
2.28467 0.207607
2.28798 0.208781
2.29129 0.209808
2.29461 0.210707
2.37749 0.221869
2.3808 0.21726
2.38412 0.213353
2.38743 0.210309
2.39074 0.207645
2.39405 0.205314
2.39736 0.20365
2.40068 0.202194
2.40399 0.20092
2.4073 0.200305
2.41061 0.199642
2.41392 0.199061
2.41724 0.199054
2.42055 0.199047
2.42386 0.198916
2.42717 0.199302
2.43048 0.199639
2.4338 0.199934
2.43711 0.200692
2.44042 0.201356
2.44373 0.201811
2.44704 0.20271
2.45036 0.203496
2.45367 0.204184
2.45698 0.205161
2.46029 0.206016
2.4636 0.206764
2.46692 0.207793
2.47023 0.208819
2.47354 0.209592
2.47685 0.210643
2.48016 0.211688
2.48348 0.212602
2.48679 0.213776
2.4901 0.214804
2.49341 0.215704
2.49672 0.216866
2.50004 0.218008
2.50335 0.218882
2.50666 0.220021
2.50997 0.221019
2.51328 0.222016
2.5166 0.223264
2.51991 0.224356
2.52322 0.225312
2.52653 0.226523
2.52984 0.227582
2.5614 0.222135
2.56471 0.217743
2.56802 0.214025
2.57133 0.210647
2.57464 0.208066
2.57796 0.205808
2.58127 0.203957
2.58458 0.202712
2.58789 0.201498
2.5912 0.200561
2.59452 0.200116
2.59783 0.199726
2.60114 0.199511
2.60445 0.199697
2.60776 0.199735
2.61108 0.199893
2.61439 0.200406
2.6177 0.200855
2.62101 0.201248
2.62432 0.201967
2.62764 0.202596
2.63095 0.203147
2.63426 0.204129
2.63757 0.204862
2.64088 0.205505
2.6442 0.206567
2.64751 0.207496
2.65082 0.208184
2.65413 0.209286
2.65744 0.21025
2.66076 0.211094
2.66407 0.212332
2.66738 0.213291
2.67069 0.214129
2.674 0.215363
2.67732 0.216443
2.68063 0.217387
2.68394 0.218589
2.68725 0.21964
2.69056 0.22056
2.69388 0.22174
2.69719 0.222898
2.7005 0.223786
2.70381 0.224937
2.70712 0.22607
2.71044 0.227061
2.71375 0.228304
2.71706 0.229391
2.72037 0.230342
2.72368 0.231549
2.727 0.232606
2.73031 0.23353
2.73362 0.234714
2.73693 0.235749
2.74024 0.236781
2.74356 0.238058
2.74687 0.239051
2.75018 0.240045
2.75349 0.241289
2.7568 0.242378
2.76012 0.243456
2.76343 0.244774
2.76674 0.245802
2.77005 0.246827
2.77336 0.248098
2.77668 0.249211
2.77999 0.25006
2.7833 0.251302
2.78661 0.252389
2.78992 0.253341
2.79324 0.254673
2.79655 0.252214
2.79986 0.250062
2.80317 0.248679
2.80648 0.247345
2.8098 0.246176
2.81311 0.245654
2.81642 0.245198
2.81973 0.244798
2.82304 0.244948
2.82635 0.244955
2.82967 0.24496
2.83298 0.24534
2.83629 0.245798
2.8396 0.246073
2.84291 0.246689
2.84623 0.247353
2.84954 0.247934
2.85285 0.248817
2.85616 0.24959
2.85947 0.250266
2.86279 0.251233
2.8661 0.252204
2.86941 0.252928
2.87272 0.253937
2.87603 0.254945
2.87935 0.255827
2.88266 0.256974
2.88597 0.257852
2.88928 0.258745
2.89259 0.259902
2.89591 0.260914
2.89922 0.261925
2.90253 0.263184
2.90584 0.264161
2.90915 0.265141
2.91247 0.266374
2.91578 0.267452
2.91909 0.268395
2.9224 0.269596
2.92571 0.270646
2.92903 0.271691
2.93234 0.272979
2.93565 0.273982
2.93896 0.274859
2.94227 0.276127
2.94559 0.277236
2.9489 0.278081
2.95221 0.279321
2.95552 0.280406
2.95883 0.281355
2.96215 0.282686
2.96546 0.283725
2.96877 0.284635
2.97208 0.28593
2.97539 0.287064
2.97871 0.288056
2.98202 0.289424
2.98533 0.290496
2.98864 0.291434
2.99195 0.29263
2.99527 0.293801
2.99858 0.294701
3.00189 0.295863
3.0052 0.297005
3.00851 0.298005
3.01183 0.299254
3.01514 0.300347
3.01845 0.301304
3.02176 0.302516
3.02507 0.303701
3.02839 0.304614
3.0317 0.305787
3.03501 0.306939
3.03832 0.307946
3.04163 0.309203
3.04495 0.310303
3.04826 0.311265
3.05157 0.312482
3.05488 0.313547
3.05819 0.314603
3.06151 0.315903
3.06482 0.316915
3.06813 0.317926
3.07144 0.319185
3.07475 0.320287
3.07807 0.321251
3.08138 0.32247
3.08469 0.323536
3.088 0.324594
3.09131 0.325895
3.09463 0.326908
3.09794 0.327794
3.10125 0.32907
3.10456 0.330186
3.10787 0.331038
3.11119 0.332283
3.1145 0.333373
3.11781 0.334326
3.12112 0.33566
3.12443 0.336828
3.12775 0.337724
3.13106 0.339009
3.13437 0.340133
3.13768 0.341116
3.14099 0.342352
3.14431 0.343433
3.14762 0.344379
3.15093 0.345581
3.15424 0.346759
3.15755 0.347664
3.16087 0.348831
3.16418 0.349977
3.16749 0.35098
3.1708 0.352232
3.17411 0.353328
3.17743 0.354287
3.18074 0.355501
3.18405 0.356689
3.18736 0.357603
3.19067 0.358777
3.19399 0.359805
3.1973 0.360829
3.20061 0.362101
3.20392 0.363213
3.20723 0.364187
3.21055 0.365413
3.21386 0.366487
3.21717 0.367551
3.22048 0.368857
3.22379 0.369875
3.22711 0.37089
3.23042 0.372154
3.23373 0.37326
3.23704 0.374227
3.24035 0.375449
3.24367 0.376518
3.24698 0.377453
3.25029 0.378771
3.2536 0.3798
3.25691 0.3807
4.18427 0.378238
4.18759 0.376208
4.1909 0.374682
4.19421 0.373597
4.19752 0.373022
4.73407 0.353144
4.73738 0.335751
4.74069 0.320407
4.744 0.307106
4.74731 0.295468
4.75063 0.28516
4.75394 0.27614
4.75725 0.268372
4.76056 0.261451
4.76387 0.255394
4.76884 0.250345
4.77215 0.246177
4.77547 0.24278
4.77878 0.239932
4.78209 0.237691
4.7854 0.235979
4.78871 0.234607
4.79203 0.233531
4.79534 0.232715
4.79865 0.232
4.80196 0.23125
4.80527 0.230719
4.80859 0.230254
4.8119 0.229722
4.81521 0.229382
4.81852 0.229084
4.82183 0.228699
4.82515 0.228486
4.82846 0.228301
4.83177 0.228013
4.83508 0.227886
4.83839 0.228026
4.84171 0.228022
4.84502 0.228145
4.84833 0.228252
4.85164 0.22822
4.85495 0.228193
4.85827 0.228294
4.86158 0.228507
4.86489 0.228693
4.8682 0.228857
4.87151 0.229
4.87483 0.229125
4.87814 0.229234
4.88311 0.22958
4.88642 0.229882
4.88973 0.230022
4.89304 0.230269
4.89635 0.230486
4.89967 0.230675
4.90463 0.230966
4.90795 0.23122
4.91126 0.231567
4.91457 0.231746
4.91788 0.231903
4.92119 0.232165
4.92451 0.23227
4.92782 0.232361
4.93113 0.232566
4.93444 0.23262
4.93775 0.232668
4.94107 0.232834
4.94603 0.23323
4.94935 0.233451
4.95266 0.233645
4.95597 0.233814
4.95928 0.233962
4.96259 0.234092
4.96591 0.234206
4.96922 0.234305
4.97253 0.234392
4.97584 0.234468
4.97915 0.234534
4.98247 0.234593
4.98578 0.234643
4.98909 0.234813
4.9924 0.234836
4.99571 0.234857
4.99903 0.235
5.00234 0.234375
5.00565 0.233453
5.00896 0.232146
5.01227 0.231128
5.01559 0.229737
5.0189 0.22852
5.02221 0.22758
5.02552 0.226632
5.02883 0.226178
5.03215 0.225906
5.03546 0.225668
5.03877 0.225334
5.04208 0.225168
5.04539 0.225022
5.04871 0.224769
5.05202 0.224673
5.05533 0.224589
5.05864 0.224015
5.06195 0.223513
5.06527 0.223074
5.06858 0.22269
5.07189 0.222354
5.0752 0.222184
5.07851 0.221911
5.08183 0.221672
5.08514 0.221588
5.08845 0.22139
5.09176 0.221216
5.09507 0.221189
5.09839 0.22104
5.1017 0.22066
5.10501 0.220453
5.10832 0.220271
5.11163 0.219987
5.11495 0.219739
5.11826 0.219647
5.12157 0.219316
5.12488 0.219026
5.12819 0.218773
5.13151 0.218551
5.13482 0.218357
5.13813 0.218188
5.14144 0.218039
5.14475 0.217909
5.14807 0.217796
5.15138 0.217696
5.15469 0.217609
5.158 0.217533
5.16131 0.217216
5.16463 0.216939
5.16794 0.216697
5.17125 0.21661
5.17456 0.216909
5.17787 0.217045
5.18119 0.217289
5.1845 0.217503
5.18781 0.217565
5.19112 0.217745
5.19443 0.217902
5.19775 0.217914
5.20106 0.21805
5.20437 0.218168
5.20768 0.218147
5.21099 0.218129
5.21431 0.218238
5.21762 0.218208
5.22093 0.218182
5.22424 0.218284
5.22755 0.218374
5.23087 0.218327
5.23418 0.218411
5.23749 0.218485
5.2408 0.218424
5.24411 0.218496
5.24743 0.218559
5.25074 0.218489
5.25405 0.218553
5.25736 0.218609
5.26067 0.218533
5.26399 0.218466
5.2673 0.218533
5.27061 0.218466
5.27392 0.218408
5.27723 0.218482
5.28055 0.218547
5.28386 0.218478
5.28717 0.218544
5.29048 0.218601
5.29379 0.218526
5.29711 0.218585
5.30042 0.218637
5.30373 0.218557
5.30704 0.218613
5.31035 0.218661
5.31367 0.218578
5.31698 0.218506
5.32029 0.218568
5.3236 0.218997
5.32691 0.219247
5.33023 0.219591
5.33354 0.219892
5.33685 0.220156
5.34016 0.220386
5.34347 0.220588
5.34679 0.220765
5.3501 0.220919
5.35341 0.221054
5.35672 0.221172
5.36003 0.221276
5.36335 0.221366
5.36666 0.221446
5.36997 0.22139
5.37328 0.221466
5.37659 0.221533
5.37991 0.221466
5.38322 0.221533
5.38653 0.221591
5.38984 0.221642
5.39315 0.221687
5.39647 0.221726
5.39978 0.22176
5.40309 0.22179
5.4064 0.221817
5.40971 0.22184
5.41303 0.22186
5.41634 0.221877
5.41965 0.221892
5.42296 0.221781
5.42627 0.221808
5.42959 0.221832
5.4329 0.221853
5.43621 0.221872
5.43952 0.221888
5.44283 0.221902
5.44615 0.221914
5.44946 0.221925
5.45277 0.221934
5.45608 0.221942
5.45939 0.22195
5.46271 0.221956
5.46602 0.221961
5.46933 0.221966
5.47264 0.222345
5.47595 0.222677
5.47927 0.222968
5.48258 0.223222
5.48589 0.223444
5.4892 0.223763
5.49251 0.223918
5.49583 0.224053
5.49914 0.224297
5.50245 0.224385
5.50576 0.224461
5.50907 0.224654
5.51239 0.224697
5.5157 0.224735
5.51901 0.224893
5.52232 0.224906
5.52563 0.224918
5.52895 0.224928
5.53226 0.224937
5.53557 0.224945
5.53888 0.224952
5.54219 0.225083
5.54551 0.225073
5.54882 0.225064
5.55213 0.225181
5.55544 0.225158
5.55875 0.225138
5.56207 0.225246
5.56538 0.225215
5.56869 0.225188
5.572 0.22529
5.57531 0.225254
5.57863 0.225222
5.58194 0.225194
5.58525 0.22517
5.58856 0.225149
5.59187 0.22513
5.59519 0.225239
5.5985 0.225209
5.60181 0.225183
5.60512 0.225285
5.60843 0.225249
5.61175 0.225218
5.61506 0.225316
5.61837 0.225276
5.62168 0.225242
5.62499 0.225587
5.62831 0.226013
5.63162 0.226262
5.63493 0.226479
5.63824 0.226794
5.64155 0.226945
5.64487 0.227077
5.64818 0.227317
5.65149 0.227527
5.6548 0.227587
5.65811 0.227763
5.66143 0.227918
5.66474 0.227928
5.66805 0.228062
5.67136 0.228179
5.67467 0.228157
5.67799 0.228137
5.6813 0.228245
5.68461 0.228214
5.68792 0.228188
5.69123 0.228289
5.69455 0.228253
5.69786 0.228221
5.70117 0.228319
5.70448 0.228404
5.70779 0.228353
5.71111 0.228434
5.71442 0.228505
5.71773 0.228442
5.72104 0.228512
5.72435 0.228573
5.72767 0.228501
5.73098 0.228438
5.73429 0.228509
5.7376 0.228445
5.74091 0.228389
5.74423 0.228466
5.74754 0.228408
5.75085 0.228357
5.75416 0.228437
5.75747 0.228507
5.76079 0.228444
5.7641 0.228513
5.76741 0.228574
5.77072 0.228502
5.77403 0.228565
5.77735 0.228619
5.78066 0.229042
5.78397 0.229286
5.78728 0.229626
5.79059 0.229922
5.79391 0.230057
5.79722 0.2303
5.80053 0.230513
5.80384 0.230573
5.80715 0.230752
5.81047 0.230908
5.81378 0.231044
5.81709 0.231164
5.8204 0.231268
5.82371 0.23136
5.82703 0.23144
5.83034 0.23151
5.83365 0.231571
5.83696 0.2315
5.84027 0.231562
5.84359 0.231617
5.8469 0.23154
5.85021 0.231597
5.85352 0.231648
5.85683 0.231692
5.86015 0.23173
5.86346 0.231764
5.86677 0.231793
5.87008 0.231819
5.87339 0.231842
5.87671 0.231862
5.88002 0.231879
5.88333 0.231894
5.88664 0.231907
5.88995 0.231794
5.89327 0.23182
5.89658 0.231842
5.89989 0.231737
5.9032 0.23177
5.90651 0.231799
5.90983 0.231824
5.91314 0.231846
5.91645 0.231865
5.91976 0.231882
5.92307 0.231897
5.92639 0.23191
5.9297 0.231921
5.93301 0.231931
5.93632 0.231939
5.93963 0.232322
5.94295 0.232657
5.94626 0.23295
5.94957 0.233206
5.95288 0.23343
5.95619 0.233626
5.95951 0.233798
5.96282 0.233948
5.96613 0.234205
5.96944 0.234304
5.97275 0.234391
5.97607 0.234592
5.97938 0.234643
5.98269 0.234688
5.986 0.234852
5.98931 0.23487
5.99263 0.234887
5.99594 0.234901
5.99925 0.234913
6.00256 0.234924
6.00587 0.234934
6.00919 0.234942
6.0125 0.234949
6.01581 0.234955
6.01912 0.235086
6.02243 0.235075
6.02575 0.235066
6.02906 0.235183
6.03237 0.23516
6.03568 0.23514
6.03899 0.235122
6.04231 0.235107
6.04562 0.235094
6.04893 0.235082
6.05224 0.235072
6.05555 0.235063
6.05887 0.235055
6.06218 0.235048
6.06549 0.235042
6.0688 0.235037
6.07211 0.235157
6.07543 0.235138
6.07874 0.23512
6.08205 0.23523
6.08536 0.235202
6.08867 0.235176
6.09199 0.235154
6.0953 0.235135
6.09861 0.235493
6.10192 0.235806
6.10523 0.236206
6.10855 0.23643
6.11186 0.236626
6.11517 0.236923
6.11848 0.237058
6.12179 0.237175
6.1251 0.237403
6.12842 0.237603
6.13173 0.237653
6.13504 0.237821
6.13835 0.237968
6.14166 0.237972
6.14498 0.237976
6.14829 0.238104
6.1516 0.238091
6.15491 0.23808
6.15822 0.238195
6.16154 0.23817
6.16485 0.238149
6.16816 0.238255
6.17147 0.238223
6.17478 0.238195
6.1781 0.238296
6.18141 0.238384
6.18472 0.238336
6.18803 0.238419
6.19134 0.238492
6.19466 0.23843
6.19797 0.238376
6.20128 0.238454
6.20459 0.238398
6.2079 0.238348
6.21122 0.238429
6.21453 0.238376
6.21784 0.238329
6.22115 0.238413
6.22446 0.238361
6.22778 0.238316
6.23109 0.238401
6.2344 0.238476
6.23771 0.238417
6.24102 0.23849
6.24434 0.238553
6.24765 0.238484
6.25096 0.238424
6.25427 0.238496
6.25758 0.238434
6.2609 0.238755
6.26421 0.23916
6.26752 0.239515
6.27083 0.239701
6.27414 0.239988
6.27746 0.24024
6.28077 0.24046
6.28408 0.240652
6.28739 0.240821
6.2907 0.240968
6.29402 0.241097
6.29733 0.24121
6.30064 0.241309
6.30395 0.24127
6.30726 0.241361
6.31058 0.241441
6.31389 0.241386
6.3172 0.241463
6.32051 0.24153
6.32382 0.241464
6.32714 0.241531
6.33045 0.241589
6.33376 0.241641
6.33707 0.241686
6.34038 0.241725
6.3437 0.241759
6.34701 0.241789
6.35032 0.241816
6.35363 0.241839
6.35694 0.241734
6.36026 0.241767
6.36357 0.241796
6.36688 0.241697
6.37019 0.241735
6.3735 0.241768
6.37682 0.241672
6.38013 0.241713
6.38344 0.241749
6.38675 0.24178
6.39006 0.241808
6.39338 0.241832
6.39669 0.241853
6.4 0.241871
6.40331 0.241887
6.40662 0.241901
6.40994 0.241789
6.41325 0.241815
6.41656 0.241838
6.41987 0.241733
6.42318 0.242142
6.4265 0.242499
6.42981 0.242812
6.43312 0.243085
6.43643 0.243325
6.43974 0.243534
6.44306 0.243842
6.44637 0.243987
6.44968 0.244114
6.45299 0.244224
6.4563 0.244321
6.45962 0.244406
6.46293 0.24448
6.46624 0.244545
6.46955 0.244602
6.47286 0.244652
6.47618 0.244695
6.47949 0.244733
6.4828 0.244767
6.48611 0.244796
6.48942 0.244821
6.49274 0.244844
6.49605 0.244988
6.49936 0.24499
6.50267 0.244991
6.50598 0.244992
6.5093 0.244993
6.51261 0.244994
6.51592 0.244995
6.51923 0.244995
6.52254 0.244996
6.52586 0.244996
6.52917 0.244997
6.53248 0.244997
6.53579 0.244998
6.5391 0.244998
6.54242 0.244998
6.54573 0.244998
6.54904 0.245124
6.55235 0.245108
6.55566 0.245095
6.55898 0.245083
6.56229 0.245072
6.5656 0.245063
6.56891 0.245055
6.57222 0.245049
6.57554 0.245042
6.57885 0.245037
6.58216 0.245033
6.58547 0.245028
6.58878 0.2454
6.5921 0.24585
6.59541 0.246119
6.59872 0.246354
6.60203 0.246685
6.60534 0.246974
6.60866 0.247102
6.61197 0.247214
6.61528 0.247438
6.61859 0.247508
6.6219 0.247569
6.62522 0.247748
6.62853 0.24778
6.63184 0.247807
6.63515 0.247956
6.63846 0.247962
6.64178 0.247967
6.64509 0.248096
6.6484 0.248084
6.65171 0.248073
6.65502 0.248189
6.65834 0.248291
6.66165 0.248254
6.66496 0.248222
6.66827 0.24832
6.67158 0.24828
6.6749 0.248245
6.67821 0.248339
6.68152 0.248297
6.68483 0.24826
6.68814 0.248352
6.69146 0.248308
6.69477 0.24827
6.69808 0.248361
6.70139 0.248441
6.7047 0.248386
6.70802 0.248462
6.71133 0.24853
6.71464 0.248463
6.71795 0.248406
6.72126 0.24848
6.72458 0.24842
6.72789 0.248367
6.7312 0.248446
6.73451 0.248391
6.73782 0.248342
6.74114 0.248424
6.74445 0.248371
6.74776 0.248325
6.75107 0.248409
6.75438 0.248483
6.7577 0.248923
6.76101 0.249307
6.76432 0.249644
6.76763 0.249938
6.77094 0.250071
6.77426 0.250312
6.77757 0.250523
6.78088 0.250583
6.78419 0.25076
6.7875 0.250915
6.79082 0.250926
6.79413 0.25106
6.79744 0.251177
6.80075 0.251155
6.80406 0.251261
6.80738 0.251353
6.81069 0.251434
6.814 0.251505
6.81731 0.251567
6.82062 0.251621
6.82394 0.251543
6.82725 0.2516
6.83056 0.25165
6.83387 0.251569
6.83718 0.251623
6.8405 0.25167
6.84381 0.251586
6.84712 0.251638
6.85043 0.251683
6.85374 0.251598
6.85706 0.251648
6.86037 0.251692
6.86368 0.251731
6.86699 0.251639
6.8703 0.251684
6.87362 0.251724
6.87693 0.251633
6.88024 0.251679
6.88355 0.251719
6.88686 0.251629
6.89018 0.251676
6.89349 0.251716
6.8968 0.251627
6.90011 0.251673
6.90342 0.251714
6.90674 0.251625
6.91005 0.251672
6.91336 0.251713
6.91667 0.251749
6.91998 0.251655
6.9233 0.251698
6.92661 0.251736
6.92992 0.252144
6.93323 0.252501
6.93654 0.252813
6.93986 0.253087
6.94317 0.253326
6.94648 0.253535
6.94979 0.253718
6.9531 0.253878
6.95642 0.254019
6.95973 0.254141
6.96304 0.254249
6.96635 0.254343
6.96966 0.254425
6.97298 0.254497
6.97629 0.25456
6.9796 0.254615
6.98291 0.254663
6.98622 0.254705
6.98954 0.254742
6.99285 0.254774
6.99616 0.254802
6.99947 0.254827
7.00278 0.254849
7.0061 0.254868
7.00941 0.254884
7.01272 0.254899
7.01603 0.254911
7.01934 0.254922
7.02266 0.254932
7.02597 0.254941
7.02928 0.254948
7.03259 0.254954
7.0359 0.25496
7.03922 0.254965
7.04253 0.25497
7.04584 0.254973
7.04915 0.254977
7.05246 0.25498
7.05578 0.254982
7.05909 0.254984
7.0624 0.254986
7.06571 0.254988
7.06902 0.25499
7.07234 0.254991
7.07565 0.254992
7.07896 0.254993
7.08227 0.254994
7.08558 0.254995
7.0889 0.254995
7.09221 0.254996
7.09552 0.254996
7.09883 0.254997
7.10214 0.255497
7.10546 0.25581
7.10877 0.256084
7.11208 0.256448
7.11539 0.256642
7.1187 0.256812
7.12202 0.257086
7.12533 0.257325
7.12864 0.257409
7.13195 0.257483
7.13526 0.257673
7.13858 0.257714
7.14189 0.257749
7.1452 0.257906
7.14851 0.257918
7.15182 0.257928
7.15514 0.258062
7.15845 0.258054
7.16176 0.258047
7.16507 0.258166
7.16838 0.258146
7.1717 0.258127
7.17501 0.258236
7.17832 0.258332
7.18163 0.25829
7.18494 0.258254
7.18826 0.258347
7.19157 0.258304
7.19488 0.258266
7.19819 0.258358
7.2015 0.258313
7.20482 0.258274
7.20813 0.258365
7.21144 0.258319
7.21475 0.258279
7.21806 0.258369
7.22138 0.258323
7.22469 0.258283
7.228 0.258372
7.23131 0.258451
7.23462 0.258394
7.23794 0.258345
7.24125 0.258427
7.24456 0.258374
7.24787 0.258327
7.25118 0.258411
7.2545 0.25836
7.25781 0.258315
7.26112 0.2584
7.26443 0.25835
7.26774 0.258307
7.27106 0.258393
7.27437 0.258344
7.27768 0.258676
7.28099 0.258967
7.2843 0.259346
7.28762 0.259678
7.29093 0.259843
7.29424 0.260112
7.29755 0.260348
7.30086 0.26043
7.30418 0.260626
7.30749 0.260798
7.3108 0.260823
7.31411 0.26097
7.31742 0.261099
7.32074 0.261087
7.32405 0.261201
7.32736 0.261301
7.33067 0.261263
7.33398 0.26123
7.3373 0.261326
7.34061 0.261411
7.34392 0.261359
7.34723 0.261439
7.35054 0.261509
7.35386 0.261446
7.35717 0.261515
7.36048 0.261576
7.36379 0.261504
7.3671 0.261566
7.37042 0.26162
7.37373 0.261543
7.37704 0.2616
7.38035 0.26165
7.38366 0.261569
7.38698 0.261497
7.39029 0.26156
7.3936 0.261615
7.39691 0.261538
7.40022 0.261596
7.40354 0.261647
7.40685 0.261566
7.41016 0.26162
7.41347 0.261668
7.41678 0.261584
7.4201 0.261636
7.42341 0.261682
7.42672 0.261596
7.43003 0.261647
7.43334 0.261691
7.43666 0.261605
7.43997 0.261529
7.44328 0.261588
7.44659 0.261639
7.4499 0.261559
7.45322 0.26199
7.45653 0.262366
7.45984 0.262695
7.46315 0.262983
7.46646 0.263235
7.46978 0.263456
7.47309 0.263649
7.4764 0.263818
7.47971 0.263966
7.48302 0.264095
7.48634 0.264208
7.48965 0.264307
7.49296 0.264269
7.49627 0.26436
7.49958 0.26444
7.5029 0.26451
7.50621 0.264571
7.50952 0.264625
7.51283 0.264672
7.51614 0.264713
7.51946 0.264749
7.52277 0.26478
7.52608 0.264808
7.52939 0.264832
7.5327 0.264853
7.53602 0.264871
7.53933 0.264887
7.54264 0.264901
7.54595 0.264914
7.54926 0.264924
7.55258 0.264934
7.55589 0.264942
7.5592 0.264949
7.56251 0.264956
7.56582 0.264961
7.56914 0.264966
7.57245 0.26497
7.57576 0.264974
7.57907 0.264977
7.58238 0.26498
7.5857 0.264983
7.58901 0.264985
7.59232 0.264987
7.59563 0.264988
7.59894 0.26499
7.60226 0.264991
7.60557 0.264992
7.60888 0.264993
7.61219 0.264994
7.6155 0.264995
7.61882 0.264995
7.62213 0.264996
7.62544 0.264996
7.62875 0.264997
7.63206 0.265497
7.63538 0.26581
7.63869 0.266084
7.642 0.266448
7.64531 0.266642
7.64862 0.266812
7.65194 0.266961
7.65525 0.267215
7.65856 0.267314
7.66187 0.267399
7.66518 0.267599
7.6685 0.267649
7.67181 0.267693
7.67512 0.267857
7.67843 0.267875
7.68174 0.26789
7.68506 0.268029
7.68837 0.268025
7.69168 0.268022
7.69499 0.268019
7.6983 0.268017
7.70162 0.268015
7.70493 0.268013
7.70824 0.268136
7.71155 0.268119
7.71486 0.268104
7.71818 0.268216
7.72149 0.268189
7.7248 0.268166
7.72811 0.26827
7.73142 0.268236
7.73474 0.268207
7.73805 0.268306
7.74136 0.268268
7.74467 0.268234
7.74798 0.268205
7.7513 0.268179
7.75461 0.268157
7.75792 0.268137
7.76123 0.268245
7.76454 0.268214
7.76786 0.268188
7.77117 0.268289
7.77448 0.268253
7.77779 0.268221
7.7811 0.268319
7.78442 0.268279
7.78773 0.268244
7.79104 0.268339
7.79435 0.268296
7.79766 0.268259
7.80098 0.268227
7.80429 0.268198
7.8076 0.268174
7.81091 0.268152
7.81422 0.268633
7.81754 0.269054
7.82085 0.269297
7.82416 0.269635
7.82747 0.269931
7.83078 0.270064
7.8341 0.270306
7.83741 0.270518
7.84072 0.270578
7.84403 0.270756
7.84734 0.270911
7.85066 0.270923
7.85397 0.270932
7.85728 0.271066
7.86059 0.271057
7.8639 0.27105
7.86722 0.271169
7.87053 0.271273
7.87384 0.271239
7.87715 0.271334
7.88046 0.271417
7.88378 0.271365
7.88709 0.271444
7.8904 0.271514
7.89371 0.27145
7.89702 0.271518
7.90034 0.271579
7.90365 0.271506
7.90696 0.271443
7.91027 0.271513
7.91358 0.271449
7.9169 0.271392
7.92021 0.271468
7.92352 0.271535
7.92683 0.271468
7.93014 0.271535
7.93346 0.271593
7.93677 0.271519
7.94008 0.271579
7.94339 0.271631
7.9467 0.271553
7.95002 0.271608
7.95333 0.271657
7.95664 0.271575
7.95995 0.271503
7.96326 0.271565
7.96658 0.27162
7.96989 0.271542
7.9732 0.271599
7.97651 0.27165
7.97982 0.271568
7.98314 0.271622
7.98645 0.27167
7.98976 0.271586
7.99307 0.271638
7.99638 0.271683
7.9997 0.272098
8.00301 0.27246
8.00632 0.272778
8.00963 0.273056
8.01294 0.273174
8.01626 0.273402
8.01957 0.273602
8.02288 0.273776
8.02619 0.273929
8.0295 0.274063
8.03282 0.27418
8.03613 0.274283
8.03944 0.274372
8.04275 0.274451
8.04606 0.27452
8.04938 0.27458
8.05269 0.274632
8.056 0.274553
8.05931 0.274609
8.06262 0.274658
8.06594 0.274576
8.06925 0.274629
8.07256 0.274675
8.07587 0.274716
8.07918 0.274751
8.0825 0.274782
8.08581 0.27481
8.08912 0.274833
8.09243 0.274854
8.09574 0.274872
8.09906 0.274888
8.10237 0.274902
8.10568 0.274915
8.10899 0.2748
8.1123 0.274825
8.11562 0.274847
8.11893 0.274741
8.12224 0.274774
8.12555 0.274802
8.12886 0.274827
8.13218 0.274848
8.13549 0.274867
8.1388 0.274884
8.14211 0.274898
8.14542 0.274911
8.14874 0.274922
8.15205 0.274932
8.15536 0.27494
8.15867 0.274948
8.16198 0.274829
8.1653 0.274851
8.16861 0.274869
8.17192 0.274761
8.17523 0.274791
8.17854 0.274817
8.18186 0.27484
8.18517 0.27536
8.18848 0.27569
8.19179 0.275979
8.1951 0.276356
8.19842 0.276562
8.20173 0.276741
8.20504 0.277024
8.20835 0.277146
8.21166 0.277253
8.21498 0.277346
8.21829 0.277428
8.2216 0.277499
8.22491 0.277562
8.22822 0.277617
8.23154 0.277665
8.23485 0.277706
8.23816 0.277868
8.24147 0.277885
8.24478 0.277899
8.2481 0.278037
8.25141 0.278032
8.25472 0.278028
8.25803 0.27815
8.26134 0.278131
8.26466 0.278115
8.26797 0.2781
8.27128 0.278088
8.27459 0.278077
8.2779 0.278067
8.28122 0.278059
8.28453 0.278051
8.28784 0.278045
8.29115 0.278164
8.29446 0.278144
8.29778 0.278126
8.30109 0.278235
8.3044 0.278206
8.30771 0.27818
8.31102 0.278282
8.31434 0.278247
8.31765 0.278216
8.32096 0.278189
8.32427 0.278166
8.32758 0.278145
8.3309 0.278127
8.33421 0.278236
8.33752 0.278206
8.34083 0.278181
8.34414 0.278283
8.34746 0.278248
8.35077 0.278217
8.35408 0.278315
8.35739 0.278275
8.3607 0.278241
8.36402 0.278336
8.36733 0.278294
8.37064 0.278257
8.37395 0.2786
8.37726 0.279025
8.38058 0.279272
8.38389 0.279488
8.3872 0.279802
8.39051 0.280077
8.39382 0.280192
8.39714 0.280418
8.40045 0.280616
8.40376 0.280664
8.40707 0.280831
8.41038 0.280977
8.4137 0.28098
8.41701 0.281107
8.42032 0.281219
8.42363 0.281192
8.42694 0.281168
8.43026 0.281272
8.43357 0.281238
8.43688 0.281208
8.44019 0.281307
8.4435 0.281394
8.44682 0.281344
8.45013 0.281426
8.45344 0.281498
8.45675 0.281436
8.46006 0.281506
8.46338 0.281568
8.46669 0.281497
8.47 0.281435
8.47331 0.281506
8.47662 0.281442
8.47994 0.281387
8.48325 0.281464
8.48656 0.281406
8.48987 0.281355
8.49318 0.281436
8.4965 0.281506
8.49981 0.281443
8.50312 0.281513
8.50643 0.281573
8.50974 0.281502
8.51306 0.281564
8.51637 0.281619
8.51968 0.281541
8.52299 0.281474
8.5263 0.281539
8.52962 0.281472
8.53293 0.281413
8.53624 0.281486
8.53955 0.281426
8.54286 0.281372
8.54618 0.281451
8.54949 0.281519
8.5528 0.281455
8.55611 0.281523
8.55942 0.281582
8.56274 0.28201
8.56605 0.282383
8.56936 0.28271
8.57267 0.282997
8.57598 0.283122
8.5793 0.283357
8.58261 0.283562
8.58592 0.283617
8.58923 0.28379
8.59254 0.283941
8.59586 0.283948
8.59917 0.28408
8.60248 0.284195
8.60579 0.284296
8.6091 0.284384
8.61242 0.284461
8.61573 0.284528
8.61904 0.284587
8.62235 0.284639
8.62566 0.284684
8.62898 0.284598
8.63229 0.284649
8.6356 0.284692
8.63891 0.284606
8.64222 0.284655
8.64554 0.284698
8.64885 0.284611
8.65216 0.28466
8.65547 0.284702
8.65878 0.284739
8.6621 0.284772
8.66541 0.2848
8.66872 0.284825
8.67203 0.284847
8.67534 0.284866
8.67866 0.284883
8.68197 0.284773
8.68528 0.284801
8.68859 0.284826
8.6919 0.284723
8.69522 0.284757
8.69853 0.284788
8.70184 0.284689
8.70515 0.284728
8.70846 0.284762
8.71178 0.284792
8.71509 0.284818
8.7184 0.284841
8.72171 0.284861
8.72502 0.284878
8.72834 0.284893
8.73165 0.284907
8.73496 0.284793
8.73827 0.284819
8.74158 0.284842
8.7449 0.284736
8.74821 0.284769
8.75152 0.284798
8.75483 0.285198
8.75814 0.285674
8.76146 0.285964
8.76477 0.286219
8.76808 0.286567
8.77139 0.286746
8.7747 0.286902
8.77802 0.287165
8.78133 0.287269
8.78464 0.28736
8.78795 0.28744
8.79126 0.28751
8.79458 0.287572
8.79789 0.287625
8.8012 0.287672
8.80451 0.287713
8.80782 0.287749
8.81114 0.287905
8.81445 0.287917
8.81776 0.287927
8.82107 0.288062
8.82438 0.288054
8.8277 0.288047
8.83101 0.288166
8.83432 0.288145
8.83763 0.288127
8.84094 0.288111
8.84426 0.288097
8.84757 0.288085
8.85088 0.288075
8.85419 0.288065
8.8575 0.288057
8.86082 0.28805
8.86413 0.288169
8.86744 0.288148
8.87075 0.288129
8.87406 0.288238
8.87738 0.288208
8.88069 0.288182
8.884 0.288159
8.88731 0.28814
8.89062 0.288122
8.89394 0.288107
8.89725 0.288093
8.90056 0.288082
8.90387 0.288072
8.90718 0.288063
8.9105 0.288055
8.91381 0.288048
8.91712 0.288167
8.92043 0.288146
8.92374 0.288128
8.92706 0.288237
8.93037 0.288207
8.93368 0.288181
8.93699 0.288159
8.9403 0.288139
8.94362 0.288121
8.94693 0.288106
8.95024 0.288593
8.95355 0.288894
8.95686 0.289157
8.96018 0.289513
8.96349 0.289698
8.9668 0.289861
8.97011 0.290128
8.97342 0.290362
8.97674 0.290442
8.98005 0.290637
8.98336 0.290807
8.98667 0.290831
8.98998 0.290852
8.9933 0.290996
8.99661 0.290996
8.99992 0.290997
9.00323 0.291122
9.00654 0.291107
9.00986 0.291094
9.01317 0.291207
9.01648 0.291181
9.01979 0.291158
9.0231 0.291264
9.02642 0.291356
9.02973 0.291311
9.03304 0.291397
9.03635 0.291473
9.03966 0.291414
9.04298 0.291362
9.04629 0.291442
9.0496 0.291386
9.05291 0.291338
9.05622 0.291421
9.05954 0.291368
9.06285 0.291322
9.06616 0.291407
9.06947 0.291356
9.07278 0.291312
9.0761 0.291398
9.07941 0.291473
9.08272 0.291414
9.08603 0.291487
9.08934 0.291551
9.09266 0.291482
9.09597 0.291422
9.09928 0.291494
9.10259 0.291432
9.1059 0.291378
9.10922 0.291456
9.11253 0.291399
9.11584 0.291349
9.11915 0.291431
9.12246 0.291377
9.12578 0.29133
9.12909 0.291413
9.1324 0.291487
9.13571 0.291426
9.13902 0.291498
9.14234 0.29156
9.14565 0.29149
9.14896 0.291804
9.15227 0.292204
9.15558 0.292553
9.1589 0.292734
9.16221 0.293017
9.16552 0.293265
9.16883 0.293357
9.17214 0.293562
9.17546 0.293742
9.17877 0.293899
9.18208 0.294037
9.18539 0.294157
9.1887 0.294263
9.19202 0.294355
9.19533 0.294435
9.19864 0.294506
9.20195 0.294443
9.20526 0.294512
9.20858 0.294573
9.21189 0.294502
9.2152 0.294564
9.21851 0.294618
9.22182 0.294541
9.22514 0.294599
9.22845 0.294649
9.23176 0.294693
9.23507 0.294731
9.23838 0.294765
9.2417 0.294794
9.24501 0.29482
9.24832 0.294842
9.25163 0.294862
9.25494 0.294754
9.25826 0.294785
9.26157 0.294812
9.26488 0.29471
9.26819 0.294747
9.2715 0.294778
9.27482 0.294681
9.27813 0.294721
9.28144 0.294756
9.28475 0.294786
9.28806 0.294813
9.29138 0.294836
9.29469 0.294857
9.298 0.29475
9.30131 0.294781
9.30462 0.294808
9.30794 0.294707
9.31125 0.294744
9.31456 0.294776
9.31787 0.294679
9.32118 0.294719
9.3245 0.294754
9.32781 0.29466
9.33112 0.294702
9.33443 0.29474
9.33774 0.294772
9.34106 0.294801
9.34437 0.294826
9.34768 0.295222
9.35099 0.29557
9.3543 0.295873
9.35762 0.296139
9.36093 0.296372
9.36424 0.296575
9.36755 0.296753
9.37086 0.296909
9.37418 0.297046
9.37749 0.297165
9.3808 0.297269
9.38411 0.297361
9.38742 0.297441
9.39074 0.29751
9.39405 0.297697
9.39736 0.297735
9.40067 0.297768
9.40398 0.297797
9.4073 0.297822
9.41061 0.297844
9.41392 0.297864
9.41723 0.297881
9.42054 0.297896
9.42386 0.297909
9.42717 0.29792
9.43048 0.29793
9.43379 0.297939
9.4371 0.297947
9.44041 0.297953
9.44373 0.297959
9.44704 0.298089
9.45035 0.298078
9.45366 0.298068
9.45697 0.29806
9.46029 0.298052
9.4636 0.298046
9.46691 0.29804
9.47022 0.298035
9.47353 0.298031
9.47685 0.298027
9.48016 0.298023
9.48347 0.298021
9.48678 0.298018
9.49009 0.298016
9.49341 0.298014
9.49672 0.298012
9.50003 0.298136
9.50334 0.298119
9.50665 0.298104
9.50997 0.298091
9.51328 0.298079
9.51659 0.29807
9.5199 0.298061
9.52321 0.298053
9.52653 0.298047
9.52984 0.298041
9.53315 0.298036
9.53646 0.298031
9.53977 0.298027
9.54309 0.298024
9.5464 0.298021
9.54971 0.298393
9.55302 0.298844
9.55633 0.299239
9.55965 0.299459
9.56296 0.299651
9.56627 0.299945
9.56958 0.300077
9.57289 0.300192
9.57621 0.300418
9.57952 0.300491
9.58283 0.300555
9.58614 0.300735
9.58945 0.300768
9.59277 0.300797
9.59608 0.300948
9.59939 0.301079
9.6027 0.301069
9.60601 0.301186
9.60933 0.301287
9.61264 0.301251
9.61595 0.30122
9.61926 0.301318
9.62257 0.301278
9.62589 0.301243
9.6292 0.301338
9.63251 0.301296
9.63582 0.301259
9.63913 0.301351
9.64245 0.301307
9.64576 0.301269
9.64907 0.30136
9.65238 0.30144
9.65569 0.301385
9.65901 0.301462
9.66232 0.301529
9.66563 0.301463
9.66894 0.301405
9.67225 0.30148
9.67557 0.30142
9.67888 0.301367
9.68219 0.301446
9.6855 0.301391
9.68881 0.301342
9.69213 0.301424
9.69544 0.301371
9.69875 0.301325
9.70206 0.301409
9.70537 0.301483
9.70869 0.301423
9.712 0.30137
9.71531 0.301449
9.71862 0.301392
9.72193 0.301343
9.72525 0.301425
9.72856 0.301372
9.73187 0.301326
9.73518 0.30141
9.73849 0.301359
9.74181 0.301314
9.74512 0.3014
9.74843 0.30135
9.75174 0.301681
9.75505 0.302096
9.75837 0.302459
9.76168 0.302777
9.76499 0.302929
9.7683 0.303188
9.77161 0.303415
9.77493 0.303488
9.77824 0.303677
9.78155 0.303842
9.78486 0.303862
9.78817 0.304004
9.79149 0.304129
9.7948 0.304113
9.79811 0.304224
9.80142 0.304321
9.80473 0.304281
9.80805 0.30437
9.81136 0.304449
9.81467 0.304518
9.81798 0.304453
9.82129 0.304522
9.82461 0.304581
9.82792 0.304509
9.83123 0.30457
9.83454 0.304624
9.83785 0.304546
9.84117 0.304603
9.84448 0.304652
9.84779 0.304571
9.8511 0.304624
9.85441 0.304671
9.85773 0.304587
9.86104 0.304639
9.86435 0.304684
9.86766 0.304724
9.87097 0.304633
9.87429 0.304679
9.8776 0.304719
9.88091 0.304629
9.88422 0.304676
9.88753 0.304716
9.89085 0.304627
9.89416 0.304673
9.89747 0.304714
9.90078 0.304625
9.90409 0.304672
9.90741 0.304713
9.91072 0.304624
9.91403 0.304671
9.91734 0.304712
9.92065 0.304748
9.92397 0.304654
9.92728 0.304698
9.93059 0.304735
9.9339 0.304643
9.93721 0.304688
9.94053 0.304727
9.94384 0.304636
9.94715 0.304682
9.95046 0.304721
9.95377 0.304631
9.95709 0.305052
9.9604 0.305421
9.96371 0.305743
9.96702 0.306025
9.97033 0.306272
9.97365 0.306488
9.97696 0.306677
9.98027 0.306842
9.98358 0.306987
9.98689 0.307114
9.99021 0.307225
9.99352 0.307321
9.99683 0.307406
10.0001 0.307481
10.0035 0.307545
10.0068 0.307602
10.0101 0.307652
10.0134 0.307695
10.0167 0.307734
10.02 0.307892
10.0233 0.307905
10.0266 0.307917
10.03 0.307928
10.0333 0.307937
10.0366 0.307945
10.0399 0.307951
10.0432 0.307958
10.0465 0.307963
10.0498 0.307967
10.0531 0.307972
10.0564 0.307975
10.0598 0.307978
10.0631 0.307981
10.0664 0.307983
10.0697 0.307985
10.073 0.308112
10.0763 0.308098
10.0796 0.308086
10.0829 0.308075
10.0863 0.308066
10.0896 0.308058
10.0929 0.30805
10.0962 0.308044
10.0995 0.308039
10.1028 0.308034
10.1061 0.30803
10.1094 0.308026
10.1128 0.308023
10.1161 0.30802
10.1194 0.308017
10.1227 0.308015
10.126 0.308013
10.1293 0.308012
10.1326 0.30801
10.1359 0.308009
10.1392 0.308008
10.1426 0.308007
10.1459 0.308006
10.1492 0.308005
10.1525 0.308005
10.1558 0.308004
10.1591 0.308003
10.1624 0.308003
10.1657 0.308378
10.1691 0.30883
10.1724 0.309102
10.1757 0.309339
10.179 0.309547
10.1823 0.309853
10.1856 0.309997
10.1889 0.310122
10.1922 0.310357
10.1956 0.310437
10.1989 0.310508
10.2022 0.310694
10.2055 0.310732
10.2088 0.310766
10.2121 0.31092
10.2154 0.31093
10.2187 0.310939
10.222 0.311071
10.2254 0.311063
10.2287 0.311055
10.232 0.311048
10.2353 0.311167
10.2386 0.311146
10.2419 0.311128
10.2452 0.311237
10.2485 0.311207
10.2519 0.311181
10.2552 0.311284
10.2585 0.311248
10.2618 0.311217
10.2651 0.311315
10.2684 0.311276
10.2717 0.311241
10.275 0.311336
10.2784 0.311294
10.2817 0.311257
10.285 0.311225
10.2883 0.311322
10.2916 0.311282
10.2949 0.311247
10.2982 0.311341
10.3015 0.311298
10.3048 0.311261
10.3082 0.311353
10.3115 0.311309
10.3148 0.31127
10.3181 0.311362
10.3214 0.311316
10.3247 0.311277
10.328 0.311367
10.3313 0.311321
10.3347 0.311281
10.338 0.311246
10.3413 0.31134
10.3446 0.311298
10.3479 0.311261
10.3512 0.311353
10.3545 0.311309
10.3578 0.31127
10.3612 0.311361
10.3645 0.311316
10.3678 0.311277
10.3711 0.311367
10.3744 0.311321
10.3777 0.311656
10.381 0.312074
10.3843 0.31244
10.3876 0.312635
10.391 0.312805
10.3943 0.31308
10.3976 0.31332
10.4009 0.313405
10.4042 0.313604
10.4075 0.313779
10.4108 0.313806
10.4141 0.313956
10.4175 0.314086
10.4208 0.314075
10.4241 0.314191
10.4274 0.314292
10.4307 0.314256
10.434 0.314349
10.4373 0.31443
10.4406 0.314501
10.444 0.314439
10.4473 0.314509
10.4506 0.31457
10.4539 0.314499
10.4572 0.314562
10.4605 0.314616
10.4638 0.314539
10.4671 0.314597
10.4704 0.314647
10.4738 0.314566
10.4771 0.314621
10.4804 0.314668
10.4837 0.314585
10.487 0.314636
10.4903 0.314682
10.4936 0.314722
10.4969 0.314631
10.5003 0.314678
10.5036 0.314718
10.5069 0.314628
10.5102 0.314675
10.5135 0.314715
10.5168 0.314626
10.5201 0.314673
10.5234 0.314714
10.5268 0.314624
10.5301 0.314671
10.5334 0.314712
10.5367 0.314623
10.54 0.314545
10.5433 0.314602
10.5466 0.314652
10.5499 0.31457
10.5532 0.314624
10.5566 0.314671
10.5599 0.314587
10.5632 0.314639
10.5665 0.314684
10.5698 0.314598
10.5731 0.314649
10.5764 0.314693
10.5797 0.314606
10.5831 0.314655
10.5864 0.314698
10.5897 0.315111
10.593 0.315347
10.5963 0.315679
10.5996 0.315969
10.6029 0.316223
10.6062 0.316445
10.6096 0.316639
10.6129 0.316809
10.6162 0.316958
10.6195 0.317088
10.6228 0.317202
10.6261 0.317302
10.6294 0.317389
10.6327 0.317466
10.636 0.317532
10.6394 0.317591
10.6427 0.317642
10.646 0.317562
10.6493 0.317617
10.6526 0.317664
10.6559 0.317706
10.6592 0.317743
10.6625 0.317775
10.6659 0.317803
10.6692 0.317828
10.6725 0.317849
10.6758 0.317868
10.6791 0.317885
10.6824 0.317899
10.6857 0.317912
10.689 0.317923
10.6924 0.317932
10.6957 0.317941
10.699 0.317823
10.7023 0.317845
10.7056 0.317865
10.7089 0.317882
10.7122 0.317896
10.7155 0.317909
10.7188 0.317921
10.7222 0.317931
10.7255 0.317939
10.7288 0.317947
10.7321 0.317954
10.7354 0.317959
10.7387 0.317964
10.742 0.317969
10.7453 0.317973
10.7487 0.317976
10.752 0.317854
10.7553 0.317872
10.7586 0.317888
10.7619 0.317902
10.7652 0.317914
10.7685 0.317925
10.7718 0.317935
10.7752 0.317943
10.7785 0.31795
10.7818 0.317956
10.7851 0.317962
10.7884 0.317966
10.7917 0.317971
10.795 0.317974
10.7983 0.317978
10.8016 0.31798
10.805 0.318358
10.8083 0.318688
10.8116 0.318977
10.8149 0.31923
10.8182 0.319576
10.8215 0.319754
10.8248 0.31991
10.8281 0.320171
10.8315 0.320275
10.8348 0.320365
10.8381 0.32057
10.8414 0.320624
10.8447 0.320671
10.848 0.320837
10.8513 0.320857
10.8546 0.320875
10.858 0.320891
10.8613 0.321029
10.8646 0.321026
10.8679 0.321022
10.8712 0.321145
10.8745 0.321127
10.8778 0.321111
10.8811 0.321222
10.8844 0.321194
10.8878 0.32117
10.8911 0.321274
10.8944 0.321239
10.8977 0.32121
10.901 0.321308
10.9043 0.32127
10.9076 0.321236
10.9109 0.321207
10.9143 0.321306
10.9176 0.321268
10.9209 0.321234
10.9242 0.32133
10.9275 0.321289
10.9308 0.321253
10.9341 0.321346
10.9374 0.321303
10.9408 0.321265
10.9441 0.321357
10.9474 0.321312
10.9507 0.321273
10.954 0.321239
10.9573 0.321209
10.9606 0.321183
10.9639 0.32116
10.9672 0.321265
10.9706 0.321232
10.9739 0.321203
10.9772 0.321303
10.9805 0.321265
10.9838 0.321232
10.9871 0.321328
10.9904 0.321287
10.9937 0.321251
10.9971 0.321345
11.0004 0.321301
11.0037 0.321264
11.007 0.321231
11.0103 0.321202
11.0136 0.321177
11.0169 0.321155
11.0202 0.321635
11.0236 0.322056
11.0269 0.322299
11.0302 0.322637
11.0335 0.322932
11.0368 0.323065
11.0401 0.323307
11.0434 0.323519
11.0467 0.323579
11.05 0.323757
11.0534 0.323912
11.0567 0.323923
11.06 0.323933
11.0633 0.324066
11.0666 0.324058
11.0699 0.324051
11.0732 0.324169
11.0765 0.324273
11.0799 0.324239
11.0832 0.324334
11.0865 0.324417
11.0898 0.324365
11.0931 0.324445
11.0964 0.324514
11.0997 0.32445
11.103 0.324518
11.1063 0.324579
11.1097 0.324506
11.113 0.324443
11.1163 0.324513
11.1196 0.324449
11.1229 0.324393
11.1262 0.324468
11.1295 0.324535
11.1328 0.324468
11.1362 0.324535
11.1395 0.324593
11.1428 0.324519
11.1461 0.324579
11.1494 0.324631
11.1527 0.324553
11.156 0.324608
11.1593 0.324657
11.1627 0.324575
11.166 0.324503
11.1693 0.324565
11.1726 0.324495
11.1759 0.324433
11.1792 0.324504
11.1825 0.324566
11.1858 0.324495
11.1891 0.324558
11.1925 0.324613
11.1958 0.324537
11.1991 0.324595
11.2024 0.324645
11.2057 0.324565
11.209 0.324619
11.2123 0.324667
11.2156 0.324583
11.219 0.32451
11.2223 0.324572
11.2256 0.3245
11.2289 0.324438
11.2322 0.324508
11.2355 0.324569
11.2388 0.324998
11.2421 0.325373
11.2455 0.325702
11.2488 0.325989
11.2521 0.32624
11.2554 0.32646
11.2587 0.326653
11.262 0.326821
11.2653 0.326969
11.2686 0.327098
11.2719 0.327085
11.2753 0.3272
11.2786 0.3273
11.2819 0.327387
11.2852 0.327464
11.2885 0.327531
11.2918 0.327589
11.2951 0.327641
11.2984 0.327686
11.3018 0.327725
11.3051 0.327759
11.3084 0.327789
11.3117 0.327816
11.315 0.327839
11.3183 0.327859
11.3216 0.327877
11.3249 0.327767
11.3283 0.327796
11.3316 0.327822
11.3349 0.327844
11.3382 0.327863
11.3415 0.32788
11.3448 0.327895
11.3481 0.327909
11.3514 0.32792
11.3547 0.32793
11.3581 0.327939
11.3614 0.327946
11.3647 0.327953
11.368 0.327834
11.3713 0.327855
11.3746 0.327873
11.3779 0.327764
11.3812 0.327793
11.3846 0.327819
11.3879 0.327842
11.3912 0.327862
11.3945 0.327879
11.3978 0.327894
11.4011 0.327907
11.4044 0.327919
11.4077 0.327929
11.4111 0.327938
11.4144 0.327946
11.4177 0.327952
11.421 0.327833
11.4243 0.327854
11.4276 0.327872
11.4309 0.327763
11.4342 0.327793
11.4375 0.327819
11.4409 0.327841
11.4442 0.327861
11.4475 0.327879
11.4508 0.327894
11.4541 0.327907
11.4574 0.327919
11.4607 0.328304
11.464 0.328766
11.4674 0.329045
11.4707 0.329289
11.474 0.329503
11.4773 0.32969
11.4806 0.329854
11.4839 0.329997
11.4872 0.330123
11.4905 0.330232
11.4939 0.330328
11.4972 0.330537
11.5005 0.330595
11.5038 0.330646
11.5071 0.330815
11.5104 0.330838
11.5137 0.330858
11.517 0.331001
11.5203 0.331001
11.5237 0.331001
11.527 0.331001
11.5303 0.331001
11.5336 0.331001
11.5369 0.331
11.5402 0.331
11.5435 0.331
11.5468 0.331
11.5502 0.331125
11.5535 0.33111
11.5568 0.331096
11.5601 0.331209
11.5634 0.331183
11.5667 0.33116
11.57 0.331265
11.5733 0.331232
11.5767 0.331203
11.58 0.331178
11.5833 0.331155
11.5866 0.331136
11.5899 0.331119
11.5932 0.331104
11.5965 0.331091
11.5998 0.33108
11.6031 0.331195
11.6065 0.33117
11.6098 0.331149
11.6131 0.331255
11.6164 0.331224
11.6197 0.331196
11.623 0.331296
11.6263 0.331259
11.6296 0.331227
11.633 0.331198
11.6363 0.331174
11.6396 0.331152
11.6429 0.331133
11.6462 0.331116
11.6495 0.331102
11.6528 0.331089
11.6561 0.331203
11.6595 0.331178
11.6628 0.331155
11.6661 0.331261
11.6694 0.331228
11.6727 0.3312
11.676 0.3313
11.6793 0.331262
11.6826 0.33123
11.6859 0.331576
11.6893 0.332004
11.6926 0.332253
11.6959 0.332472
11.6992 0.332788
11.7025 0.333064
11.7058 0.333181
11.7091 0.333409
11.7124 0.333608
11.7158 0.333657
11.7191 0.333824
11.7224 0.333971
11.7257 0.333975
11.729 0.334103
11.7323 0.334215
11.7356 0.334188
11.7389 0.334165
11.7423 0.334269
11.7456 0.334236
11.7489 0.334206
11.7522 0.334305
11.7555 0.334392
11.7588 0.334343
11.7621 0.334425
11.7654 0.334497
11.7687 0.334435
11.7721 0.334506
11.7754 0.334567
11.7787 0.334496
11.782 0.334434
11.7853 0.334505
11.7886 0.334442
11.7919 0.334387
11.7952 0.334463
11.7986 0.334405
11.8019 0.334355
11.8052 0.334435
11.8085 0.334506
11.8118 0.334443
11.8151 0.334512
11.8184 0.334573
11.8217 0.334502
11.8251 0.334564
11.8284 0.334618
11.8317 0.334541
11.835 0.334474
11.8383 0.334539
11.8416 0.334472
11.8449 0.334413
11.8482 0.334486
11.8515 0.334426
11.8549 0.334372
11.8582 0.334451
11.8615 0.334519
11.8648 0.334455
11.8681 0.334523
11.8714 0.334582
11.8747 0.33451
11.878 0.334571
11.8814 0.334625
11.8847 0.334546
11.888 0.334478
11.8913 0.334543
11.8946 0.334475
11.8979 0.334416
11.9012 0.334489
11.9045 0.334428
11.9079 0.334374
11.9112 0.334828
11.9145 0.335224
11.9178 0.335571
11.9211 0.335875
11.9244 0.33614
11.9277 0.336373
11.931 0.336576
11.9343 0.336754
11.9377 0.33691
11.941 0.336921
11.9443 0.337056
11.9476 0.337174
11.9509 0.337152
11.9542 0.337258
11.9575 0.337351
11.9608 0.337307
11.9642 0.337394
11.9675 0.337469
11.9708 0.337536
11.9741 0.337594
11.9774 0.337645
11.9807 0.337689
11.984 0.337728
11.9873 0.337762
11.9907 0.337792
11.994 0.337693
11.9973 0.337731
12.0006 0.337765
12.0039 0.337669
12.0072 0.33771
12.0105 0.337747
12.0138 0.337653
12.0171 0.337697
12.0205 0.337735
12.0238 0.337768
12.0271 0.337797
12.0304 0.337822
12.0337 0.337844
12.037 0.337864
12.0403 0.337881
12.0436 0.337896
12.047 0.337784
12.0503 0.337811
12.0536 0.337834
12.0569 0.33773
12.0602 0.337764
12.0635 0.337793
12.0668 0.337694
12.0701 0.337732
12.0735 0.337766
12.0768 0.337795
12.0801 0.337821
12.0834 0.337843
12.0867 0.337863
12.09 0.33788
12.0933 0.337895
12.0966 0.337908
12.0999 0.337795
12.1033 0.33782
12.1066 0.337843
12.1099 0.337737
12.1132 0.33777
12.1165 0.337799
12.1198 0.337824
12.1231 0.337846
12.1264 0.337865
12.1298 0.337882
12.1331 0.337897
12.1364 0.33791
12.1397 0.338296
12.143 0.338759
12.1463 0.339039
12.1496 0.339284
12.1529 0.339499
12.1563 0.339686
12.1596 0.339851
12.1629 0.339994
12.1662 0.34012
12.1695 0.34023
12.1728 0.340326
12.1761 0.340535
12.1794 0.340594
12.1827 0.340644
12.1861 0.340814
12.1894 0.340837
12.1927 0.340857
12.196 0.340875
12.1993 0.340891
12.2026 0.340904
12.2059 0.340916
12.2092 0.340927
12.2126 0.340936
12.2159 0.340944
12.2192 0.340951
12.2225 0.340957
12.2258 0.340962
12.2291 0.341092
12.2324 0.341081
12.2357 0.341071
12.2391 0.341187
12.2424 0.341163
12.2457 0.341143
12.249 0.341125
12.2523 0.341109
12.2556 0.341096
12.2589 0.341084
12.2622 0.341073
12.2655 0.341064
12.2689 0.341056
12.2722 0.341049
12.2755 0.341043
12.2788 0.341038
12.2821 0.341158
12.2854 0.341138
12.2887 0.341121
12.292 0.341231
12.2954 0.341202
12.2987 0.341177
12.302 0.341155
12.3053 0.341135
12.3086 0.341118
12.3119 0.341104
12.3152 0.341091
12.3185 0.341079
12.3219 0.341069
12.3252 0.341061
12.3285 0.341053
12.3318 0.341046
12.3351 0.341166
12.3384 0.341145
12.3417 0.341127
12.345 0.341236
12.3483 0.341206
12.3517 0.341181
12.355 0.341158
12.3583 0.341138
12.3616 0.341121
12.3649 0.341106
12.3682 0.341593
12.3715 0.341894
12.3748 0.342157
12.3782 0.342512
12.3815 0.342698
12.3848 0.342861
12.3881 0.343128
12.3914 0.343362
12.3947 0.343442
12.398 0.343637
12.4013 0.343807
12.4047 0.343831
12.408 0.343852
12.4113 0.343996
12.4146 0.343996
12.4179 0.343997
12.4212 0.344122
12.4245 0.344107
12.4278 0.344094
12.4311 0.344207
12.4345 0.344181
12.4378 0.344158
12.4411 0.344264
12.4444 0.344356
12.4477 0.344311
12.451 0.344397
12.4543 0.344473
12.4576 0.344414
12.461 0.344362
12.4643 0.344442
12.4676 0.344386
12.4709 0.344338
12.4742 0.344421
12.4775 0.344368
12.4808 0.344322
12.4841 0.344407
12.4875 0.344356
12.4908 0.344312
12.4941 0.344398
12.4974 0.344473
12.5007 0.344414
12.504 0.344487
12.5073 0.344551
12.5106 0.344482
12.5139 0.344422
12.5173 0.344494
12.5206 0.344432
12.5239 0.344378
12.5272 0.344456
12.5305 0.344399
12.5338 0.344349
12.5371 0.344431
12.5404 0.344502
12.5438 0.344439
12.5471 0.344509
12.5504 0.34457
12.5537 0.344499
12.557 0.344562
12.5603 0.344617
12.5636 0.344539
12.5669 0.344472
12.5703 0.344538
12.5736 0.344471
12.5769 0.344412
12.5802 0.344485
12.5835 0.344425
12.5868 0.344372
12.5901 0.34445
12.5934 0.344519
12.5967 0.344454
12.6001 0.344897
