0.0905768 1
0.182886 361
0.276809 1081
0.370731 1801
0.462998 2521
0.46631 3241
0.55692 3961
0.560232 4681
0.563544 5401
0.650842 6121
0.654154 6841
0.657466 7561
0.660778 8281
0.743109 9001
0.746421 9721
0.749733 10441
0.753045 11161
0.756357 11881
0.759669 12601
0.835375 13321
0.838687 14041
0.841999 14761
0.845311 15481
0.848623 16201
0.851935 16921
0.855247 17641
0.858559 18361
0.861871 19081
0.927642 19801
0.930954 20521
0.934266 21241
0.937578 21961
0.94089 22681
0.944202 23401
0.947514 24121
0.950826 24841
0.954138 25561
0.95745 26281
0.960762 27001
0.964074 27721
0.967386 28441
0.970698 29161
1.02156 29881
1.02488 30601
1.02819 31321
1.0315 32041
1.03481 32761
1.03812 33481
1.04144 34201
1.04475 34921
1.04806 35641
1.05137 36361
1.05468 37081
1.058 37801
1.06131 38521
1.06462 39241
1.06793 39961
1.07124 40681
1.07456 41401
1.08118 42841
1.08449 43561
1.0878 44281
1.11549 45001
1.1188 45721
1.12211 46441
1.12542 47161
1.12873 47881
1.13205 48601
1.13536 49321
1.13867 50041
1.14198 50761
1.14529 51481
1.14861 52201
1.15192 52921
1.15523 53641
1.15854 54361
1.16185 55081
1.16517 55801
1.16848 56521
1.17179 57241
1.1751 57961
1.17841 58681
1.18173 59401
1.18504 60121
1.18835 60841
1.19166 61561
1.19497 62281
1.19829 63001
1.2016 63721
1.20491 64441
1.20822 65161
1.21153 65881
1.21485 66601
1.21816 67321
1.22147 68041
1.22478 68761
1.22809 69481
1.23141 70201
1.23472 70921
1.23803 71641
1.24134 72361
1.24465 73081
1.24797 73801
1.25128 74521
1.25459 75241
1.2579 75961
1.26121 76681
1.26453 77401
1.26784 78121
1.27115 78841
1.27446 79561
1.27777 80281
1.28109 81001
1.2844 81721
1.28771 82441
1.29102 83161
1.29433 83881
1.29765 84601
1.30096 85321
1.30427 86041
1.30758 86761
1.31089 87481
1.31421 88201
1.31752 88921
1.32083 89641
1.5328 135361
1.60689 136081
1.6102 136801
1.61351 137521
1.61682 138241
1.62013 138961
1.62345 139681
1.69915 140401
1.70247 141121
1.70578 141841
1.70909 142561
1.7124 143281
1.71571 144001
1.71903 144721
1.79308 145441
1.79639 146161
1.7997 146881
1.80301 147601
1.80632 148321
1.80964 149041
1.81295 149761
1.887 150481
1.98593 156601
1.98924 157321
1.99255 158041
1.99586 158761
1.99917 159481
2.00249 160201
2.0058 160921
2.00911 161641
2.01242 162361
2.07157 163081
2.07492 163801
2.07823 164521
2.08316 165241
2.08647 165961
2.08979 166681
2.0931 167401
2.09641 168121
2.09972 168841
2.10303 169561
2.10635 170281
2.16384 171001
2.16719 171721
2.1705 172441
2.17543 173161
2.17874 173881
2.18205 174601
2.18536 175321
2.18868 176041
2.19199 176761
2.1953 177481
2.19861 178201
2.2561 178921
2.25945 179641
2.26276 180361
2.26769 181081
2.27101 181801
2.27432 182521
2.27763 183241
2.28094 183961
2.28425 184681
2.28757 185401
2.29088 186121
2.34837 186841
2.35172 187561
2.35503 188281
2.35834 189001
2.36165 189721
2.36497 190441
2.36828 191161
2.37159 191881
2.3749 192601
2.37821 193321
2.38153 194041
2.38484 194761
2.44229 195481
2.44564 196201
2.44895 196921
2.45227 197641
2.45558 198361
2.45889 199081
2.4622 199801
2.46551 200521
2.46883 201241
2.47214 201961
2.47545 202681
2.47876 203401
2.53621 204121
2.53956 204841
2.54288 205561
2.54619 206281
2.5495 207001
2.55281 207721
2.55612 208441
2.55944 209161
2.56275 209881
2.56606 210601
2.56937 211321
2.57268 212041
2.62848 212761
2.63183 213481
2.63684 213841
2.73407 223561
2.73904 224281
2.74235 225001
2.74566 225721
2.74897 226441
2.75229 227161
2.7556 227881
2.75891 228601
2.81471 229321
2.81806 230041
2.82306 230761
2.82638 231481
2.83296 232201
2.83627 232921
2.83959 233641
2.8429 234361
2.84621 235081
2.84952 235801
2.85283 236521
2.90697 237241
2.91032 237961
2.91533 238681
2.91864 239401
2.92523 240121
2.92854 240841
2.93185 241561
2.93516 242281
2.93848 243001
2.94179 243721
2.9451 244441
2.99924 245161
3.00259 245881
3.0076 246601
3.01091 247321
3.01749 248041
3.02081 248761
3.02412 249481
3.02743 250201
3.03074 250921
3.03405 251641
3.03737 252361
3.04068 253081
3.09316 253801
3.09651 254521
3.10152 255241
3.10483 255961
3.11142 256681
3.11473 257401
3.11804 258121
3.12135 258841
3.12466 259561
3.12798 260281
3.13129 261001
3.1346 261721
3.18708 262441
3.19043 263161
3.19544 263881
3.19875 264601
3.20534 265321
3.20865 266041
3.21196 266761
3.21527 267481
3.21859 268201
3.2219 268921
3.22521 269641
3.22852 270361
3.27935 271081
3.2827 271801
3.28771 272521
3.29102 273241
3.29761 273961
3.30092 274681
3.30423 275401
3.30754 276121
3.31085 276841
3.31417 277561
3.31748 278281
3.32079 279001
3.37162 279721
3.37497 280441
3.37997 281161
3.38329 281881
3.38987 282601
3.39318 283321
3.3965 284041
3.39981 284761
3.40312 285481
3.40643 286201
3.40974 286921
3.41306 287641
3.46388 288361
3.4672 289081
3.47051 289801
3.4739 290521
3.47721 291241
3.48379 291961
3.48711 292681
3.49042 293401
3.49373 294121
3.49704 294841
3.50035 295561
3.50367 296281
3.50698 297001
3.55781 297721
3.56112 298441
3.56443 299161
3.56782 299881
3.57113 300601
3.57772 301321
3.58103 302041
3.58434 302761
3.58765 303481
3.59096 304201
3.59428 304921
3.59759 305641
3.6009 306361
3.65173 307081
3.65504 307801
3.65835 308521
3.66174 309241
3.66505 309961
3.66998 310681
3.67329 311401
3.67661 312121
3.67992 312841
3.68323 313561
3.68654 314281
3.68985 315001
3.69317 315721
3.74399 316441
3.74731 317161
3.75062 317881
3.75401 318601
3.75732 319321
3.76225 320041
3.76556 320761
3.76887 321481
3.77219 322201
3.7755 322921
3.77881 323641
3.78212 324361
3.78543 325081
3.83626 325801
3.83957 326521
3.84289 327241
3.84627 327961
3.84959 328681
3.85452 329401
3.85783 330121
3.86114 330841
3.86445 331561
3.86776 332281
3.87108 333001
3.87439 333721
3.8777 334441
3.88101 335161
3.93018 335881
3.9335 336601
3.93681 337321
3.9402 338041
3.94351 338761
3.94844 339481
3.95175 340201
3.95506 340921
3.95837 341641
3.96169 342361
3.965 343081
3.96831 343801
3.97162 344521
3.97493 345241
4.02411 345961
4.02742 346681
4.03073 347401
4.03412 348121
4.03743 348841
4.04236 349561
4.04567 350281
4.04898 351001
4.0523 351721
4.05561 352441
4.05892 353161
4.06223 353881
4.06554 354601
4.06886 355321
4.11637 356041
4.11968 356761
4.123 357481
4.12639 358201
4.1297 358921
4.13463 359641
4.13794 360361
4.14125 361081
4.14456 361801
4.14787 362521
4.15119 363241
4.1545 363961
4.15781 364681
4.16112 365401
4.20864 366121
4.21195 366841
4.21526 367561
4.21865 368281
4.22196 369001
4.22689 369721
4.23021 370441
4.23352 371161
4.23683 371881
4.24014 372601
4.24345 373321
4.24677 374041
4.25008 374761
4.25339 375481
4.2567 376201
4.30256 376921
4.30587 377641
4.30919 378361
4.31257 379081
4.31589 379801
4.32082 380521
4.32413 381241
4.32744 381961
4.33075 382681
4.33406 383401
4.33738 384121
4.34069 384841
4.344 385561
4.34731 386281
4.35062 387001
4.39648 387721
4.3998 388441
4.40311 389161
4.4065 389881
4.40981 390601
4.41474 391321
4.41805 392041
4.42136 392761
4.42467 393481
4.42799 394201
4.4313 394921
4.43461 395641
4.43792 396361
4.44123 397081
4.44455 397801
4.48875 398521
4.49206 399241
4.49537 399961
4.49876 400681
4.50207 401401
4.507 402121
4.51032 402841
4.51363 403561
4.51694 404281
4.52025 405001
4.52356 405721
4.52688 406441
4.53019 407161
4.5335 407881
4.53681 408601
4.58102 409321
4.58433 410041
4.58764 410761
4.59103 411481
4.59434 412201
4.59927 412921
4.60258 413641
4.60589 414361
4.60921 415081
4.61252 415801
4.61583 416521
4.61914 417241
4.62245 417961
4.62577 418681
4.62908 419401
4.67328 420121
4.67659 420841
4.67991 421561
4.68322 422281
4.68653 423001
4.68984 423721
4.69319 424441
4.69651 425161
4.69982 425881
4.70313 426601
4.70644 427321
4.70975 428041
4.71307 428761
4.71638 429481
4.71969 430201
4.723 430921
4.76721 431641
4.77052 432361
4.77383 433081
4.77714 433801
4.78045 434521
4.78377 435241
4.78712 435961
4.79043 436681
4.79374 437401
4.79705 438121
4.80036 438841
4.80368 439561
4.80699 440281
4.8103 441001
4.81361 441721
4.81692 442441
4.86113 443161
4.86444 443881
4.86775 444601
4.87106 445321
4.87438 446041
4.87769 446761
4.881 447481
4.88431 448201
4.88762 448921
4.89094 449641
4.89425 450361
4.89756 451081
4.90087 451801
4.90418 452521
4.9075 453241
4.91081 453961
4.95339 454681
4.95671 455401
4.96002 456121
4.96333 456841
4.96664 457561
4.96995 458281
4.97327 459001
4.97658 459721
4.97989 460441
4.9832 461161
4.98651 461881
4.98983 462601
4.99314 463321
4.99645 464041
4.99976 464761
5.00307 465481
5.04566 466201
5.04897 466921
5.05228 467641
5.0556 468361
5.05891 469081
5.06222 469801
5.06553 470521
5.06884 471241
5.07216 471961
5.07547 472681
5.07878 473401
5.08209 474121
5.0854 474841
5.08872 475561
5.09203 476281
5.09534 477001
5.09865 477721
5.13958 478441
5.14289 479161
5.14621 479881
5.14952 480601
5.15283 481321
5.15614 482041
5.15945 482761
5.16277 483481
5.16608 484201
5.16939 484921
5.1727 485641
5.17601 486361
5.17933 487081
5.18264 487801
5.18595 488521
5.18926 489241
5.19257 489961
5.23351 490681
5.23682 491401
5.24013 492121
5.24344 492841
5.24675 493561
5.25007 494281
5.25338 495001
5.25669 495721
5.26 496441
5.26331 497161
5.26663 497881
5.26994 498601
5.27325 499321
5.27656 500041
5.27987 500761
5.28319 501481
5.2865 502201
5.32577 502921
5.32908 503641
5.3324 504361
5.33571 505081
5.33902 505801
5.34233 506521
5.34564 507241
5.34896 507961
5.35227 508681
5.35558 509401
5.35889 510121
5.3622 510841
5.36552 511561
5.36883 512281
5.37214 513001
5.37545 513721
5.37876 514441
5.41804 515161
5.42135 515881
5.42466 516601
5.42797 517321
5.43129 518041
5.4346 518761
5.43791 519481
5.44122 520201
5.44453 520921
5.44785 521641
5.45116 522361
5.45447 523081
5.45778 523801
5.46109 524521
5.46441 525241
5.46772 525961
5.47103 526681
5.47434 527401
5.51196 528121
5.51527 528841
5.51858 529561
5.5219 530281
5.52521 531001
5.52852 531721
5.53183 532441
5.53514 533161
5.53846 533881
5.54177 534601
5.54508 535321
5.54839 536041
5.5517 536761
5.55502 537481
5.55833 538201
5.56164 538921
5.56495 539641
5.56826 540361
5.60588 541081
5.60919 541801
5.61251 542521
5.61582 543241
5.61913 543961
5.62244 544681
5.62575 545401
5.62907 546121
5.63238 546841
5.63569 547561
5.639 548281
5.64231 549001
5.64563 549721
5.64894 550441
5.65225 551161
5.65556 551881
5.65887 552601
5.66219 553321
5.69981 554041
5.70312 554761
5.70643 555481
5.70974 556201
5.71305 556921
5.71637 557641
5.71968 558361
5.72299 559081
5.7263 559801
5.72961 560521
5.73293 561241
5.73624 561961
5.73955 562681
5.74286 563401
5.74617 564121
5.74949 564841
5.7528 565561
5.75611 566281
5.79207 567001
5.79538 567721
5.7987 568441
5.80201 569161
5.80532 569881
5.80863 570601
5.81194 571321
5.81526 572041
5.81857 572761
5.82188 573481
5.82519 574201
5.8285 574921
5.83182 575641
5.83513 576361
5.83844 577081
5.84175 577801
5.84506 578521
5.84838 579241
5.88434 579961
5.88765 580681
5.89096 581401
5.89427 582121
5.89759 582841
5.9009 583561
5.90421 584281
5.90752 585001
5.91083 585721
5.91415 586441
5.91746 587161
5.92077 587881
5.92408 588601
5.92739 589321
5.93071 590041
5.93402 590761
5.93733 591481
5.94064 592201
5.94395 592921
5.97826 593641
5.98157 594361
5.98488 595081
5.9882 595801
5.99151 596521
5.99482 597241
5.99813 597961
6.00144 598681
6.00476 599401
6.00807 600121
6.01138 600841
6.01469 601561
6.018 602281
6.02132 603001
6.02463 603721
6.02794 604441
6.03125 605161
6.03456 605881
6.03788 606601
6.07218 607321
6.07549 608041
6.07881 608761
6.08212 609481
6.08543 610201
6.08874 610921
6.09205 611641
6.09537 612361
6.09868 613081
6.10199 613801
6.1053 614521
6.10861 615241
6.11193 615961
6.11524 616681
6.11855 617401
6.12186 618121
6.12517 618841
6.12849 619561
6.1318 620281
6.16445 621001
6.16776 621721
6.17107 622441
6.17439 623161
6.1777 623881
6.18101 624601
6.18432 625321
6.18763 626041
6.19095 626761
6.19426 627481
6.19757 628201
6.20088 628921
6.20419 629641
6.20751 630361
6.21082 631081
6.21413 631801
6.21744 632521
6.22075 633241
6.22407 633961
6.25672 634681
6.26003 635401
6.26334 636121
6.26665 636841
6.26996 637561
6.27328 638281
6.27659 639001
6.2799 639721
6.28321 640441
6.28652 641161
6.28984 641881
6.29315 642601
6.29646 643321
6.29977 644041
6.30308 644761
6.3064 645481
6.30971 646201
6.31302 646921
6.31633 647641
6.31964 648361
6.35064 649081
6.35395 649801
6.35726 650521
6.36057 651241
6.36389 651961
6.3672 652681
6.37051 653401
6.37382 654121
6.37713 654841
6.38045 655561
6.38376 656281
6.38707 657001
6.39038 657721
6.39369 658441
6.39701 659161
6.40032 659881
6.40363 660601
6.40694 661321
6.41025 662041
6.41357 662761
6.44456 663481
6.44787 664201
6.45118 664921
6.4545 665641
6.45781 666361
6.46112 667081
6.46443 667801
6.46774 668521
6.47106 669241
6.47437 669961
6.47768 670681
6.48099 671401
6.4843 672121
6.48762 672841
6.49093 673561
6.49424 674281
6.49755 675001
6.50086 675721
6.50418 676441
6.50749 677161
6.53683 677881
6.54014 678601
6.54345 679321
6.54676 680041
6.55007 680761
6.55339 681481
6.5567 682201
6.56001 682921
6.56332 683641
6.56663 684361
6.56995 685081
6.57326 685801
6.57657 686521
6.57988 687241
6.58319 687961
6.58651 688681
6.58982 689401
6.59313 690121
6.59644 690841
6.59975 691561
6.62909 692281
6.63241 693001
6.63572 693721
6.63903 694441
6.64234 695161
6.64565 695881
6.64897 696601
6.65228 697321
6.65559 698041
6.6589 698761
6.66221 699481
6.66553 700201
6.66884 700921
6.67215 701641
6.67546 702361
6.67877 703081
6.68209 703801
6.6854 704521
6.68871 705241
6.69202 705961
6.72136 706681
6.72467 707401
6.72798 708121
6.7313 708841
6.73461 709561
6.73792 710281
6.74123 711001
6.74454 711721
6.74786 712441
6.75117 713161
6.75448 713881
6.75779 714601
6.7611 715321
6.76442 716041
6.76773 716761
6.77104 717481
6.77435 718201
6.77766 718921
6.78098 719641
6.78429 720361
6.7876 721081
6.81528 721801
6.81859 722521
6.82191 723241
6.82522 723961
6.82853 724681
6.83184 725401
6.83515 726121
6.83847 726841
6.84178 727561
6.84509 728281
6.8484 729001
6.85171 729721
6.85503 730441
6.85834 731161
6.86165 731881
6.86496 732601
6.86827 733321
6.87159 734041
6.8749 734761
6.87821 735481
6.88152 736201
6.9092 736921
6.91252 737641
6.91583 738361
6.91914 739081
6.92245 739801
6.92576 740521
6.92908 741241
6.93239 741961
6.9357 742681
6.93901 743401
6.94232 744121
6.94564 744841
6.94895 745561
6.95226 746281
6.95557 747001
6.95888 747721
6.9622 748441
6.96551 749161
6.96882 749881
6.97213 750601
6.97544 751321
7.00147 752041
7.00478 752761
7.00809 753481
7.01141 754201
7.01472 754921
7.01803 755641
7.02134 756361
7.02465 757081
7.02797 757801
7.03128 758521
7.03459 759241
7.0379 759961
7.04121 760681
7.04453 761401
7.04784 762121
7.05115 762841
7.05446 763561
7.05777 764281
7.06109 765001
7.0644 765721
7.06771 766441
7.09374 767161
7.09705 767881
7.10036 768601
7.10367 769321
7.10699 770041
7.1103 770761
7.11361 771481
7.11692 772201
7.12023 772921
7.12355 773641
7.12686 774361
7.13017 775081
7.13348 775801
7.13679 776521
7.14011 777241
7.14342 777961
7.14673 778681
7.15004 779401
7.15335 780121
7.15667 780841
7.15998 781561
7.16329 782281
7.18766 783001
7.19097 783721
7.19428 784441
7.1976 785161
7.20091 785881
7.20422 786601
7.20753 787321
7.21084 788041
7.21416 788761
7.21747 789481
7.22078 790201
7.22409 790921
7.2274 791641
7.23072 792361
7.23403 793081
7.23734 793801
7.24065 794521
7.24396 795241
7.24728 795961
7.25059 796681
7.2539 797401
7.25721 798121
7.28158 798841
7.28489 799561
7.28821 800281
7.29152 801001
7.29483 801721
7.29814 802441
7.30145 803161
7.30477 803881
7.30808 804601
7.31139 805321
7.3147 806041
7.31801 806761
7.32133 807481
7.32464 808201
7.32795 808921
7.33126 809641
7.33457 810361
7.33789 811081
7.3412 811801
7.34451 812521
7.34782 813241
7.35113 813961
7.37385 814681
7.37716 815401
7.38047 816121
7.38378 816841
7.3871 817561
7.39041 818281
7.39372 819001
7.39703 819721
7.40034 820441
7.40366 821161
7.40697 821881
7.41028 822601
7.41359 823321
7.4169 824041
7.42022 824761
7.42353 825481
7.42684 826201
7.43015 826921
7.43346 827641
7.43678 828361
7.44009 829081
7.4434 829801
7.46611 830521
7.46943 831241
7.47274 831961
7.47605 832681
7.47936 833401
7.48267 834121
7.48599 834841
7.4893 835561
7.49261 836281
7.49592 837001
7.49923 837721
7.50255 838441
7.50586 839161
7.50917 839881
7.51248 840601
7.51579 841321
7.51911 842041
7.52242 842761
7.52573 843481
7.52904 844201
7.53235 844921
7.53567 845641
7.53898 846361
7.56004 847081
7.56335 847801
7.56666 848521
7.56997 849241
7.57329 849961
7.5766 850681
7.57991 851401
7.58322 852121
7.58653 852841
7.58985 853561
7.59316 854281
7.59647 855001
7.59978 855721
7.60309 856441
7.60641 857161
7.60972 857881
7.61303 858601
7.61634 859321
7.61965 860041
7.62297 860761
7.62628 861481
7.62959 862201
7.6329 862921
7.65396 863641
7.65727 864361
7.66058 865081
7.6639 865801
7.66721 866521
7.67052 867241
7.67383 867961
7.67714 868681
7.68046 869401
7.68377 870121
7.68708 870841
7.69039 871561
7.6937 872281
7.69702 873001
7.70033 873721
7.70364 874441
7.70695 875161
7.71026 875881
7.71358 876601
7.71689 877321
7.7202 878041
7.72351 878761
7.72682 879481
7.74788 880201
7.75119 880921
7.75451 881641
7.75782 882361
7.76113 883081
7.76444 883801
7.76775 884521
7.77107 885241
7.77438 885961
7.77769 886681
7.781 887401
7.78431 888121
7.78763 888841
7.79094 889561
7.79425 890281
7.79756 891001
7.80087 891721
7.80419 892441
7.8075 893161
7.81081 893881
7.81412 894601
7.81743 895321
7.82075 896041
7.84015 896761
7.84346 897481
7.84677 898201
7.85008 898921
7.8534 899641
7.85671 900361
7.86002 901081
7.86333 901801
7.86664 902521
7.86996 903241
7.87327 903961
7.87658 904681
7.87989 905401
7.8832 906121
7.88652 906841
7.88983 907561
7.89314 908281
7.89645 909001
7.90146 909361
7.99869 927361
8.02638 928081
8.02969 928801
8.033 929521
8.03631 930241
8.03962 930961
8.04294 931681
8.04625 932401
8.04956 933121
8.05287 933841
8.05618 934561
8.0595 935281
8.06281 936001
8.06612 936721
8.06943 937441
8.07274 938161
8.07606 938881
8.07937 939601
8.08268 940321
8.08603 941041
8.08934 941761
8.11864 942481
8.12195 943201
8.12527 943921
8.12858 944641
8.13189 945361
8.1352 946081
8.13851 946801
8.14183 947521
8.14514 948241
8.14845 948961
8.15176 949681
8.15507 950401
8.15839 951121
8.1617 951841
8.16501 952561
8.16832 953281
8.17163 954001
8.17495 954721
8.17826 955441
8.18157 956161
8.18488 956881
8.21256 957601
8.21588 958321
8.21919 959041
8.2225 959761
8.22581 960481
8.22912 961201
8.23244 961921
8.23575 962641
8.23906 963361
8.24237 964081
8.24568 964801
8.249 965521
8.25231 966241
8.25562 966961
8.25893 967681
8.26224 968401
8.26556 969121
8.26887 969841
8.27218 970561
8.27549 971281
8.2788 972001
8.30649 972721
8.3098 973441
8.31311 974161
8.31642 974881
8.31973 975601
8.32305 976321
8.32636 977041
8.32967 977761
8.33298 978481
8.33629 979201
8.33961 979921
8.34292 980641
8.34623 981361
8.34954 982081
8.35285 982801
8.35617 983521
8.35948 984241
8.36279 984961
8.3661 985681
8.36941 986401
8.37273 987121
8.39875 987841
8.40207 988561
8.40538 989281
8.40869 990001
8.412 990721
8.41531 991441
8.41863 992161
8.42194 992881
8.42525 993601
8.42856 994321
8.43187 995041
8.43519 995761
8.4385 996481
8.44181 997201
8.44512 997921
8.44843 998641
8.45175 999361
8.45506 1000081
8.45837 1000801
8.46168 1001521
8.46499 1002241
8.49102 1002961
8.49433 1003681
8.49764 1004401
8.50096 1005121
8.50427 1005841
8.50758 1006561
8.51089 1007281
8.5142 1008001
8.51752 1008721
8.52083 1009441
8.52414 1010161
8.52745 1010881
8.53076 1011601
8.53408 1012321
8.53739 1013041
8.5407 1013761
8.54401 1014481
8.54732 1015201
8.55064 1015921
8.55395 1016641
8.55726 1017361
8.58329 1018081
8.5866 1018801
8.58991 1019521
8.59322 1020241
8.59653 1020961
8.59985 1021681
8.60316 1022401
8.60647 1023121
8.60978 1023841
8.61309 1024561
8.61641 1025281
8.61972 1026001
8.62303 1026721
8.62634 1027441
8.62965 1028161
8.63297 1028881
8.63628 1029601
8.63959 1030321
8.6429 1031041
8.64621 1031761
8.64953 1032481
8.65284 1033201
8.67721 1033921
8.68052 1034641
8.68383 1035361
8.68714 1036081
8.69046 1036801
8.69377 1037521
8.69708 1038241
8.70039 1038961
8.7037 1039681
8.70702 1040401
8.71033 1041121
8.71364 1041841
8.71695 1042561
8.72026 1043281
8.72358 1044001
8.72689 1044721
8.7302 1045441
8.73351 1046161
8.73682 1046881
8.74014 1047601
8.74345 1048321
8.74676 1049041
8.77113 1049761
8.77444 1050481
8.77775 1051201
8.78107 1051921
8.78438 1052641
8.78769 1053361
8.791 1054081
8.79431 1054801
8.79763 1055521
8.80094 1056241
8.80425 1056961
8.80756 1057681
8.81087 1058401
8.81419 1059121
8.8175 1059841
8.82081 1060561
8.82412 1061281
8.82743 1062001
8.83075 1062721
8.83406 1063441
8.83737 1064161
8.84068 1064881
8.8634 1065601
8.86671 1066321
8.87002 1067041
8.87333 1067761
8.87665 1068481
8.87996 1069201
8.88327 1069921
8.88658 1070641
8.88989 1071361
8.89321 1072081
8.89652 1072801
8.89983 1073521
8.90314 1074241
8.90645 1074961
8.90977 1075681
8.91308 1076401
8.91639 1077121
8.9197 1077841
8.92301 1078561
8.92633 1079281
8.92964 1080001
8.93295 1080721
8.95566 1081441
8.95898 1082161
8.96229 1082881
8.9656 1083601
8.96891 1084321
8.97222 1085041
8.97554 1085761
8.97885 1086481
8.98216 1087201
8.98547 1087921
8.98878 1088641
8.9921 1089361
8.99541 1090081
8.99872 1090801
9.00203 1091521
9.00534 1092241
9.00866 1092961
9.01197 1093681
9.01528 1094401
9.01859 1095121
9.0219 1095841
9.02522 1096561
9.02853 1097281
9.04959 1098001
9.0529 1098721
9.05621 1099441
9.05952 1100161
9.06283 1100881
9.06615 1101601
9.06946 1102321
9.07277 1103041
9.07608 1103761
9.07939 1104481
9.08271 1105201
9.08602 1105921
9.08933 1106641
9.09264 1107361
9.09595 1108081
9.09927 1108801
9.10258 1109521
9.10589 1110241
9.1092 1110961
9.11251 1111681
9.11583 1112401
9.11914 1113121
9.12245 1113841
9.14351 1114561
9.14682 1115281
9.15013 1116001
9.15344 1116721
9.15676 1117441
9.16007 1118161
9.16338 1118881
9.16669 1119601
9.17 1120321
9.17332 1121041
9.17663 1121761
9.17994 1122481
9.18325 1123201
9.18656 1123921
9.18988 1124641
9.19319 1125361
9.1965 1126081
9.19981 1126801
9.20312 1127521
9.20644 1128241
9.20975 1128961
9.21306 1129681
9.21637 1130401
9.23577 1131121
9.23909 1131841
9.2424 1132561
9.24571 1133281
9.24902 1134001
9.25233 1134721
9.25565 1135441
9.25896 1136161
9.26227 1136881
9.26558 1137601
9.26889 1138321
9.27221 1139041
9.27552 1139761
9.27883 1140481
9.28214 1141201
9.28545 1141921
9.28877 1142641
9.29208 1143361
9.29539 1144081
9.2987 1144801
9.30201 1145521
9.30533 1146241
9.30864 1146961
9.32804 1147681
9.33135 1148401
9.33467 1149121
9.33798 1149841
9.34129 1150561
9.3446 1151281
9.34791 1152001
9.35123 1152721
9.35454 1153441
9.35785 1154161
9.36116 1154881
9.36447 1155601
9.36779 1156321
9.3711 1157041
9.37441 1157761
9.37772 1158481
9.38103 1159201
9.38434 1159921
9.38766 1160641
9.39097 1161361
9.39428 1162081
9.39759 1162801
9.4009 1163521
9.40422 1164241
9.42196 1164961
9.42528 1165681
9.42859 1166401
9.4319 1167121
9.43521 1167841
9.43852 1168561
9.44184 1169281
9.44515 1170001
9.44846 1170721
9.45177 1171441
9.45508 1172161
9.4584 1172881
9.46171 1173601
9.46502 1174321
9.46833 1175041
9.47164 1175761
9.47496 1176481
9.47827 1177201
9.48158 1177921
9.48489 1178641
9.4882 1179361
9.49152 1180081
9.49483 1180801
9.49814 1181521
9.51589 1182241
9.5192 1182961
9.52251 1183681
9.52582 1184401
9.52913 1185121
9.53245 1185841
9.53576 1186561
9.53907 1187281
9.54238 1188001
9.54569 1188721
9.54901 1189441
9.55232 1190161
9.55563 1190881
9.55894 1191601
9.56225 1192321
9.56557 1193041
9.56888 1193761
9.57219 1194481
9.5755 1195201
9.57881 1195921
9.58213 1196641
9.58544 1197361
9.58875 1198081
9.59206 1198801
9.60981 1199521
9.61312 1200241
9.61643 1200961
9.61974 1201681
9.62306 1202401
9.62637 1203121
9.62968 1203841
9.63299 1204561
9.6363 1205281
9.63962 1206001
9.64293 1206721
9.64624 1207441
9.64955 1208161
9.65286 1208881
9.65618 1209601
9.65949 1210321
9.6628 1211041
9.66611 1211761
9.66942 1212481
9.67274 1213201
9.67605 1213921
9.67936 1214641
9.68267 1215361
9.68598 1216081
9.70207 1216801
9.70539 1217521
9.7087 1218241
9.71201 1218961
9.71532 1219681
9.71863 1220401
9.72195 1221121
9.72526 1221841
9.72857 1222561
9.73188 1223281
9.73519 1224001
9.73851 1224721
9.74182 1225441
9.74513 1226161
9.74844 1226881
9.75175 1227601
9.75507 1228321
9.75838 1229041
9.76169 1229761
9.765 1230481
9.76831 1231201
9.77163 1231921
9.77494 1232641
9.77825 1233361
9.79434 1234081
9.79765 1234801
9.80097 1235521
9.80428 1236241
9.80759 1236961
9.8109 1237681
9.81421 1238401
9.81752 1239121
9.82084 1239841
9.82415 1240561
9.82746 1241281
9.83077 1242001
9.83408 1242721
9.8374 1243441
9.84071 1244161
9.84402 1244881
9.84733 1245601
9.85064 1246321
9.85396 1247041
9.85727 1247761
9.86058 1248481
9.86389 1249201
9.8672 1249921
9.87052 1250641
9.87383 1251361
9.88826 1252081
9.89158 1252801
9.89489 1253521
9.8982 1254241
9.90151 1254961
9.90482 1255681
9.90814 1256401
9.91145 1257121
9.91476 1257841
9.91807 1258561
9.92138 1259281
9.9247 1260001
9.92801 1260721
9.93132 1261441
9.93463 1262161
9.93794 1262881
9.94126 1263601
9.94457 1264321
9.94788 1265041
9.95119 1265761
9.9545 1266481
9.95782 1267201
9.96113 1267921
9.96444 1268641
9.96775 1269361
9.98219 1270081
9.9855 1270801
9.98881 1271521
9.99212 1272241
9.99543 1272961
9.99875 1273681
10.0021 1274401
10.0054 1275121
10.0087 1275841
10.012 1276561
10.0153 1277281
10.0186 1278001
10.0219 1278721
10.0252 1279441
10.0286 1280161
10.0319 1280881
10.0352 1281601
10.0385 1282321
10.0418 1283041
10.0451 1283761
10.0484 1284481
10.0517 1285201
10.055 1285921
10.0584 1286641
10.0617 1287361
10.0745 1288081
10.0778 1288801
10.0811 1289521
10.0844 1290241
10.0877 1290961
10.091 1291681
10.0943 1292401
10.0976 1293121
10.1009 1293841
10.1043 1294561
10.1076 1295281
10.1109 1296001
10.1142 1296721
10.1175 1297441
10.1208 1298161
10.1241 1298881
10.1274 1299601
10.1308 1300321
10.1341 1301041
10.1374 1301761
10.1407 1302481
10.144 1303201
10.1473 1303921
10.1506 1304641
10.1539 1305361
10.1667 1306081
10.17 1306801
10.1733 1307521
10.1767 1308241
10.18 1308961
10.1833 1309681
10.1866 1310401
10.1899 1311121
10.1932 1311841
10.1965 1312561
10.1998 1313281
10.2032 1314001
10.2065 1314721
10.2098 1315441
10.2131 1316161
10.2164 1316881
10.2197 1317601
10.223 1318321
10.2263 1319041
10.2296 1319761
10.233 1320481
10.2363 1321201
10.2396 1321921
10.2429 1322641
10.2462 1323361
10.2495 1324081
10.2606 1324801
10.264 1325521
10.2673 1326241
10.2706 1326961
10.2739 1327681
10.2772 1328401
10.2805 1329121
10.2838 1329841
10.2871 1330561
10.2904 1331281
10.2938 1332001
10.2971 1332721
10.3004 1333441
10.3037 1334161
10.307 1334881
10.3103 1335601
10.3136 1336321
10.3169 1337041
10.3203 1337761
10.3236 1338481
10.3269 1339201
10.3302 1339921
10.3335 1340641
10.3368 1341361
10.3401 1342081
10.3434 1342801
10.3546 1343521
10.3579 1344241
10.3612 1344961
10.3645 1345681
10.3678 1346401
10.3711 1347121
10.3744 1347841
10.3777 1348561
10.3811 1349281
10.3844 1350001
10.3877 1350721
10.391 1351441
10.3943 1352161
10.3976 1352881
10.4009 1353601
10.4042 1354321
10.4076 1355041
10.4109 1355761
10.4142 1356481
10.4175 1357201
10.4208 1357921
10.4241 1358641
10.4274 1359361
10.4307 1360081
10.4341 1360801
10.4374 1361521
10.4468 1362241
10.4501 1362961
10.4535 1363681
10.4568 1364401
10.4601 1365121
10.4634 1365841
10.4667 1366561
10.47 1367281
10.4733 1368001
10.4766 1368721
10.4799 1369441
10.4833 1370161
10.4866 1370881
10.4899 1371601
10.4932 1372321
10.4965 1373041
10.4998 1373761
10.5031 1374481
10.5064 1375201
10.5098 1375921
10.5131 1376641
10.5164 1377361
10.5197 1378081
10.523 1378801
10.5263 1379521
10.5296 1380241
10.5391 1380961
10.5424 1381681
10.5457 1382401
10.549 1383121
10.5523 1383841
10.5557 1384561
10.559 1385281
10.5623 1386001
10.5656 1386721
10.5689 1387441
10.5722 1388161
10.5755 1388881
10.5788 1389601
10.5822 1390321
10.5855 1391041
10.5888 1391761
10.5921 1392481
10.5954 1393201
10.5987 1393921
10.602 1394641
10.6053 1395361
10.6086 1396081
10.612 1396801
10.6153 1397521
10.6186 1398241
10.6219 1398961
10.6314 1399681
10.6347 1400401
10.638 1401121
10.6413 1401841
10.6446 1402561
10.6479 1403281
10.6512 1404001
10.6545 1404721
10.6579 1405441
10.6612 1406161
10.6645 1406881
10.6678 1407601
10.6711 1408321
10.6744 1409041
10.6777 1409761
10.681 1410481
10.6844 1411201
10.6877 1411921
10.691 1412641
10.6943 1413361
10.6976 1414081
10.7009 1414801
10.7042 1415521
10.7109 1416961
10.7142 1417681
10.7175 1418401
10.7253 1419121
10.7286 1419841
10.7319 1420561
10.7352 1421281
10.7385 1422001
10.7418 1422721
10.7452 1423441
10.7485 1424161
10.7518 1424881
10.7551 1425601
10.7584 1426321
10.7617 1427041
10.765 1427761
10.7683 1428481
10.7717 1429201
10.775 1429921
10.7783 1430641
10.7816 1431361
10.7849 1432081
10.7882 1432801
10.7915 1433521
10.7948 1434241
10.7981 1434961
10.8048 1435681
10.8081 1436401
10.8114 1437121
10.8147 1437841
10.8192 1438561
10.8225 1439281
10.8258 1440001
10.8291 1440721
10.8325 1441441
10.8358 1442161
10.8391 1442881
10.8424 1443601
10.8457 1444321
10.849 1445041
10.8523 1445761
10.859 1447201
10.8623 1447921
10.8656 1448641
10.8689 1449361
10.8722 1450081
10.8755 1450801
10.8788 1451521
10.8821 1452241
10.8854 1452961
10.8888 1453681
10.8921 1454401
10.897 1455121
10.9004 1455841
10.9037 1456561
10.907 1457281
10.9115 1458001
10.9148 1458721
10.9181 1459441
10.9214 1460161
10.9247 1460881
10.928 1461601
10.9313 1462321
10.9347 1463041
10.938 1463761
10.9413 1464481
10.9446 1465201
10.9512 1465921
10.9545 1466641
10.9578 1467361
10.9612 1468081
10.9645 1468801
10.9678 1469521
10.9711 1470241
10.9744 1470961
10.9777 1471681
10.981 1472401
10.9843 1473121
10.9876 1473841
10.991 1474561
10.9943 1475281
10.9976 1476001
11.0009 1476721
11.0042 1477441
11.0075 1478161
11.0108 1478881
11.0141 1479601
11.0175 1480321
11.0208 1481041
11.0241 1481761
11.0274 1482481
11.0307 1483201
11.034 1483921
11.0373 1484641
11.0435 1485361
11.0468 1486081
11.0501 1486801
11.0534 1487521
11.0567 1488241
11.06 1488961
11.0634 1489681
11.0667 1490401
11.07 1491121
11.0733 1491841
11.0766 1492561
11.0799 1493281
11.0832 1494001
11.0865 1494721
11.0899 1495441
11.0932 1496161
11.0965 1496881
11.0998 1497601
11.1031 1498321
11.1064 1499041
11.1097 1499761
11.113 1500481
11.1163 1501201
11.1197 1501921
11.123 1502641
11.1263 1503361
11.1296 1504081
11.1329 1504801
11.1374 1505521
11.1407 1506241
11.144 1506961
11.1473 1507681
11.1507 1508401
11.154 1509121
11.1573 1509841
11.1606 1510561
11.1639 1511281
11.1672 1512001
11.1705 1512721
11.1738 1513441
11.1772 1514161
11.1805 1514881
11.1838 1515601
11.1871 1516321
11.1904 1517041
11.1937 1517761
11.197 1518481
11.2003 1519201
11.2036 1519921
11.207 1520641
11.2103 1521361
11.2136 1522081
11.2169 1522801
11.2202 1523521
11.2235 1524241
11.2268 1524961
11.2313 1525681
11.2346 1526401
11.238 1527121
11.2413 1527841
11.2446 1528561
11.2479 1529281
11.2512 1530001
11.2545 1530721
11.2578 1531441
11.2611 1532161
11.2644 1532881
11.2678 1533601
11.2711 1534321
11.2744 1535041
11.2777 1535761
11.281 1536481
11.2843 1537201
11.2876 1537921
11.2909 1538641
11.2943 1539361
11.2976 1540081
11.3009 1540801
11.3042 1541521
11.3075 1542241
11.3108 1542961
11.3141 1543681
11.3174 1544401
11.3208 1545121
11.3241 1545841
11.3274 1546561
11.3307 1547281
11.334 1548001
11.3373 1548721
11.3406 1549441
11.3439 1550161
11.3472 1550881
11.3506 1551601
11.3539 1552321
11.3572 1553041
11.3605 1553761
11.3638 1554481
11.3671 1555201
11.3704 1555921
11.3737 1556641
11.3771 1557361
11.3804 1558081
11.3837 1558801
11.387 1559521
11.3903 1560241
11.3936 1560961
11.3969 1561681
11.4002 1562401
11.4036 1563121
11.4069 1563841
11.4102 1564561
11.4135 1565281
11.4168 1566001
11.4201 1566721
11.4234 1567441
11.4267 1568161
11.43 1568881
11.4334 1569601
11.4367 1570321
11.44 1571041
11.4433 1571761
11.4466 1572481
11.4499 1573201
11.4532 1573921
11.4565 1574641
11.4599 1575361
11.4632 1576081
11.4665 1576801
11.4698 1577521
11.4731 1578241
11.4764 1578961
11.4797 1579681
11.483 1580401
11.4864 1581121
11.4897 1581841
11.493 1582561
11.4963 1583281
11.4996 1584001
11.5029 1584721
11.5062 1585441
11.5095 1586161
11.5128 1586881
11.5162 1587601
11.5195 1588321
11.5228 1589041
11.5261 1589761
11.5294 1590481
11.5327 1591201
11.536 1591921
11.5393 1592641
11.5427 1593361
11.546 1594081
11.5493 1594801
11.5526 1595521
11.5559 1596241
11.5592 1596961
11.5625 1597681
11.5658 1598401
11.5692 1599121
11.5725 1599841
11.5758 1600561
11.5791 1601281
11.5824 1602001
11.5857 1602721
11.589 1603441
11.5923 1604161
11.5956 1604881
11.599 1605601
11.6023 1606321
11.6056 1607041
11.6089 1607761
11.6122 1608481
11.6155 1609201
11.6188 1609921
11.6221 1610641
11.6255 1611361
11.6288 1612081
11.6321 1612801
11.6354 1613521
11.6387 1614241
11.642 1614961
11.6453 1615681
11.6486 1616401
11.652 1617121
11.6553 1617841
11.6586 1618561
11.6619 1619281
11.6652 1620001
11.6685 1620721
11.6718 1621441
11.6751 1622161
11.6784 1622881
11.6818 1623601
11.6851 1624321
11.6884 1625041
11.6917 1625761
11.695 1626481
11.6983 1627201
11.7016 1627921
11.7049 1628641
11.7083 1629361
11.7116 1630081
11.7149 1630801
11.7182 1631521
11.7215 1632241
11.7248 1632961
11.7281 1633681
11.7314 1634401
11.7348 1635121
11.7381 1635841
11.7414 1636561
11.7447 1637281
11.748 1638001
11.7513 1638721
11.7546 1639441
11.7579 1640161
11.7612 1640881
11.7646 1641601
11.7679 1642321
11.7712 1643041
11.7745 1643761
11.7778 1644481
11.7811 1645201
11.7844 1645921
11.7877 1646641
11.7911 1647361
11.7944 1648081
11.7977 1648801
11.801 1649521
11.8043 1650241
11.8076 1650961
11.8109 1651681
11.8142 1652401
11.8176 1653121
11.8209 1653841
11.8242 1654561
11.8275 1655281
11.8308 1656001
11.8341 1656721
11.8374 1657441
11.8407 1658161
11.844 1658881
11.8474 1659601
11.8507 1660321
11.854 1661041
11.8573 1661761
11.8606 1662481
11.8639 1663201
11.8672 1663921
11.8705 1664641
11.8739 1665361
11.8772 1666081
11.8805 1666801
11.8838 1667521
11.8871 1668241
11.8904 1668961
11.8937 1669681
11.897 1670401
11.9004 1671121
11.9037 1671841
11.907 1672561
11.9103 1673281
11.9136 1674001
11.9169 1674721
11.9202 1675441
11.9235 1676161
11.9268 1676881
11.9302 1677601
11.9335 1678321
11.9368 1679041
11.9401 1679761
11.9434 1680481
11.9467 1681201
11.95 1681921
11.9533 1682641
11.9567 1683361
11.96 1684081
11.9633 1684801
11.9666 1685521
11.9699 1686241
11.9732 1686961
11.9765 1687681
11.9798 1688401
11.9832 1689121
11.9865 1689841
11.9898 1690561
11.9931 1691281
11.9964 1692001
11.9997 1692721
12.003 1693441
12.0063 1694161
12.0096 1694881
12.013 1695601
12.0163 1696321
12.0196 1697041
12.0229 1697761
12.0262 1698481
12.0295 1699201
12.0328 1699921
12.0361 1700641
12.0395 1701361
12.0428 1702081
12.0461 1702801
12.0494 1703521
12.0527 1704241
12.056 1704961
12.0593 1705681
12.0626 1706401
12.066 1707121
12.0693 1707841
12.0726 1708561
12.0759 1709281
12.0792 1710001
12.0825 1710721
12.0858 1711441
12.0891 1712161
12.0924 1712881
12.0958 1713601
12.0991 1714321
12.1024 1715041
12.1057 1715761
12.109 1716481
12.1123 1717201
12.1156 1717921
12.1189 1718641
12.1223 1719361
12.1256 1720081
12.1289 1720801
12.1322 1721521
12.1355 1722241
12.1388 1722961
12.1421 1723681
12.1454 1724401
12.1488 1725121
12.1521 1725841
12.1554 1726561
12.1587 1727281
12.162 1728001
12.1653 1728721
12.1686 1729441
12.1719 1730161
12.1752 1730881
12.1786 1731601
12.1819 1732321
12.1852 1733041
12.1885 1733761
12.1918 1734481
12.1951 1735201
12.1984 1735921
12.2017 1736641
12.2051 1737361
12.2084 1738081
12.2117 1738801
12.215 1739521
12.2183 1740241
12.2216 1740961
12.2249 1741681
12.2282 1742401
12.2316 1743121
12.2349 1743841
12.2382 1744561
12.2415 1745281
12.2448 1746001
12.2481 1746721
12.2514 1747441
12.2547 1748161
12.258 1748881
12.2614 1749601
12.2647 1750321
12.268 1751041
12.2713 1751761
12.2746 1752481
12.2779 1753201
12.2812 1753921
12.2845 1754641
12.2879 1755361
12.2912 1756081
12.2945 1756801
12.2978 1757521
12.3011 1758241
12.3044 1758961
12.3077 1759681
12.311 1760401
12.3144 1761121
12.3177 1761841
12.321 1762561
12.3243 1763281
12.3276 1764001
12.3309 1764721
12.3342 1765441
12.3375 1766161
12.3408 1766881
12.3442 1767601
12.3475 1768321
12.3508 1769041
12.3541 1769761
12.3574 1770481
12.3607 1771201
12.364 1771921
12.3673 1772641
12.3707 1773361
12.374 1774081
12.3773 1774801
12.3806 1775521
12.3839 1776241
12.3872 1776961
12.3905 1777681
12.3938 1778401
12.3972 1779121
12.4005 1779841
12.4038 1780561
12.4071 1781281
12.4104 1782001
12.4137 1782721
12.417 1783441
12.4203 1784161
12.4236 1784881
12.427 1785601
12.4303 1786321
12.4336 1787041
12.4369 1787761
12.4402 1788481
12.4435 1789201
12.4468 1789921
12.4501 1790641
12.4535 1791361
12.4568 1792081
12.4601 1792801
12.4634 1793521
12.4667 1794241
12.47 1794961
12.4733 1795681
12.4766 1796401
12.48 1797121
12.4833 1797841
12.4866 1798561
12.4899 1799281
12.4932 1800001
12.4965 1800721
12.4998 1801441
12.5031 1802161
12.5064 1802881
12.5098 1803601
12.5131 1804321
12.5164 1805041
12.5197 1805761
12.523 1806481
12.5263 1807201
12.5296 1807921
12.5329 1808641
12.5363 1809361
12.5396 1810081
12.5429 1810801
12.5462 1811521
12.5495 1812241
12.5528 1812961
12.5561 1813681
12.5594 1814401
12.5628 1815121
12.5661 1815841
12.5694 1816561
12.5727 1817281
12.576 1818001
12.5793 1818721
12.5826 1819441
12.5859 1820161
12.5892 1820881
12.5926 1821601
12.5959 1822321
12.5992 1823041
12.6025 1823762
