0.0 0
0.0905768 360
0.0905768 360
0.182886 720
0.276809 1080
0.370731 1440
0.462998 1800
0.46631 2160
0.55692 2520
0.560232 2880
0.563544 3240
0.650842 3600
0.654154 3960
0.657466 4320
0.660778 4680
0.743109 5040
0.746421 5400
0.749733 5760
0.753045 6120
0.756357 6480
0.759669 6840
0.835375 7200
0.838687 7560
0.841999 7920
0.845311 8280
0.848623 8640
0.851935 9000
0.855247 9360
0.858559 9720
0.861871 10080
0.927642 10440
0.930954 10800
0.934266 11160
0.937578 11520
0.94089 11880
0.944202 12240
0.947514 12600
0.950826 12960
0.954138 13320
0.95745 13680
0.960762 14040
0.964074 14400
0.967386 14760
0.970698 15120
1.02156 15480
1.02488 15840
1.02819 16200
1.0315 16560
1.03481 16920
1.03812 17280
1.04144 17640
1.04475 18000
1.04806 18360
1.05137 18720
1.05468 19080
1.058 19440
1.06131 19800
1.06462 20160
1.06793 20520
1.07124 20880
1.07456 21240
1.07787 21600
1.08118 21960
1.08449 22320
1.0878 22680
1.11549 23040
1.1188 23400
1.12211 23760
1.12542 24120
1.12873 24480
1.13205 24840
1.13536 25200
1.13867 25560
1.14198 25920
1.14529 26280
1.14861 26640
1.15192 27000
1.15523 27360
1.15854 27720
1.16185 28080
1.16517 28440
1.16848 28800
1.17179 29160
1.1751 29520
1.17841 29880
1.18173 30240
1.18504 30600
1.18835 30960
1.19166 31320
1.19497 31680
1.19829 32040
1.2016 32400
1.20491 32760
1.20822 33120
1.21153 33480
1.21485 33840
1.21816 34200
1.22147 34560
1.22478 34920
1.22809 35280
1.23141 35640
1.23472 36000
1.23803 36360
1.24134 36720
1.24465 37080
1.24797 37440
1.25128 37800
1.25459 38160
1.2579 38520
1.26121 38880
1.26453 39240
1.26784 39600
1.27115 39960
1.27446 40320
1.27777 40680
1.28109 41040
1.2844 41400
1.28771 41760
1.29102 42120
1.29433 42480
1.29765 42840
1.30096 43200
1.30427 43560
1.30758 43920
1.31089 44280
1.31421 44640
1.31752 45000
1.32083 45360
1.32414 45720
1.32745 46080
1.33077 46440
1.33408 46800
1.33739 47160
1.3407 47520
1.34401 47880
1.34733 48240
1.35064 48600
1.35395 48960
1.35726 49320
1.36057 49680
1.36389 50040
1.3672 50400
1.37051 50760
1.37382 51120
1.37713 51480
1.38045 51840
1.38376 52200
1.38707 52560
1.39038 52920
1.39369 53280
1.39701 53640
1.40032 54000
1.40363 54360
1.40694 54720
1.41025 55080
1.41357 55440
1.41688 55800
1.42019 56160
1.4235 56520
1.42681 56880
1.43013 57240
1.43344 57600
1.43675 57960
1.44006 58320
1.44337 58680
1.44669 59040
1.45 59400
1.45331 59760
1.45662 60120
1.45993 60480
1.46325 60840
1.46656 61200
1.46987 61560
1.47318 61920
1.47649 62280
1.47981 62640
1.48312 63000
1.48643 63360
1.48974 63720
1.49305 64080
1.49637 64440
1.49968 64800
1.50299 65160
1.5063 65520
1.50961 65880
1.51293 66240
1.51624 66600
1.51955 66960
1.52286 67320
1.52617 67680
1.52949 68040
1.5328 68400
1.53611 68760
1.53942 69120
1.54273 69480
1.54605 69840
1.54936 70200
1.55267 70560
1.55598 70920
1.55929 71280
1.56261 71640
1.56592 72000
1.56923 72360
1.57254 72720
1.57585 73080
1.57917 73440
1.58248 73800
1.58579 74160
1.5891 74520
1.59241 74880
1.59573 75240
1.59904 75600
1.60235 75960
1.60566 76320
1.60897 76680
1.61229 77040
1.6156 77400
1.61891 77760
1.62222 78120
1.62553 78480
1.62885 78840
1.63216 79200
1.63547 79560
1.63878 79920
1.64209 80280
1.64541 80640
1.64872 81000
1.65203 81360
1.65534 81720
1.65865 82080
1.66197 82440
1.66528 82800
1.66859 83160
1.6719 83520
1.67521 83880
1.67853 84240
1.68184 84600
1.68515 84960
1.68846 85320
1.69177 85680
1.69509 86040
1.6984 86400
1.70171 86760
1.70502 87120
1.70833 87480
1.71165 87840
1.71496 88200
1.71827 88560
1.72158 88920
1.72489 89280
1.72821 89640
1.73152 90000
1.73483 90360
1.73814 90720
1.74145 91080
1.74477 91440
1.74808 91800
1.75139 92160
1.7547 92520
1.75801 92880
1.76133 93240
1.76464 93600
1.76795 93960
1.77126 94320
1.77457 94680
1.77789 95040
1.7812 95400
1.78451 95760
1.78782 96120
1.79113 96480
1.79445 96840
1.7978 97200
1.80111 97200
1.80111 9029
2.30911 9043
2.31242 9057
2.31573 9071
2.31904 9085
2.32236 9099
2.32567 9113
2.37996 9127
2.38327 9141
2.38658 9155
2.3899 9169
2.39321 9183
2.39652 9197
2.39983 9211
2.40314 9225
2.40646 9239
2.40977 9253
2.41308 9267
2.41639 9280
2.4197 9293
2.42302 9306
2.42633 9319
2.42964 9332
2.47554 9345
2.48216 9358
2.48879 9371
2.49541 9384
2.49872 9397
2.50204 9410
2.50535 9423
2.50866 9436
2.51197 9449
2.51528 9462
2.5186 9475
2.52191 9488
2.56781 9501
2.57443 9514
2.58105 9527
2.58437 9540
2.58933 9553
2.59265 9566
2.59596 9579
2.59927 9592
2.60258 9605
2.60589 9618
2.60921 9631
2.61252 9644
2.61583 9657
2.66173 9670
2.66835 9683
2.67498 9696
2.67829 9709
2.68326 9722
2.68657 9735
2.68988 9748
2.69319 9761
2.6965 9774
2.69982 9787
2.70313 9800
2.70644 9813
2.70975 9826
2.75565 9839
2.76227 9852
2.7689 9865
2.77221 9878
2.77718 9891
2.78049 9904
2.7838 9917
2.78711 9930
2.79043 9943
2.79374 9956
2.79705 9969
2.80036 9982
2.80367 9994
2.84792 10006
2.85454 10018
2.86116 10030
2.86448 10042
2.86944 10054
2.87276 10066
2.87607 10078
2.87938 10090
2.88269 10102
2.886 10114
2.88932 10126
2.89263 10138
2.89594 10150
2.94018 10162
2.94681 10174
2.95343 10186
2.95674 10198
2.96171 10210
2.96502 10222
2.96834 10234
2.97165 10246
2.97496 10258
2.97827 10270
2.98158 10282
2.9849 10294
2.98821 10306
2.99152 10318
3.03411 10330
3.04073 10342
3.04735 10354
3.05067 10366
3.05563 10378
3.05895 10390
3.06226 10402
3.06557 10414
3.06888 10426
3.07219 10438
3.07551 10450
3.07882 10462
3.08213 10474
3.08544 10486
3.12803 10498
3.13465 10510
3.14128 10522
3.14459 10534
3.14956 10546
3.15287 10558
3.15618 10570
3.15949 10582
3.1628 10594
3.16612 10606
3.16943 10618
3.17274 10630
3.17605 10642
3.17936 10654
3.22029 10666
3.22692 10678
3.23354 10690
3.23685 10702
3.24182 10714
3.24513 10726
3.24845 10738
3.25176 10750
3.25507 10762
3.25838 10774
3.26169 10786
3.26501 10798
3.26832 10810
3.27163 10821
3.31256 10832
3.31918 10843
3.32581 10854
3.32912 10865
3.33409 10876
3.3374 10887
3.34071 10898
3.34402 10909
3.34734 10920
3.35065 10931
3.35396 10942
3.35727 10953
3.36058 10964
3.3639 10975
3.36721 10986
3.40648 10997
3.41311 11008
3.41973 11019
3.42304 11030
3.42801 11041
3.43132 11052
3.43464 11063
3.43795 11074
3.44126 11085
3.44457 11096
3.44788 11107
3.4512 11118
3.45451 11129
3.45782 11140
3.46113 11151
3.50041 11162
3.50703 11173
3.51365 11184
3.51697 11195
3.52193 11206
3.52525 11217
3.52856 11228
3.53187 11239
3.53518 11250
3.53849 11261
3.54181 11272
3.54512 11283
3.54843 11294
3.55174 11305
3.55505 11316
3.59433 11327
3.5993 11338
3.60592 11349
3.60923 11360
3.6142 11371
3.61751 11382
3.62082 11393
3.62414 11404
3.62745 11415
3.63076 11426
3.63407 11437
3.63738 11448
3.6407 11459
3.64401 11470
3.64732 11481
3.68659 11492
3.69156 11503
3.69819 11514
3.7015 11525
3.70647 11536
3.70978 11547
3.71309 11558
3.7164 11569
3.71971 11580
3.72303 11591
3.72634 11602
3.72965 11613
3.73296 11624
3.73627 11635
3.73959 11646
3.77886 11657
3.78383 11668
3.79045 11679
3.79376 11690
3.79708 11701
3.80039 11712
3.8037 11723
3.80701 11734
3.81032 11745
3.81364 11756
3.81695 11767
3.82026 11778
3.82357 11789
3.82688 11799
3.8302 11809
3.83351 11819
3.87278 11829
3.87775 11839
3.88438 11849
3.88769 11859
3.891 11869
3.89431 11879
3.89762 11889
3.90094 11899
3.90425 11909
3.90756 11919
3.91087 11929
3.91418 11939
3.9175 11949
3.92081 11959
3.92412 11969
3.92743 11979
3.96671 11989
3.97167 11999
3.9783 12009
3.98161 12019
3.98492 12029
3.98823 12039
3.99155 12049
3.99486 12059
3.99817 12069
4.00148 12079
4.00479 12089
4.00811 12099
4.01142 12109
4.01473 12119
4.01804 12129
4.02135 12139
4.05897 12149
4.06394 12159
4.07056 12169
4.07388 12179
4.07719 12189
4.0805 12199
4.08381 12209
4.08712 12219
4.09044 12229
4.09375 12239
4.09706 12249
4.10037 12259
4.10368 12269
4.107 12279
4.11031 12289
4.11362 12299
4.15124 12309
4.15621 12319
4.16283 12329
4.16614 12339
4.16945 12349
4.17277 12359
4.17608 12369
4.17939 12379
4.1827 12389
4.18601 12399
4.18933 12409
4.19264 12419
4.19595 12429
4.19926 12439
4.20257 12449
4.20589 12459
4.2092 12469
4.24516 12479
4.25013 12489
4.25675 12499
4.26006 12509
4.26338 12519
4.26669 12529
4.27 12539
4.27331 12549
4.27662 12559
4.27994 12569
4.28325 12579
4.28656 12589
4.28987 12599
4.29318 12609
4.2965 12619
4.29981 12629
4.30312 12639
4.33908 12649
4.34405 12659
4.35068 12669
4.35399 12679
4.3573 12689
4.36061 12699
4.36392 12709
4.36724 12719
4.37055 12729
4.37386 12739
4.37717 12749
4.38048 12759
4.3838 12769
4.38711 12779
4.39042 12789
4.39373 12799
4.39704 12809
4.43135 12819
4.43632 12829
4.44294 12839
4.44625 12849
4.44957 12859
4.45288 12869
4.45619 12879
4.4595 12889
4.46281 12899
4.46613 12909
4.46944 12919
4.47275 12929
4.47606 12939
4.47937 12949
4.48269 12959
4.486 12969
4.48931 12978
4.52362 12987
4.52858 12996
4.53521 13005
4.53852 13014
4.54183 13023
4.54514 13032
4.54846 13041
4.55177 13050
4.55508 13059
4.55839 13068
4.5617 13077
4.56502 13086
4.56833 13095
4.57164 13104
4.57495 13113
4.57826 13122
4.58158 13131
4.58489 13140
4.61754 13149
4.62251 13158
4.62913 13167
4.63244 13176
4.63575 13185
4.63907 13194
4.64238 13203
4.64569 13212
4.649 13221
4.65231 13230
4.65563 13239
4.65894 13248
4.66225 13257
4.66556 13266
4.66887 13275
4.67219 13284
4.6755 13293
4.67881 13302
4.71146 13311
4.71643 13320
4.72305 13329
4.72636 13338
4.72968 13347
4.73299 13356
4.7363 13365
4.73961 13374
4.74292 13383
4.74624 13392
4.74955 13401
4.75286 13410
4.75617 13419
4.75948 13428
4.7628 13437
4.76611 13446
4.76942 13455
4.77273 13464
4.80538 13473
4.81035 13482
4.81532 13491
4.81863 13500
4.82194 13509
4.82526 13518
4.82857 13527
4.83188 13536
4.83519 13545
4.8385 13554
4.84182 13563
4.84513 13572
4.84844 13581
4.85175 13590
4.85506 13599
4.85838 13608
4.86169 13617
4.865 13626
4.89765 13635
4.90262 13644
4.90759 13653
4.9109 13662
4.91421 13671
4.91752 13680
4.92083 13689
4.92415 13698
4.92746 13707
4.93077 13716
4.93408 13725
4.93739 13734
4.94071 13743
4.94402 13752
4.94733 13761
4.95064 13770
4.95395 13779
4.95727 13788
4.98992 13797
4.99488 13806
4.99985 13815
5.00316 13824
5.00648 13833
5.00979 13842
5.0131 13851
5.01641 13860
5.01972 13869
5.02304 13878
5.02635 13887
5.02966 13896
5.03297 13905
5.03628 13914
5.0396 13923
5.04291 13932
5.04622 13941
5.04953 13950
5.05284 13959
5.08384 13968
5.08881 13977
5.09377 13986
5.09709 13995
5.1004 14004
5.10371 14013
5.10702 14022
5.11033 14031
5.11365 14040
5.11696 14049
5.12027 14058
5.12358 14067
5.12689 14076
5.13021 14085
5.13352 14094
5.13683 14103
5.14014 14112
5.14345 14121
5.14677 14130
5.17776 14139
5.18273 14148
5.1877 14157
5.19101 14166
5.19432 14175
5.19763 14184
5.20094 14193
5.20426 14202
5.20757 14211
5.21088 14220
5.21419 14229
5.2175 14238
5.22082 14247
5.22413 14256
5.22744 14265
5.23075 14274
5.23406 14283
5.23738 14292
5.24069 14301
5.27003 14310
5.275 14319
5.27996 14328
5.28328 14337
5.28659 14346
5.2899 14355
5.29321 14364
5.29652 14373
5.29984 14382
5.30315 14391
5.30646 14400
5.30977 14409
5.31308 14417
5.3164 14425
5.31971 14433
5.32302 14441
5.32633 14449
5.32964 14457
5.33296 14465
5.36229 14473
5.36726 14481
5.37223 14489
5.37554 14497
5.37885 14505
5.38217 14513
5.38548 14521
5.38879 14529
5.3921 14537
5.39541 14545
5.39873 14553
5.40204 14561
5.40535 14569
5.40866 14577
5.41197 14585
5.41529 14593
5.4186 14601
5.42191 14609
5.42522 14617
5.42853 14625
5.45622 14633
5.46118 14641
5.46615 14649
5.46946 14657
5.47278 14665
5.47609 14673
5.4794 14681
5.48271 14689
5.48602 14697
5.48934 14705
5.49265 14713
5.49596 14721
5.49927 14729
5.50258 14737
5.5059 14745
5.50921 14753
5.51252 14761
5.51583 14769
5.51914 14777
5.52246 14785
5.55014 14793
5.55511 14801
5.56007 14809
5.56339 14817
5.5667 14825
5.57001 14833
5.57332 14841
5.57663 14849
5.57995 14857
5.58326 14865
5.58657 14873
5.58988 14881
5.59319 14889
5.59651 14897
5.59982 14905
5.60313 14913
5.60644 14921
5.60975 14929
5.61307 14937
5.61638 14945
5.6424 14953
5.64737 14961
5.65234 14969
5.65565 14977
5.65896 14985
5.66228 14993
5.66559 15001
5.6689 15009
5.67221 15017
5.67552 15025
5.67884 15033
5.68215 15041
5.68546 15049
5.68877 15057
5.69208 15065
5.6954 15073
5.69871 15081
5.70202 15089
5.70533 15097
5.70864 15105
5.73467 15113
5.73964 15121
5.74461 15129
5.74792 15137
5.75123 15145
5.75454 15153
5.75786 15161
5.76117 15169
5.76448 15177
5.76779 15185
5.7711 15193
5.77442 15201
5.77773 15209
5.78104 15217
5.78435 15225
5.78766 15233
5.79098 15241
5.79429 15249
5.7976 15257
5.80091 15265
5.82694 15273
5.83191 15281
5.83522 15289
5.83853 15297
5.84184 15305
5.84515 15313
5.84847 15321
5.85178 15329
5.85509 15337
5.8584 15345
5.86171 15353
5.86503 15361
5.86834 15369
5.87165 15377
5.87496 15385
5.87827 15393
5.88159 15401
5.8849 15409
5.88821 15417
5.89152 15425
5.89483 15433
5.92086 15441
5.92583 15449
5.92914 15457
5.93245 15465
5.93576 15473
5.93908 15481
5.94239 15489
5.9457 15497
5.94901 15505
5.95232 15513
5.95564 15521
5.95895 15529
5.96226 15537
5.96557 15545
5.96888 15553
5.9722 15561
5.97551 15569
5.97882 15577
5.98213 15585
5.98544 15593
5.98876 15601
6.01478 15609
6.01975 15617
6.02306 15625
6.02637 15633
6.02969 15641
6.033 15649
6.03631 15657
6.03962 15665
6.04293 15673
6.04625 15681
6.04956 15689
6.05287 15697
6.05618 15705
6.05949 15713
6.06281 15721
6.06612 15729
6.06943 15737
6.07274 15745
6.07605 15753
6.07937 15761
6.08268 15769
6.10705 15777
6.11202 15785
6.11533 15793
6.11864 15801
6.12195 15809
6.12526 15817
6.12858 15825
6.13189 15833
6.1352 15841
6.13851 15849
6.14182 15857
6.14514 15865
6.14845 15873
6.15176 15881
6.15507 15889
6.15838 15897
6.1617 15905
6.16501 15913
6.16832 15921
6.17163 15929
6.17494 15937
6.19932 15945
6.20428 15953
6.2076 15961
6.21091 15969
6.21422 15977
6.21753 15985
6.22084 15993
6.22416 16001
6.22747 16009
6.23078 16017
6.23409 16025
6.2374 16033
6.24072 16041
6.24403 16049
6.24734 16057
6.25065 16065
6.25396 16073
6.25728 16081
6.26059 16089
6.2639 16097
6.26721 16105
6.27052 16113
6.29324 16121
6.29821 16129
6.30152 16137
6.30483 16145
6.30814 16153
6.31145 16161
6.31477 16169
6.31808 16177
6.32139 16185
6.3247 16193
6.32801 16201
6.33133 16208
6.33464 16215
6.33795 16222
6.34126 16229
6.34457 16236
6.34789 16243
6.3512 16250
6.35451 16257
6.35782 16264
6.36113 16271
6.36445 16278
6.38716 16285
6.39213 16292
6.39544 16299
6.39875 16306
6.40206 16313
6.40538 16320
6.40869 16327
6.412 16334
6.41531 16341
6.41862 16348
6.42194 16355
6.42525 16362
6.42856 16369
6.43187 16376
6.43518 16383
6.4385 16390
6.44181 16397
6.44512 16404
6.44843 16411
6.45174 16418
6.45506 16425
6.45837 16432
6.47943 16439
6.48439 16446
6.48771 16453
6.49102 16460
6.49433 16467
6.49764 16474
6.50095 16481
6.50427 16488
6.50758 16495
6.51089 16502
6.5142 16509
6.51751 16516
6.52083 16523
6.52414 16530
6.52745 16537
6.53076 16544
6.53407 16551
6.53739 16558
6.5407 16565
6.54401 16572
6.54732 16579
6.55063 16586
6.57169 16593
6.57666 16600
6.57997 16607
6.58328 16614
6.5866 16621
6.58991 16628
6.59322 16635
6.59653 16642
6.59984 16649
6.60316 16656
6.60647 16663
6.60978 16670
6.61309 16677
6.6164 16684
6.61972 16691
6.62303 16698
6.62634 16705
6.62965 16712
6.63296 16719
6.63628 16726
6.63959 16733
6.6429 16740
6.64621 16747
6.66562 16754
6.67058 16761
6.6739 16768
6.67721 16775
6.68052 16782
6.68383 16789
6.68714 16796
6.69046 16803
6.69377 16810
6.69708 16817
6.70039 16824
6.7037 16831
6.70702 16838
6.71033 16845
6.71364 16852
6.71695 16859
6.72026 16866
6.72358 16873
6.72689 16880
6.7302 16887
6.73351 16894
6.73682 16901
6.74014 16908
6.75954 16915
6.76451 16922
6.76782 16929
6.77113 16936
6.77444 16943
6.77775 16950
6.78107 16957
6.78438 16964
6.78769 16971
6.791 16978
6.79431 16985
6.79763 16992
6.80094 16999
6.80425 17006
6.80756 17013
6.81087 17020
6.81419 17027
6.8175 17034
6.82081 17041
6.82412 17048
6.82743 17055
6.83075 17062
6.83406 17069
6.85346 17076
6.85843 17083
6.86174 17090
6.86505 17097
6.86836 17104
6.87168 17111
6.87499 17118
6.8783 17125
6.88161 17132
6.88492 17139
6.88824 17146
6.89155 17153
6.89486 17160
6.89817 17167
6.90148 17174
6.9048 17181
6.90811 17188
6.91142 17195
6.91473 17202
6.91804 17209
6.92136 17216
6.92467 17223
6.92798 17230
6.94573 17237
6.95069 17244
6.95401 17251
6.95732 17258
6.96063 17265
6.96394 17272
6.96725 17279
6.97057 17286
6.97388 17293
6.97719 17300
6.9805 17307
6.98381 17314
6.98713 17321
6.99044 17328
6.99375 17335
6.99706 17342
7.00037 17349
7.00369 17356
7.007 17363
7.01031 17370
7.01362 17377
7.01693 17384
7.02025 17391
7.03799 17398
7.04296 17405
7.04627 17412
7.04958 17419
7.0529 17426
7.05621 17433
7.05952 17440
7.06283 17447
7.06614 17454
7.06946 17461
7.07277 17468
7.07608 17475
7.07939 17482
7.0827 17489
7.08602 17496
7.08933 17503
7.09264 17510
7.09595 17517
7.09926 17524
7.10258 17531
7.10589 17538
7.1092 17545
7.11251 17552
7.11582 17559
7.13192 17566
7.13688 17573
7.1402 17580
7.14351 17587
7.14682 17594
7.15013 17601
7.15344 17608
7.15676 17615
7.16007 17622
7.16338 17629
7.16669 17636
7.17 17643
7.17332 17650
7.17663 17657
7.17994 17664
7.18325 17671
7.18656 17678
7.18988 17685
7.19319 17692
7.1965 17699
7.19981 17706
7.20312 17713
7.20644 17720
7.20975 17727
7.22584 17734
7.23081 17741
7.23412 17748
7.23743 17755
7.24074 17762
7.24405 17769
7.24737 17776
7.25068 17783
7.25399 17790
7.2573 17797
7.26061 17804
7.26393 17811
7.26724 17818
7.27055 17825
7.27386 17832
7.27717 17839
7.28049 17846
7.2838 17853
7.28711 17860
7.29042 17867
7.29373 17874
7.29705 17881
7.30036 17888
7.30367 17895
7.3181 17902
7.32307 17909
7.32638 17916
7.3297 17923
7.33301 17930
7.33632 17937
7.33963 17944
7.34294 17951
7.34626 17958
7.34957 17965
7.35288 17972
7.35619 17979
7.3595 17986
7.36282 17993
7.36613 18000
7.36944 18007
7.37275 18014
7.37606 18021
7.37938 18028
7.38269 18035
7.386 18042
7.38931 18049
7.39262 18056
7.39594 18063
7.41037 18070
7.41534 18077
7.41865 18084
7.42196 18091
7.42527 18098
7.42859 18105
7.4319 18112
7.43521 18119
7.43852 18126
7.44183 18133
7.44515 18140
7.44846 18147
7.45177 18154
7.45508 18161
7.45839 18168
7.46171 18175
7.46502 18182
7.46833 18189
7.47164 18196
7.47495 18203
7.47827 18210
7.48158 18217
7.48489 18224
7.4882 18231
7.49151 18238
7.50429 18245
7.50926 18252
7.51257 18259
7.51588 18266
7.5192 18273
7.52251 18280
7.52582 18287
7.52913 18294
7.53244 18301
7.53576 18308
7.53907 18315
7.54238 18322
7.54569 18329
7.549 18336
7.55232 18343
7.55563 18350
7.55894 18357
7.56225 18364
7.56556 18371
7.56888 18378
7.57219 18385
7.5755 18392
7.57881 18399
7.58212 18406
7.58544 18413
7.59822 18420
7.60318 18427
7.6065 18434
7.60981 18441
7.61312 18448
7.61643 18455
7.61974 18462
7.62306 18469
7.62637 18476
7.62968 18483
7.63299 18490
7.6363 18497
7.63962 18504
7.64293 18511
7.64624 18518
7.64955 18524
7.65286 18530
7.65618 18536
7.65949 18542
7.6628 18548
7.66611 18554
7.66942 18560
7.67274 18566
7.67605 18572
7.67936 18578
7.69048 18584
7.69545 18590
7.69876 18596
7.70207 18602
7.70539 18608
7.7087 18614
7.71201 18620
7.71532 18626
7.71863 18632
7.72195 18638
7.72526 18644
7.72857 18650
7.73188 18656
7.73519 18662
7.73851 18668
7.74182 18674
7.74513 18680
7.74844 18686
7.75175 18692
7.75507 18698
7.75838 18704
7.76169 18710
7.765 18716
7.76831 18722
7.77163 18728
7.78275 18734
7.78772 18740
7.79103 18746
7.79434 18752
7.79765 18758
7.80096 18764
7.80428 18770
7.80759 18776
7.8109 18782
7.81421 18788
7.81752 18794
7.82084 18800
7.82415 18806
7.82746 18812
7.83077 18818
7.83408 18824
7.8374 18830
7.84071 18836
7.84402 18842
7.84733 18848
7.85064 18854
7.85396 18860
7.85727 18866
7.86058 18872
7.86389 18878
7.8672 18884
7.87667 18890
7.88164 18896
7.88495 18902
7.88826 18908
7.89157 18914
7.89489 18920
7.8982 18926
7.90151 18932
7.90482 18938
7.90813 18944
7.91145 18950
7.91476 18956
7.91807 18962
7.92138 18968
7.92469 18974
7.92801 18980
7.93132 18986
7.93463 18992
7.93794 18998
7.94125 19004
7.94457 19010
7.94788 19016
7.95119 19022
7.9545 19028
7.95781 19034
7.96113 19040
7.97059 19046
7.97556 19052
7.97887 19058
7.98218 19064
7.9855 19070
7.98881 19076
7.99212 19082
7.99543 19088
7.99874 19094
8.00206 19100
8.00537 19106
8.00868 19112
8.01199 19118
8.0153 19124
8.01862 19130
8.02193 19136
8.02524 19142
8.02855 19148
8.03186 19154
8.03518 19160
8.03849 19166
8.0418 19172
8.04511 19178
8.04842 19184
8.05174 19190
8.05505 19196
8.06452 19202
8.06948 19208
8.0728 19214
8.07611 19220
8.07942 19226
8.08273 19232
8.08604 19238
8.08936 19244
8.09267 19250
8.09598 19256
8.09929 19262
8.1026 19268
8.10592 19274
8.10923 19280
8.11254 19286
8.11585 19292
8.11916 19298
8.12248 19304
8.12579 19310
8.1291 19316
8.13241 19322
8.13572 19328
8.13904 19334
8.14235 19340
8.14566 19346
8.14897 19352
8.15678 19358
8.16175 19364
8.16506 19370
8.16837 19376
8.17169 19382
8.175 19388
8.17831 19394
8.18162 19400
8.18493 19406
8.18825 19412
8.19156 19418
8.19487 19424
8.19818 19430
8.20149 19436
8.20481 19442
8.20812 19448
8.21143 19454
8.21474 19460
8.21805 19466
8.22137 19472
8.22468 19478
8.22799 19484
8.2313 19490
8.23461 19496
8.23793 19502
8.24124 19508
8.24905 19514
8.25402 19520
8.25733 19526
8.26064 19532
8.26395 19538
8.26726 19544
8.27058 19550
8.27389 19556
8.2772 19562
8.28051 19568
8.28382 19574
8.28714 19580
8.29045 19586
8.29376 19592
8.29707 19598
8.30038 19604
8.3037 19610
8.30701 19616
8.31032 19622
8.31363 19628
8.31694 19634
8.32026 19640
8.32357 19646
8.32688 19652
8.33019 19658
8.3335 19664
8.33682 19670
8.34297 19676
8.34794 19682
8.35125 19688
8.35456 19694
8.35787 19700
8.36119 19706
8.3645 19712
8.36781 19718
8.37112 19724
8.37443 19730
8.37775 19736
8.38106 19742
8.38437 19748
8.38768 19754
8.39099 19760
8.39431 19766
8.39762 19772
8.40093 19778
8.40424 19784
8.40755 19790
8.41087 19796
8.41418 19802
8.41749 19808
8.4208 19814
8.42411 19820
8.42743 19826
8.43074 19832
8.43689 19838
8.44186 19844
8.44517 19850
8.44848 19856
8.4518 19862
8.45511 19868
8.45842 19874
8.46173 19880
8.46504 19886
8.46836 19892
8.47167 19898
8.47498 19904
8.47829 19910
8.4816 19916
8.48492 19922
8.48823 19928
8.49154 19934
8.49485 19940
8.49816 19946
8.50148 19952
8.50479 19958
8.5081 19964
8.51141 19970
8.51472 19976
8.51804 19982
8.52135 19988
8.52466 19994
8.52916 20000
8.53413 20006
8.53744 20012
8.54075 20018
8.54406 20024
8.54738 20030
8.55069 20036
8.554 20042
8.55731 20048
8.56062 20054
8.56394 20060
8.56725 20066
8.57056 20072
8.57387 20078
8.57718 20084
8.5805 20090
8.58381 20096
8.58712 20102
8.59043 20108
8.59374 20114
8.59706 20120
8.60037 20126
8.60368 20132
8.60699 20138
8.6103 20144
8.61362 20150
8.61693 20156
8.62143 20162
8.62639 20168
8.62971 20174
8.63302 20180
8.63633 20186
8.63964 20192
8.64295 20198
8.64627 20204
8.64958 20210
8.65289 20216
8.6562 20222
8.65951 20228
8.66283 20234
8.66614 20240
8.66945 20246
8.67276 20252
8.67607 20258
8.67939 20264
8.6827 20270
8.68601 20276
8.68932 20282
8.69263 20288
8.69595 20294
8.69926 20300
8.70257 20306
8.70588 20312
8.70919 20318
8.71369 20324
8.717 20330
8.72032 20336
8.72363 20342
8.72694 20348
8.73025 20354
8.73356 20360
8.73688 20366
8.74019 20372
8.7435 20378
8.74681 20384
8.75012 20390
8.75344 20396
8.75675 20402
8.76006 20408
8.76337 20414
8.76668 20420
8.77 20426
8.77331 20432
8.77662 20438
8.77993 20444
8.78324 20450
8.78656 20456
8.78987 20462
8.79318 20468
8.79649 20474
8.7998 20480
8.80312 20486
8.80761 20492
8.81093 20498
8.81424 20504
8.81755 20510
8.82086 20516
8.82417 20522
8.82749 20528
8.8308 20534
8.83411 20540
8.83742 20546
8.84073 20552
8.84405 20558
8.84736 20564
8.85067 20570
8.85398 20576
8.85729 20582
8.86061 20588
8.86392 20594
8.86723 20600
8.87054 20606
8.87385 20612
8.87717 20618
8.88048 20624
8.88379 20630
8.8871 20636
8.89041 20642
8.89373 20648
8.89704 20654
8.90154 20660
8.90485 20666
8.90816 20672
8.91147 20678
8.91478 20684
8.9181 20690
8.92141 20696
8.92472 20702
8.92803 20708
8.93134 20714
8.93466 20720
8.93797 20726
8.94128 20732
8.94459 20738
8.9479 20744
8.95122 20750
8.95453 20756
8.95784 20762
8.96115 20768
8.96446 20774
8.96778 20780
8.97109 20786
8.9744 20792
8.97771 20798
8.98102 20804
8.98434 20810
8.98765 20816
8.99096 20822
8.99427 20828
8.99758 20834
9.0009 20840
9.00421 20846
9.00752 20852
9.01083 20858
9.01414 20864
9.01746 20870
9.02077 20876
9.02408 20882
9.02739 20888
9.0307 20894
9.03402 20900
9.03733 20906
9.04064 20912
9.04395 20918
9.04726 20924
9.05058 20930
9.05389 20936
9.0572 20942
9.06051 20948
9.06382 20954
9.06714 20960
9.07045 20966
9.07376 20972
9.07707 20978
9.08038 20984
9.0837 20990
9.08701 20996
9.09032 21002
9.09363 21008
9.09694 21014
9.10026 21020
9.10357 21026
9.10688 21032
9.11019 21038
9.1135 21044
9.11682 21050
9.12013 21056
9.12344 21062
9.12675 21068
9.13006 21074
9.13338 21080
9.13669 21086
9.14 21092
9.14331 21098
9.14662 21104
9.14994 21110
9.15325 21116
9.15656 21122
9.15987 21128
9.16318 21134
9.1665 21140
9.16981 21146
9.17312 21152
9.17643 21158
9.17974 21164
9.18306 21170
9.18637 21176
9.18968 21182
9.19299 21188
9.1963 21194
9.19962 21200
9.20293 21206
9.20624 21212
9.20955 21218
9.21286 21224
9.21618 21230
9.21949 21236
9.2228 21242
9.22611 21248
9.22942 21254
9.23274 21260
9.23605 21266
9.23936 21272
9.24267 21278
9.24598 21284
9.2493 21290
9.25261 21296
9.25592 21302
9.25923 21308
9.26254 21314
9.26586 21320
9.26917 21326
9.27248 21332
9.27579 21338
9.2791 21344
9.28242 21350
9.28573 21356
9.28904 21362
9.29235 21368
9.29566 21374
9.29898 21380
9.30229 21386
9.3056 21392
9.30891 21398
9.31222 21404
9.31554 21410
9.31885 21416
9.32216 21422
9.32547 21428
9.32878 21434
9.3321 21440
9.33541 21446
9.33872 21452
9.34203 21458
9.34534 21464
9.34866 21470
9.35197 21476
9.35528 21482
9.35859 21488
9.3619 21494
9.36522 21500
9.36853 21506
9.37184 21512
9.37515 21518
9.37846 21524
9.38178 21530
9.38509 21536
9.3884 21542
9.39171 21548
9.39502 21554
9.39834 21560
9.40165 21566
9.40496 21572
9.40827 21578
9.41158 21584
9.4149 21590
9.41821 21596
9.42152 21602
9.42483 21607
9.42814 21612
9.43146 21617
9.43477 21622
9.43808 21627
9.44139 21632
9.4447 21637
9.44802 21642
9.45133 21647
9.45464 21652
9.45795 21657
9.46126 21662
9.46458 21667
9.46789 21672
9.4712 21677
9.47451 21682
9.47782 21687
9.48114 21692
9.48445 21697
9.48776 21702
9.49107 21707
9.49438 21712
9.4977 21717
9.50101 21722
9.50432 21727
9.50763 21732
9.51094 21737
9.51426 21742
9.51757 21747
9.52088 21752
9.52419 21757
9.5275 21762
9.53082 21767
9.53413 21772
9.53744 21777
9.54075 21782
9.54406 21787
9.54738 21792
9.55069 21797
9.554 21802
9.55731 21807
9.56062 21812
9.56394 21817
9.56725 21822
9.57056 21827
9.57387 21832
9.57718 21837
9.5805 21842
9.58381 21847
9.58712 21852
9.59043 21857
9.59374 21862
9.59706 21867
9.60037 21872
9.60368 21877
9.60699 21882
9.6103 21887
9.61362 21892
9.61693 21897
9.62024 21902
9.62355 21907
9.62686 21912
9.63018 21917
9.63349 21922
9.6368 21927
9.64011 21932
9.64342 21937
9.64674 21942
9.65005 21947
9.65336 21952
9.65667 21957
9.65998 21962
9.6633 21967
9.66661 21972
9.66992 21977
9.67323 21982
9.67654 21987
9.67986 21992
9.68317 21997
9.68648 22002
9.68979 22007
9.6931 22012
9.69642 22017
9.69973 22022
9.70304 22027
9.70635 22032
9.70966 22037
9.71298 22042
9.71629 22047
9.7196 22052
9.72291 22057
9.72622 22062
9.72954 22067
9.73285 22072
9.73616 22077
9.73947 22082
9.74278 22087
9.7461 22092
9.74941 22097
9.75272 22102
9.75603 22107
9.75934 22112
9.76266 22117
9.76597 22122
9.76928 22127
9.77259 22132
9.7759 22137
9.77922 22142
9.78253 22147
9.78584 22152
9.78915 22157
9.79246 22162
9.79578 22167
9.79909 22172
9.8024 22177
9.80571 22182
9.80902 22187
9.81234 22192
9.81565 22197
9.81896 22202
9.82227 22207
9.82558 22212
9.8289 22217
9.83221 22222
9.83552 22227
9.83883 22232
9.84214 22237
9.84546 22242
9.84877 22247
9.85208 22252
9.85539 22257
9.8587 22262
9.86202 22267
9.86533 22272
9.86864 22277
9.87195 22282
9.87526 22287
9.87858 22292
9.88189 22297
9.8852 22302
9.88851 22307
9.89182 22312
9.89514 22317
9.89845 22322
9.90176 22327
9.90507 22332
9.90838 22337
9.9117 22342
9.91501 22347
9.91832 22352
9.92163 22357
9.92494 22362
9.92826 22367
9.93157 22372
9.93488 22377
9.93819 22382
9.9415 22387
9.94482 22392
9.94813 22397
9.95144 22402
9.95475 22407
9.95806 22412
9.96138 22417
9.96469 22422
9.968 22427
9.97131 22432
9.97462 22437
9.97794 22442
9.98125 22447
9.98456 22452
9.98787 22457
9.99118 22462
9.9945 22467
9.99781 22472
10.0011 22477
10.0044 22482
10.0077 22487
10.0111 22492
10.0144 22497
10.0177 22502
10.021 22507
10.0243 22512
10.0276 22517
10.0309 22522
10.0342 22527
10.0376 22532
10.0409 22537
10.0442 22542
10.0475 22547
10.0508 22552
10.0541 22557
10.0574 22562
10.0607 22567
10.064 22572
10.0674 22577
10.0707 22582
10.074 22587
10.0773 22592
10.0806 22597
10.0839 22602
10.0872 22607
10.0905 22612
10.0939 22617
10.0972 22622
10.1005 22627
10.1038 22632
10.1071 22637
10.1104 22642
10.1137 22647
10.117 22652
10.1204 22657
10.1237 22662
10.127 22667
10.1303 22672
10.1336 22677
10.1369 22682
10.1402 22687
10.1435 22692
10.1468 22697
10.1502 22702
10.1535 22707
10.1568 22712
10.1601 22717
10.1634 22722
10.1667 22727
10.17 22732
10.1733 22737
10.1767 22742
10.18 22747
10.1833 22752
10.1866 22757
10.1899 22762
10.1932 22767
10.1965 22772
10.1998 22777
10.2032 22782
10.2065 22787
10.2098 22792
10.2131 22797
10.2164 22802
10.2197 22807
10.223 22812
10.2263 22817
10.2296 22822
10.233 22827
10.2363 22832
10.2396 22837
10.2429 22842
10.2462 22847
10.2495 22852
10.2528 22857
10.2561 22862
10.2595 22867
10.2628 22872
10.2661 22877
10.2694 22882
10.2727 22887
10.276 22892
10.2793 22897
10.2826 22902
10.286 22907
10.2893 22912
10.2926 22917
10.2959 22922
10.2992 22927
10.3025 22932
10.3058 22937
10.3091 22942
10.3124 22947
10.3158 22952
10.3191 22957
10.3224 22962
10.3257 22967
10.329 22972
10.3323 22977
10.3356 22982
10.3389 22987
10.3423 22992
10.3456 22997
10.3489 23002
10.3522 23007
10.3555 23012
10.3588 23017
10.3621 23022
10.3654 23027
10.3688 23032
10.3721 23037
10.3754 23042
10.3787 23047
10.382 23052
10.3853 23057
10.3886 23062
10.3919 23067
10.3952 23072
10.3986 23077
10.4019 23082
10.4052 23087
10.4085 23092
10.4118 23097
10.4151 23102
10.4184 23107
10.4217 23112
10.4251 23117
10.4284 23122
10.4317 23127
10.435 23132
10.4383 23137
10.4416 23142
10.4449 23147
10.4482 23152
10.4516 23157
10.4549 23162
10.4582 23167
10.4615 23172
10.4648 23177
10.4681 23182
10.4714 23187
10.4747 23192
10.478 23197
10.4814 23202
10.4847 23207
10.488 23212
10.4913 23217
10.4946 23222
10.4979 23227
10.5012 23232
10.5045 23237
10.5079 23242
10.5112 23247
10.5145 23252
10.5178 23257
10.5211 23262
10.5244 23267
10.5277 23272
10.531 23277
10.5344 23282
10.5377 23287
10.541 23292
10.5443 23297
10.5476 23302
10.5509 23307
10.5542 23312
10.5575 23317
10.5608 23322
10.5642 23327
10.5675 23332
10.5708 23337
10.5741 23342
10.5774 23347
10.5807 23352
10.584 23357
10.5873 23362
10.5907 23367
10.594 23372
10.5973 23377
10.6006 23382
10.6039 23387
10.6072 23392
10.6105 23397
10.6138 23402
10.6172 23407
10.6205 23412
10.6238 23417
10.6271 23422
10.6304 23427
10.6337 23432
10.637 23437
10.6403 23442
10.6436 23447
10.647 23452
10.6503 23457
10.6536 23462
10.6569 23467
10.6602 23472
10.6635 23477
10.6668 23482
10.6701 23487
10.6735 23492
10.6768 23497
10.6801 23502
10.6834 23507
10.6867 23512
10.69 23517
10.6933 23522
10.6966 23527
10.7 23532
10.7033 23537
10.7066 23542
10.7099 23547
10.7132 23552
10.7165 23557
10.7198 23562
10.7231 23567
10.7264 23572
10.7298 23577
10.7331 23582
10.7364 23587
10.7397 23592
10.743 23597
10.7463 23602
10.7496 23607
10.7529 23612
10.7563 23617
10.7596 23622
10.7629 23627
10.7662 23632
10.7695 23637
10.7728 23642
10.7761 23647
10.7794 23652
10.7828 23657
10.7861 23662
10.7894 23667
10.7927 23672
10.796 23677
10.7993 23682
10.8026 23687
10.8059 23692
10.8092 23697
10.8126 23702
10.8159 23707
10.8192 23712
10.8225 23717
10.8258 23722
10.8291 23727
10.8324 23732
10.8357 23737
10.8391 23742
10.8424 23747
10.8457 23752
10.849 23757
10.8523 23762
10.8556 23767
10.8589 23772
10.8622 23777
10.8656 23782
10.8689 23787
10.8722 23792
10.8755 23797
10.8788 23802
10.8821 23807
10.8854 23812
10.8887 23817
10.892 23822
10.8954 23827
10.8987 23832
10.902 23837
10.9053 23842
10.9086 23847
10.9119 23852
10.9152 23857
10.9185 23862
10.9219 23867
10.9252 23872
10.9285 23877
10.9318 23882
10.9351 23887
10.9384 23892
10.9417 23897
10.945 23902
10.9484 23907
10.9517 23912
10.955 23917
10.9583 23922
10.9616 23927
10.9649 23932
10.9682 23937
10.9715 23942
10.9748 23947
10.9782 23952
10.9815 23957
10.9848 23962
10.9881 23967
10.9914 23972
10.9947 23977
10.998 23982
11.0013 23987
11.0047 23992
11.008 23997
11.0113 24002
11.0146 24007
11.0179 24012
11.0212 24017
11.0245 24022
11.0278 24027
11.0312 24032
11.0345 24037
11.0378 24042
11.0411 24047
11.0444 24052
11.0477 24057
11.051 24062
11.0543 24067
11.0576 24072
11.061 24077
11.0643 24082
11.0676 24087
11.0709 24092
11.0742 24097
11.0775 24102
11.0808 24107
11.0841 24112
11.0875 24117
11.0908 24122
11.0941 24127
11.0974 24132
11.1007 24137
11.104 24142
11.1073 24147
11.1106 24152
11.114 24157
11.1173 24162
11.1206 24167
11.1239 24172
11.1272 24177
11.1305 24182
11.1338 24187
11.1371 24192
11.1404 24197
11.1438 24202
11.1471 24207
11.1504 24212
11.1537 24217
11.157 24222
11.1603 24227
11.1636 24232
11.1669 24237
11.1703 24242
11.1736 24247
11.1769 24252
11.1802 24257
11.1835 24262
11.1868 24267
11.1901 24272
11.1934 24277
11.1968 24282
11.2001 24287
11.2034 24292
11.2067 24297
11.21 24302
11.2133 24307
11.2166 24312
11.2199 24317
11.2232 24322
11.2266 24327
11.2299 24332
11.2332 24337
11.2365 24342
11.2398 24347
11.2431 24352
11.2464 24357
11.2497 24362
11.2531 24367
11.2564 24372
11.2597 24377
11.263 24382
11.2663 24387
11.2696 24392
11.2729 24397
11.2762 24402
11.2796 24407
11.2829 24412
11.2862 24417
11.2895 24422
11.2928 24427
11.2961 24432
11.2994 24437
11.3027 24442
11.306 24447
11.3094 24452
11.3127 24457
11.316 24462
11.3193 24467
11.3226 24472
11.3259 24477
11.3292 24482
11.3325 24487
11.3359 24492
11.3392 24497
11.3425 24502
11.3458 24507
11.3491 24512
11.3524 24517
11.3557 24522
11.359 24527
11.3624 24532
11.3657 24537
11.369 24542
11.3723 24547
11.3756 24552
11.3789 24557
11.3822 24562
11.3855 24567
11.3888 24572
11.3922 24577
11.3955 24582
11.3988 24587
11.4021 24592
11.4054 24597
11.4087 24602
11.412 24607
11.4153 24612
11.4187 24617
11.422 24622
11.4253 24627
11.4286 24632
11.4319 24637
11.4352 24642
11.4385 24647
11.4418 24652
11.4452 24657
11.4485 24662
11.4518 24667
11.4551 24672
11.4584 24677
11.4617 24682
11.465 24687
11.4683 24692
11.4716 24697
11.475 24702
11.4783 24707
11.4816 24712
11.4849 24717
11.4882 24722
11.4915 24727
11.4948 24732
11.4981 24737
11.5015 24742
11.5048 24747
11.5081 24752
11.5114 24757
11.5147 24762
11.518 24767
11.5213 24772
11.5246 24777
11.528 24782
11.5313 24787
11.5346 24792
11.5379 24797
11.5412 24802
11.5445 24807
11.5478 24812
11.5511 24817
11.5544 24822
11.5578 24827
11.5611 24832
11.5644 24837
11.5677 24842
11.571 24847
11.5743 24852
11.5776 24857
11.5809 24862
11.5843 24867
11.5876 24872
11.5909 24877
11.5942 24882
11.5975 24887
11.6008 24892
11.6041 24897
11.6074 24902
11.6108 24907
11.6141 24912
11.6174 24917
11.6207 24922
11.624 24927
11.6273 24932
11.6306 24937
11.6339 24942
11.6372 24947
11.6406 24952
11.6439 24957
11.6472 24962
11.6505 24967
11.6538 24972
11.6571 24977
11.6604 24982
11.6637 24987
11.6671 24992
11.6704 24997
11.6737 25002
11.677 25007
11.6803 25012
11.6836 25017
11.6869 25022
11.6902 25027
11.6936 25032
11.6969 25037
11.7002 25042
11.7035 25047
11.7068 25052
11.7101 25057
11.7134 25062
11.7167 25067
11.72 25072
11.7234 25077
11.7267 25082
11.73 25087
11.7333 25092
11.7366 25097
11.7399 25102
11.7432 25107
11.7465 25112
11.7499 25117
11.7532 25122
11.7565 25127
11.7598 25132
11.7631 25137
11.7664 25142
11.7697 25147
11.773 25152
11.7764 25157
11.7797 25162
11.783 25167
11.7863 25172
11.7896 25177
11.7929 25182
11.7962 25187
11.7995 25192
11.8028 25197
11.8062 25202
11.8095 25207
11.8128 25212
11.8161 25217
11.8194 25222
11.8227 25227
11.826 25232
11.8293 25237
11.8327 25242
11.836 25247
11.8393 25252
11.8426 25257
11.8459 25262
11.8492 25267
11.8525 25272
11.8558 25277
11.8592 25282
11.8625 25287
11.8658 25292
11.8691 25297
11.8724 25302
11.8757 25307
11.879 25312
11.8823 25317
11.8856 25322
11.889 25327
11.8923 25332
11.8956 25337
11.8989 25342
11.9022 25347
11.9055 25352
11.9088 25357
11.9121 25362
11.9155 25367
11.9188 25372
11.9221 25377
11.9254 25382
11.9287 25387
11.932 25392
11.9353 25397
11.9386 25402
11.942 25407
11.9453 25412
11.9486 25417
11.9519 25422
11.9552 25427
11.9585 25432
11.9618 25437
11.9651 25442
11.9684 25447
11.9718 25452
11.9751 25457
11.9784 25462
11.9817 25467
11.985 25472
11.9883 25477
11.9916 25482
11.9949 25487
11.9983 25492
12.0016 25497
12.0049 25502
12.0082 25507
12.0115 25512
12.0148 25517
12.0181 25522
12.0214 25527
12.0248 25532
12.0281 25537
12.0314 25542
12.0347 25547
12.038 25552
12.0413 25557
12.0446 25562
12.0479 25567
12.0512 25572
12.0546 25577
12.0579 25582
12.0612 25587
12.0645 25592
12.0678 25597
12.0711 25602
12.0744 25607
12.0777 25612
12.0811 25617
12.0844 25622
12.0877 25627
12.091 25632
12.0943 25637
12.0976 25642
12.1009 25647
12.1042 25652
12.1076 25657
12.1109 25662
12.1142 25667
12.1175 25672
12.1208 25677
12.1241 25682
12.1274 25687
12.1307 25692
12.134 25697
12.1374 25702
12.1407 25707
12.144 25712
12.1473 25717
12.1506 25722
12.1539 25727
12.1572 25732
12.1605 25737
12.1639 25742
12.1672 25747
12.1705 25752
12.1738 25757
12.1771 25762
12.1804 25767
12.1837 25772
12.187 25777
12.1904 25782
12.1937 25787
12.197 25792
12.2003 25797
12.2036 25802
12.2069 25807
12.2102 25812
12.2135 25817
12.2168 25822
12.2202 25827
12.2235 25832
12.2268 25837
12.2301 25842
12.2334 25847
12.2367 25852
12.24 25857
12.2433 25862
12.2467 25867
12.25 25872
12.2533 25877
12.2566 25882
12.2599 25887
12.2632 25892
12.2665 25897
12.2698 25902
12.2732 25907
12.2765 25912
12.2798 25917
12.2831 25922
12.2864 25926
12.2897 25930
12.293 25934
12.2963 25938
12.2996 25942
12.303 25946
12.3063 25950
12.3096 25954
12.3129 25958
12.3162 25962
12.3195 25966
12.3228 25970
12.3261 25974
12.3295 25978
12.3328 25982
12.3361 25986
12.3394 25990
12.3427 25994
12.346 25998
12.3493 26002
12.3526 26006
12.356 26010
12.3593 26014
12.3626 26018
12.3659 26022
12.3692 26026
12.3725 26030
12.3758 26034
12.3791 26038
12.3824 26042
12.3858 26046
12.3891 26050
12.3924 26054
12.3957 26058
12.399 26062
12.4023 26066
12.4056 26070
12.4089 26074
12.4123 26078
12.4156 26082
12.4189 26086
12.4222 26090
12.4255 26094
12.4288 26098
12.4321 26102
12.4354 26106
12.4388 26110
12.4421 26114
12.4454 26118
12.4487 26122
12.452 26126
12.4553 26130
12.4586 26134
12.4619 26138
12.4652 26142
12.4686 26146
12.4719 26150
12.4752 26154
12.4785 26158
12.4818 26162
12.4851 26166
12.4884 26170
12.4917 26174
12.4951 26178
12.4984 26182
12.5017 26186
12.505 26190
12.5083 26194
12.5116 26198
12.5149 26202
12.5182 26206
12.5216 26210
12.5249 26214
12.5282 26218
12.5315 26222
12.5348 26226
12.5381 26230
12.5414 26234
12.5447 26238
12.548 26242
12.5514 26246
12.5547 26250
12.558 26254
12.5613 26258
12.5646 26262
12.5679 26266
12.5712 26270
12.5745 26274
12.5779 26278
12.5812 26282
12.5845 26286
12.5878 26290
12.5911 26294
12.5944 26298
12.5977 26302
12.601 26306
