0.0 0
0.180557 4294967295
0.362846 4294967295
0.546749 4294967295
0.730651 4294967295
0.912898 4294967295
0.91621 4294967295
1.0968 4294967295
1.10011 4294967295
1.10342 4294967295
1.2807 4294967295
1.28401 4294967295
1.28733 4294967295
1.29064 4294967295
1.46295 4294967295
1.46626 4294967295
1.46957 4294967295
1.47288 4294967295
1.4762 4294967295
1.47951 4294967295
1.6452 4294967295
1.64851 4294967295
1.65182 4294967295
1.65513 4294967295
1.65844 4294967295
1.66176 4294967295
1.66507 4294967295
1.66838 4294967295
1.67169 4294967295
1.82744 4294967295
1.83075 4294967295
1.83407 4294967295
1.83738 4294967295
1.84069 4294967295
1.844 4294967295
1.84731 4294967295
1.85063 4294967295
1.85394 4294967295
1.85725 4294967295
1.86056 4294967295
1.86387 4294967295
1.86719 4294967295
1.8705 4294967295
2.01134 4294967295
2.01466 4294967295
2.01797 4294967295
2.02128 4294967295
2.02459 4294967295
2.0279 4294967295
2.03122 4294967295
2.03453 4294967295
2.03784 4294967295
2.04115 4294967295
2.04446 4294967295
2.04778 4294967295
2.05109 4294967295
2.0544 4294967295
2.05771 4294967295
2.06102 4294967295
2.06434 4294967295
2.06765 4294967295
2.07096 4294967295
2.07427 4294967295
2.07758 4294967295
2.19525 4294967295
2.19856 4294967295
2.20187 4294967295
2.20518 4294967295
2.20849 4294967295
2.21181 4294967295
2.21512 4294967295
2.21843 4294967295
2.22174 4294967295
2.22505 4294967295
2.22837 4294967295
2.23168 4294967295
2.23499 4294967295
2.2383 4294967295
2.24161 4294967295
2.24493 4294967295
2.24824 4294967295
2.25155 4294967295
2.25486 4294967295
2.25817 4294967295
2.26149 4294967295
2.2648 4294967295
2.26811 4294967295
2.27142 4294967295
2.27473 4294967295
2.27805 4294967295
2.28136 4294967295
2.28467 4294967295
2.28798 4294967295
2.29129 4294967295
2.29461 4294967295
2.37749 4294967295
2.3808 4294967295
2.38412 4294967295
2.38743 4294967295
2.39074 4294967295
2.39405 4294967295
2.39736 4294967295
2.40068 4294967295
2.40399 4294967295
2.4073 4294967295
2.41061 4294967295
2.41392 4294967295
2.41724 4294967295
2.42055 4294967295
2.42386 4294967295
2.42717 4294967295
2.43048 4294967295
2.4338 4294967295
2.43711 4294967295
2.44042 4294967295
2.44373 4294967295
2.44704 4294967295
2.45036 4294967295
2.45367 4294967295
2.45698 4294967295
2.46029 4294967295
2.4636 4294967295
2.46692 4294967295
2.47023 4294967295
2.47354 4294967295
2.47685 4294967295
2.48016 4294967295
2.48348 4294967295
2.48679 4294967295
2.4901 4294967295
2.49341 4294967295
2.49672 4294967295
2.50004 4294967295
2.50335 4294967295
2.50666 4294967295
2.50997 4294967295
2.51328 4294967295
2.5166 4294967295
2.51991 4294967295
2.52322 4294967295
2.52653 4294967295
2.52984 4294967295
2.5614 4294967295
2.56471 4294967295
2.56802 4294967295
2.57133 4294967295
2.57464 4294967295
2.57796 4294967295
2.58127 4294967295
2.58458 4294967295
2.58789 4294967295
2.5912 4294967295
2.59452 4294967295
2.59783 4294967295
2.60114 4294967295
2.60445 4294967295
2.60776 4294967295
2.61108 4294967295
2.61439 4294967295
2.6177 4294967295
2.62101 4294967295
2.62432 4294967295
2.62764 4294967295
2.63095 4294967295
2.63426 4294967295
2.63757 4294967295
2.64088 4294967295
2.6442 4294967295
2.64751 4294967295
2.65082 4294967295
2.65413 4294967295
2.65744 4294967295
2.66076 4294967295
2.66407 4294967295
2.66738 4294967295
2.67069 4294967295
2.674 4294967295
2.67732 4294967295
2.68063 4294967295
2.68394 4294967295
2.68725 4294967295
2.69056 4294967295
2.69388 4294967295
2.69719 4294967295
2.7005 4294967295
2.70381 4294967295
2.70712 4294967295
2.71044 4294967295
2.71375 4294967295
2.71706 4294967295
2.72037 4294967295
2.72368 4294967295
2.727 4294967295
2.73031 4294967295
2.73362 4294967295
2.73693 4294967295
2.74024 4294967295
2.74356 4294967295
2.74687 4294967295
2.75018 4294967295
2.75349 4294967295
2.7568 4294967295
2.76012 4294967295
2.76343 4294967295
2.76674 4294967295
2.77005 4294967295
2.77336 4294967295
2.77668 4294967295
2.77999 4294967295
2.7833 4294967295
2.78661 4294967295
2.78992 4294967295
2.79324 4294967295
2.79655 4294967295
2.79986 4294967295
2.80317 4294967295
2.80648 4294967295
2.8098 4294967295
2.81311 4294967295
2.81642 4294967295
2.81973 4294967295
2.82304 4294967295
2.82635 4294967295
2.82967 4294967295
2.83298 4294967295
2.83629 4294967295
2.8396 4294967295
2.84291 4294967295
2.84623 4294967295
2.84954 4294967295
2.85285 4294967295
2.85616 4294967295
2.85947 4294967295
2.86279 4294967295
2.8661 4294967295
2.86941 4294967295
2.87272 4294967295
2.87603 4294967295
2.87935 4294967295
2.88266 4294967295
2.88597 4294967295
2.88928 4294967295
2.89259 4294967295
2.89591 4294967295
2.89922 4294967295
2.90253 4294967295
2.90584 4294967295
2.90915 4294967295
2.91247 4294967295
2.91578 4294967295
2.91909 4294967295
2.9224 4294967295
2.92571 4294967295
2.92903 4294967295
2.93234 4294967295
2.93565 4294967295
2.93896 4294967295
2.94227 4294967295
2.94559 4294967295
2.9489 4294967295
2.95221 4294967295
2.95552 4294967295
2.95883 4294967295
2.96215 4294967295
2.96546 4294967295
2.96877 4294967295
2.97208 4294967295
2.97539 4294967295
2.97871 4294967295
2.98202 4294967295
2.98533 4294967295
2.98864 4294967295
2.99195 4294967295
2.99527 4294967295
2.99858 4294967295
3.00189 4294967295
3.0052 4294967295
3.00851 4294967295
3.01183 4294967295
3.01514 4294967295
3.01845 4294967295
3.02176 4294967295
3.02507 4294967295
3.02839 4294967295
3.0317 4294967295
3.03501 4294967295
3.03832 4294967295
3.04163 4294967295
3.04495 4294967295
3.04826 4294967295
3.05157 4294967295
3.05488 4294967295
3.05819 4294967295
3.06151 4294967295
3.06482 4294967295
3.06813 4294967295
3.07144 4294967295
3.07475 4294967295
3.07807 4294967295
3.08138 4294967295
3.08469 4294967295
3.088 4294967295
3.09131 4294967295
3.09463 4294967295
3.09794 4294967295
3.10125 4294967295
3.10456 4294967295
3.10787 4294967295
3.11119 4294967295
3.1145 4294967295
3.11781 4294967295
3.12112 4294967295
3.12443 4294967295
3.12775 4294967295
3.13106 4294967295
3.13437 4294967295
3.13768 4294967295
3.14099 4294967295
3.14431 4294967295
3.14762 4294967295
3.15093 4294967295
3.15424 4294967295
3.15755 4294967295
3.16087 4294967295
3.16418 4294967295
3.16749 4294967295
3.1708 4294967295
3.17411 4294967295
3.17743 4294967295
3.18074 4294967295
3.18405 4294967295
3.18736 4294967295
3.19067 4294967295
3.19399 4294967295
3.1973 4294967295
3.20061 4294967295
3.20392 4294967295
3.20723 4294967295
3.21055 4294967295
3.21386 4294967295
3.21717 4294967295
3.22048 4294967295
3.22379 4294967295
3.22711 4294967295
3.23042 4294967295
3.23373 4294967295
3.23704 4294967295
3.24035 4294967295
3.24367 4294967295
3.24698 4294967295
3.25029 4294967295
3.2536 4294967295
3.25691 4294967295
3.26192 13390
3.26192 13390
3.98576 13390
4.13169 13390
4.135 13390
4.13831 13390
4.14162 13390
4.14493 13390
4.14825 13390
4.15156 13390
4.15487 13390
4.15818 13390
4.16149 13390
4.16481 13390
4.16812 13390
4.17143 13390
4.17474 13390
4.17805 13390
4.18137 13390
4.18468 13390
4.18799 13390
4.1913 13390
4.19461 13390
4.19793 13390
4.20124 13390
4.20455 13390
4.20786 13390
4.31724 13390
4.32387 13390
4.33049 13390
4.33712 13390
4.34374 13390
4.35036 13390
4.35368 13390
4.35699 13390
4.3603 13390
4.36361 13390
4.36692 13390
4.37024 13390
4.37355 13390
4.37686 13390
4.38017 13390
4.38348 13390
4.3868 13390
4.39011 13390
4.49949 13390
4.50611 13390
4.51274 13390
4.51936 13390
4.52599 13390
4.53261 13390
4.53592 13390
4.53923 13390
4.54255 13390
4.54586 13390
4.54917 13390
4.55248 13390
4.55579 13390
4.55911 13390
4.56242 13390
4.56573 13390
4.56904 13390
4.57235 13390
4.57567 13390
4.68339 13390
4.69002 13390
4.69664 13390
4.70326 13390
4.70989 13390
4.71651 13390
4.71982 13390
4.72314 13390
4.72645 13390
4.72976 13390
4.73307 13390
4.73638 13390
4.7397 13390
4.74301 13390
4.74632 13390
4.74963 13390
4.75294 13390
4.75626 13390
4.75957 13390
4.8673 13390
4.87392 13390
4.88054 13390
4.88717 13390
4.89379 13390
4.90042 13390
4.90373 13390
4.90704 13390
4.91035 13390
4.91366 13390
4.91698 13390
4.92029 13390
4.9236 13390
4.92691 13390
4.93022 13390
4.93354 13390
4.93685 13390
4.94016 13390
4.94347 13390
5.04954 13390
5.05617 13390
5.06279 13390
5.06941 13390
5.07604 13390
5.08266 13390
5.08597 13390
5.08929 13390
5.0926 13390
5.09591 13390
5.09922 13390
5.10253 13390
5.10585 13390
5.10916 13390
5.11247 13390
5.11578 13390
5.11909 13390
5.12241 13390
5.12572 13390
5.23179 13390
5.23841 13390
5.24504 13390
5.25166 13390
5.25828 13390
5.26491 13390
5.26822 13390
5.27153 13390
5.27484 13390
5.27816 13390
5.28147 13390
5.28478 13390
5.28809 13390
5.2914 13390
5.29472 13390
5.29803 13390
5.30134 13390
5.30465 13390
5.30796 13390
5.31128 13390
5.41569 13390
5.42231 13390
5.42894 13390
5.43556 13390
5.44219 13390
5.44881 13390
5.45212 13390
5.45543 13390
5.45875 13390
5.46206 13390
5.46537 13390
5.46868 13390
5.47199 13390
5.47531 13390
5.47862 13390
5.48193 13390
5.48524 13390
5.48855 13390
5.49187 13390
5.49518 13390
5.59959 13390
5.60622 13390
5.61284 13390
5.61946 13390
5.62609 13390
5.63271 13390
5.63602 13390
5.63934 13390
5.64265 13390
5.64596 13390
5.64927 13390
5.65258 13390
5.6559 13390
5.65921 13390
5.66252 13390
5.66583 13390
5.66914 13390
5.67246 13390
5.67577 13390
5.67908 13390
5.78184 13390
5.78846 13390
5.79509 13390
5.80171 13390
5.80834 13390
5.81496 13390
5.81827 13390
5.82158 13390
5.8249 13390
5.82821 13390
5.83152 13390
5.83483 13390
5.83814 13390
5.84146 13390
5.84477 13390
5.84808 13390
5.85139 13390
5.8547 13390
5.85802 13390
5.86133 13390
5.96409 13390
5.97071 13390
5.97733 13390
5.98396 13390
5.99058 13390
5.99721 13390
6.00052 13390
6.00383 13390
6.00714 13390
6.01045 13390
6.01377 13390
6.01708 13390
6.02039 13390
6.0237 13390
6.02701 13390
6.03033 13390
6.03364 13390
6.03695 13390
6.04026 13390
6.04357 13390
6.14633 13390
6.15296 13390
6.15958 13390
6.1662 13390
6.16952 13390
6.17448 13390
6.18111 13390
6.18442 13390
6.18773 13390
6.19104 13390
6.19436 13390
6.19767 13390
6.20098 13390
6.20429 13390
6.2076 13390
6.21092 13390
6.21423 13390
6.21754 13390
6.22085 13390
6.22416 13390
6.22748 13390
6.33023 13390
6.33686 13390
6.34348 13390
6.35011 13390
6.35342 13390
6.35839 13390
6.36501 13390
6.36832 13390
6.37163 13390
6.37495 13390
6.37826 13390
6.38157 13390
6.38488 13390
6.38819 13390
6.39151 13390
6.39482 13390
6.39813 13390
6.40144 13390
6.40475 13390
6.40807 13390
6.41138 13390
6.51414 13390
6.52076 13390
6.52738 13390
6.53401 13390
6.53732 13390
6.54229 13390
6.54891 13390
6.55222 13390
6.55554 13390
6.55885 13390
6.56216 13390
6.56547 13390
6.56878 13390
6.5721 13390
6.57541 13390
6.57872 13390
6.58203 13390
6.58534 13390
6.58866 13390
6.59197 13390
6.59528 13390
6.69638 13390
6.70301 13390
6.70963 13390
6.71626 13390
6.71957 13390
6.72454 13390
6.73116 13390
6.73447 13390
6.73778 13390
6.7411 13390
6.74441 13390
6.74772 13390
6.75103 13390
6.75434 13390
6.75766 13390
6.76097 13390
6.76428 13390
6.76759 13390
6.7709 13390
6.77422 13390
6.77753 13390
6.87863 13390
6.88525 13390
6.89188 13390
6.8985 13390
6.90181 13390
6.90678 13390
6.91341 13390
6.91672 13390
6.92003 13390
6.92334 13390
6.92665 13390
6.92997 13390
6.93328 13390
6.93659 13390
6.9399 13390
6.94321 13390
6.94653 13390
6.94984 13390
6.95315 13390
6.95646 13390
6.95977 13390
6.96309 13390
7.06253 13390
7.06916 13390
7.07578 13390
7.0824 13390
7.08572 13390
7.09068 13390
7.09731 13390
7.10062 13390
7.10393 13390
7.10724 13390
7.11056 13390
7.11387 13390
7.11718 13390
7.12049 13390
7.1238 13390
7.12712 13390
7.13043 13390
7.13374 13390
7.13705 13390
7.14036 13390
7.14368 13390
7.14699 13390
7.24643 13390
7.25306 13390
7.25968 13390
7.26631 13390
7.26962 13390
7.27459 13390
7.28121 13390
7.28452 13390
7.28783 13390
7.29115 13390
7.29446 13390
7.29777 13390
7.30108 13390
7.30439 13390
7.30771 13390
7.31102 13390
7.31433 13390
7.31764 13390
7.32095 13390
7.32427 13390
7.32758 13390
7.33089 13390
7.42868 13390
7.4353 13390
7.44193 13390
7.44855 13390
7.45186 13390
7.45683 13390
7.46346 13390
7.46677 13390
7.47008 13390
7.47339 13390
7.4767 13390
7.48002 13390
7.48333 13390
7.48664 13390
7.48995 13390
7.49326 13390
7.49658 13390
7.49989 13390
7.5032 13390
7.50651 13390
7.50982 13390
7.51314 13390
7.61093 13390
7.61755 13390
7.62418 13390
7.6308 13390
7.63411 13390
7.63908 13390
7.6457 13390
7.64902 13390
7.65233 13390
7.65564 13390
7.65895 13390
7.66226 13390
7.66558 13390
7.66889 13390
7.6722 13390
7.67551 13390
7.67882 13390
7.68214 13390
7.68545 13390
7.68876 13390
7.69207 13390
7.69538 13390
7.6987 13390
7.79483 13390
7.80145 13390
7.80808 13390
7.8147 13390
7.81801 13390
7.82298 13390
7.82961 13390
7.83292 13390
7.83623 13390
7.83954 13390
7.84285 13390
7.84617 13390
7.84948 13390
7.85279 13390
7.8561 13390
7.85941 13390
7.86273 13390
7.86604 13390
7.86935 13390
7.87266 13390
7.87597 13390
7.87929 13390
7.8826 13390
7.97873 13390
7.98536 13390
7.99198 13390
7.9986 13390
8.00192 13390
8.00688 13390
8.01351 13390
8.01682 13390
8.02013 13390
8.02344 13390
8.02676 13390
8.03007 13390
8.03338 13390
8.03669 13390
8.04 13390
8.04332 13390
8.04663 13390
8.04994 13390
8.05325 13390
8.05656 13390
8.05988 13390
8.06319 13390
8.0665 13390
8.16263 13390
8.16926 13390
8.17588 13390
8.18085 13390
8.18416 13390
8.18913 13390
8.19575 13390
8.19907 13390
8.20238 13390
8.20569 13390
8.209 13390
8.21231 13390
8.21563 13390
8.21894 13390
8.22225 13390
8.22556 13390
8.22887 13390
8.23219 13390
8.2355 13390
8.23881 13390
8.24212 13390
8.24543 13390
8.24875 13390
8.34488 13390
8.3515 13390
8.35813 13390
8.3631 13390
8.36641 13390
8.37138 13390
8.378 13390
8.38131 13390
8.38462 13390
8.38794 13390
8.39125 13390
8.39456 13390
8.39787 13390
8.40118 13390
8.4045 13390
8.40781 13390
8.41112 13390
8.41443 13390
8.41774 13390
8.42106 13390
8.42437 13390
8.42768 13390
8.43099 13390
8.52713 13390
8.53375 13390
8.54038 13390
8.54534 13390
8.54866 13390
8.55362 13390
8.56025 13390
8.56356 13390
8.56687 13390
8.57018 13390
8.5735 13390
8.57681 13390
8.58012 13390
8.58343 13390
8.58674 13390
8.59006 13390
8.59337 13390
8.59668 13390
8.59999 13390
8.6033 13390
8.60662 13390
8.60993 13390
8.61324 13390
8.61655 13390
8.71103 13390
8.71765 13390
8.72428 13390
8.72925 13390
8.73256 13390
8.73753 13390
8.74415 13390
8.74746 13390
8.75077 13390
8.75409 13390
8.7574 13390
8.76071 13390
8.76402 13390
8.76733 13390
8.77065 13390
8.77396 13390
8.77727 13390
8.78058 13390
8.78389 13390
8.78721 13390
8.79052 13390
8.79383 13390
8.79714 13390
8.80045 13390
8.89493 13390
8.90156 13390
8.90818 13390
8.91315 13390
8.91646 13390
8.92143 13390
8.92805 13390
8.93136 13390
8.93468 13390
8.93799 13390
8.9413 13390
8.94461 13390
8.94792 13390
8.95124 13390
8.95455 13390
8.95786 13390
8.96117 13390
8.96448 13390
8.9678 13390
8.97111 13390
8.97442 13390
8.97773 13390
8.98104 13390
8.98436 13390
9.07718 13390
9.0838 13390
9.09043 13390
9.09539 13390
9.09871 13390
9.10367 13390
9.1103 13390
9.11361 13390
9.11692 13390
9.12023 13390
9.12355 13390
9.12686 13390
9.13017 13390
9.13348 13390
9.13679 13390
9.14011 13390
9.14342 13390
9.14673 13390
9.15004 13390
9.15335 13390
9.15667 13390
9.15998 13390
9.16329 13390
9.1666 13390
9.25942 13390
9.26605 13390
9.27267 13390
9.27764 13390
9.28095 13390
9.28592 13390
9.29254 13390
9.29586 13390
9.29917 13390
9.30248 13390
9.30579 13390
9.3091 13390
9.31242 13390
9.31573 13390
9.31904 13390
9.32235 13390
9.32566 13390
9.32898 13390
9.33229 13390
9.3356 13390
9.33891 13390
9.34222 13390
9.34554 13390
9.34885 13390
9.35216 13390
9.44333 13390
9.44995 13390
9.45658 13390
9.46154 13390
9.46486 13390
9.46982 13390
9.47645 13390
9.47976 13390
9.48307 13390
9.48638 13390
9.4897 13390
9.49301 13390
9.49632 13390
9.49963 13390
9.50294 13390
9.50626 13390
9.50957 13390
9.51288 13390
9.51619 13390
9.5195 13390
9.52282 13390
9.52613 13390
9.52944 13390
9.53275 13390
9.53606 13390
9.62723 13390
9.63385 13390
9.64048 13390
9.64545 13390
9.64876 13390
9.65373 13390
9.66035 13390
9.66366 13390
9.66697 13390
9.67029 13390
9.6736 13390
9.67691 13390
9.68022 13390
9.68353 13390
9.68685 13390
9.69016 13390
9.69347 13390
9.69678 13390
9.70009 13390
9.70341 13390
9.70672 13390
9.71003 13390
9.71334 13390
9.71665 13390
9.71997 13390
9.80948 13390
9.8161 13390
9.82272 13390
9.82769 13390
9.831 13390
9.83597 13390
9.8426 13390
9.84591 13390
9.84922 13390
9.85253 13390
9.85584 13390
9.85916 13390
9.86247 13390
9.86578 13390
9.86909 13390
9.8724 13390
9.87572 13390
9.87903 13390
9.88234 13390
9.88565 13390
9.88896 13390
9.89228 13390
9.89559 13390
9.8989 13390
9.90221 13390
9.99172 13390
9.99835 13390
10.005 13390
10.0099 13390
10.0133 13390
10.0182 13390
10.0248 13390
10.0282 13390
10.0315 13390
10.0348 13390
10.0381 13390
10.0414 13390
10.0447 13390
10.048 13390
10.0513 13390
10.0547 13390
10.058 13390
10.0613 13390
10.0646 13390
10.0679 13390
10.0712 13390
10.0745 13390
10.0778 13390
10.0811 13390
10.0845 13390
10.0878 13390
10.1756 13390
10.1822 13390
10.1889 13390
10.1938 13390
10.1972 13390
10.2021 13390
10.2087 13390
10.2121 13390
10.2154 13390
10.2187 13390
10.222 13390
10.2253 13390
10.2286 13390
10.2319 13390
10.2352 13390
10.2386 13390
10.2419 13390
10.2452 13390
10.2485 13390
10.2518 13390
10.2551 13390
10.2584 13390
10.2617 13390
10.265 13390
10.2684 13390
10.2717 13390
10.3595 13390
10.3662 13390
10.3728 13390
10.3777 13390
10.3811 13390
10.386 13390
10.3926 13390
10.396 13390
10.3993 13390
10.4026 13390
10.4059 13390
10.4092 13390
10.4125 13390
10.4158 13390
10.4191 13390
10.4225 13390
10.4258 13390
10.4291 13390
10.4324 13390
10.4357 13390
10.439 13390
10.4423 13390
10.4456 13390
10.449 13390
10.4523 13390
10.4556 13390
10.5434 13390
10.5501 13390
10.5567 13390
10.5616 13390
10.565 13390
10.5699 13390
10.5765 13390
10.5799 13390
10.5832 13390
10.5865 13390
10.5898 13390
10.5931 13390
10.5964 13390
10.5997 13390
10.603 13390
10.6064 13390
10.6097 13390
10.613 13390
10.6163 13390
10.6196 13390
10.6229 13390
10.6262 13390
10.6295 13390
10.6329 13390
10.6362 13390
10.6395 13390
10.7257 13390
10.7323 13390
10.7389 13390
10.7439 13390
10.7472 13390
10.7522 13390
10.7588 13390
10.7621 13390
10.7654 13390
10.7687 13390
10.772 13390
10.7754 13390
10.7787 13390
10.782 13390
10.7853 13390
10.7886 13390
10.7919 13390
10.7952 13390
10.7985 13390
10.8019 13390
10.8052 13390
10.8085 13390
10.8118 13390
10.8151 13390
10.8184 13390
10.8217 13390
10.9079 13390
10.9145 13390
10.9212 13390
10.9261 13390
10.9295 13390
10.9344 13390
10.941 13390
10.9444 13390
10.9477 13390
10.951 13390
10.9543 13390
10.9576 13390
10.9609 13390
10.9642 13390
10.9675 13390
10.9709 13390
10.9742 13390
10.9775 13390
10.9808 13390
10.9841 13390
10.9874 13390
10.9907 13390
10.994 13390
10.9973 13390
11.0007 13390
11.004 13390
11.0073 13390
11.0918 13390
11.0984 13390
11.1051 13390
11.11 13390
11.1134 13390
11.1183 13390
11.1249 13390
11.1283 13390
11.1316 13390
11.1349 13390
11.1382 13390
11.1415 13390
11.1448 13390
11.1481 13390
11.1514 13390
11.1548 13390
11.1581 13390
11.1614 13390
11.1647 13390
11.168 13390
11.1713 13390
11.1746 13390
11.1779 13390
11.1812 13390
11.1846 13390
11.1879 13390
11.1912 13390
11.2757 13390
11.2824 13390
11.289 13390
11.2939 13390
11.2973 13390
11.3022 13390
11.3088 13390
11.3122 13390
11.3155 13390
11.3188 13390
11.3221 13390
11.3254 13390
11.3287 13390
11.332 13390
11.3353 13390
11.3387 13390
11.342 13390
11.3453 13390
11.3486 13390
11.3519 13390
11.3552 13390
11.3585 13390
11.3618 13390
11.3652 13390
11.3685 13390
11.3718 13390
11.3751 13390
11.458 13390
11.4646 13390
11.4712 13390
11.4762 13390
11.4795 13390
11.4845 13390
11.4911 13390
11.4944 13390
11.4977 13390
11.501 13390
11.5043 13390
11.5077 13390
11.511 13390
11.5143 13390
11.5176 13390
11.5209 13390
11.5242 13390
11.5275 13390
11.5308 13390
11.5341 13390
11.5375 13390
11.5408 13390
11.5441 13390
11.5474 13390
11.5507 13390
11.554 13390
11.5573 13390
11.6402 13390
11.6468 13390
11.6535 13390
11.6584 13390
11.6617 13390
11.6667 13390
11.6733 13390
11.6767 13390
11.68 13390
11.6833 13390
11.6866 13390
11.6899 13390
11.6932 13390
11.6965 13390
11.6998 13390
11.7031 13390
11.7065 13390
11.7098 13390
11.7131 13390
11.7164 13390
11.7197 13390
11.723 13390
11.7263 13390
11.7296 13390
11.733 13390
11.7363 13390
11.7396 13390
11.8225 13390
11.8291 13390
11.8324 13390
11.8374 13390
11.8423 13390
11.8457 13390
11.8506 13390
11.8572 13390
11.8606 13390
11.8639 13390
11.8672 13390
11.8705 13390
11.8738 13390
11.8771 13390
11.8804 13390
11.8837 13390
11.8871 13390
11.8904 13390
11.8937 13390
11.897 13390
11.9003 13390
11.9036 13390
11.9069 13390
11.9102 13390
11.9135 13390
11.9169 13390
11.9202 13390
11.9235 13390
12.0064 13390
12.013 13390
12.0163 13390
12.0213 13390
12.0262 13390
12.0296 13390
12.0345 13390
12.0411 13390
12.0445 13390
12.0478 13390
12.0511 13390
12.0544 13390
12.0577 13390
12.061 13390
12.0643 13390
12.0676 13390
12.071 13390
12.0743 13390
12.0776 13390
12.0809 13390
12.0842 13390
12.0875 13390
12.0908 13390
12.0941 13390
12.0974 13390
12.1008 13390
12.1041 13390
12.1074 13390
12.1903 13390
12.1969 13390
12.2002 13390
12.2052 13390
12.2101 13390
12.2135 13390
12.2184 13390
12.2234 13390
12.2267 13390
12.23 13390
12.2333 13390
12.2366 13390
12.24 13390
12.2433 13390
12.2466 13390
12.2499 13390
12.2532 13390
12.2565 13390
12.2598 13390
12.2631 13390
12.2664 13390
12.2698 13390
12.2731 13390
12.2764 13390
12.2797 13390
12.283 13390
12.2863 13390
12.2896 13390
12.3725 13390
12.3791 13390
12.3825 13390
12.3874 13390
12.3924 13390
12.3957 13390
12.4007 13390
12.4056 13390
12.4089 13390
12.4123 13390
12.4156 13390
12.4189 13390
12.4222 13390
12.4255 13390
12.4288 13390
12.4321 13390
12.4354 13390
12.4388 13390
12.4421 13390
12.4454 13390
12.4487 13390
12.452 13390
12.4553 13390
12.4586 13390
12.4619 13390
12.4653 13390
12.4686 13390
12.4719 13390
12.5548 13390
12.5614 13390
12.5647 13390
12.5697 13390
12.5746 13390
12.5779 13390
12.5829 13390
12.5879 13390
12.5912 13390
12.5945 13390
12.5978 13390
12.6011 13390
12.6044 13390
12.6078 13390
12.6111 13390
12.6144 13390
12.6177 13390
12.621 13390
12.6243 13390
12.6276 13390
12.6309 13390
12.6343 13390
12.6376 13390
12.6409 13390
12.6442 13390
12.6475 13390
12.6508 13390
12.6541 13390
12.6574 13390
12.7387 13390
12.7453 13390
12.7486 13390
12.7536 13390
12.7585 13390
12.7619 13390
12.7668 13390
12.7718 13390
12.7751 13390
12.7784 13390
12.7817 13390
12.785 13390
12.7883 13390
12.7917 13390
12.795 13390
12.7983 13390
12.8016 13390
12.8049 13390
12.8082 13390
12.8115 13390
12.8148 13390
12.8182 13390
12.8215 13390
12.8248 13390
12.8281 13390
12.8314 13390
12.8347 13390
12.838 13390
12.8413 13390
12.9226 13390
12.9292 13390
12.9325 13390
12.9375 13390
12.9424 13390
12.9458 13390
12.9507 13390
12.9557 13390
12.959 13390
12.9623 13390
12.9656 13390
12.9689 13390
12.9722 13390
12.9756 13390
12.9789 13390
12.9822 13390
12.9855 13390
12.9888 13390
12.9921 13390
12.9954 13390
12.9987 13390
13.0021 13390
13.0054 13390
13.0087 13390
13.012 13390
13.0153 13390
13.0186 13390
13.0219 13390
13.0252 13390
13.1048 13390
13.1114 13390
13.1148 13390
13.1197 13390
13.1247 13390
13.128 13390
13.133 13390
13.1379 13390
13.1412 13390
13.1446 13390
13.1479 13390
