0.0 0
0.0905768 360
0.0905768 360
0.182886 720
0.276809 1080
0.370731 1440
0.462998 1800
0.46631 2160
0.55692 2520
0.560232 2880
0.563544 3240
0.650842 3600
0.654154 3960
0.657466 4320
0.660778 4680
0.743109 5040
0.746421 5400
0.749733 5760
0.753045 6120
0.756357 6480
0.759669 6840
0.835375 7200
0.838687 7560
0.841999 7920
0.845311 8280
0.848623 8640
0.851935 9000
0.855247 9360
0.858559 9720
0.861871 10080
0.927642 10440
0.930954 10800
0.934266 11160
0.937578 11520
0.94089 11880
0.944202 12240
0.947514 12600
0.950826 12960
0.954138 13320
0.95745 13680
0.960762 14040
0.964074 14400
0.967386 14760
0.970698 15120
1.02156 15480
1.02488 15840
1.02819 16200
1.0315 16560
1.03481 16920
1.03812 17280
1.04144 17640
1.04475 18000
1.04806 18360
1.05137 18720
1.05468 19080
1.058 19440
1.06131 19800
1.06462 20160
1.06793 20520
1.07124 20880
1.07456 21240
1.08118 21600
1.08449 21960
1.0878 22320
1.11549 22680
1.1188 23040
1.12211 23400
1.12542 23760
1.12873 24120
1.13205 24480
1.13536 24840
1.13867 25200
1.14198 25560
1.14529 25920
1.14861 26280
1.15192 26640
1.15523 27000
1.15854 27360
1.16185 27720
1.16517 28080
1.16848 28440
1.17179 28800
1.1751 29160
1.17841 29520
1.18173 29880
1.18504 30240
1.18835 30600
1.19166 30960
1.19497 31320
1.19829 31680
1.2016 32040
1.20491 32400
1.20822 32760
1.21153 33120
1.21485 33480
1.21816 33840
1.22147 34200
1.22478 34560
1.22809 34920
1.23141 35280
1.23472 35640
1.23803 36000
1.24134 36360
1.24465 36720
1.24797 37080
1.25128 37440
1.25459 37800
1.2579 38160
1.26121 38520
1.26453 38880
1.26784 39240
1.27115 39600
1.27446 39960
1.27777 40320
1.28109 40680
1.2844 41040
1.28771 41400
1.29102 41760
1.29433 42120
1.29765 42480
1.30096 42840
1.30427 43200
1.30758 43560
1.31089 43920
1.31421 44280
1.31752 44640
1.32083 45000
1.32749 45000
1.32749 720
1.6251 900
1.71903 1044
1.81295 1168
1.90687 1278
1.99914 1379
2.0914 1472
2.18367 1560
2.18698 1643
2.27759 1721
2.2809 1796
2.37151 1868
2.37483 1937
2.46544 2003
2.46875 2067
2.5577 2129
2.56101 2189
2.64997 2248
2.65328 2305
2.65659 2361
2.74389 2415
2.7472 2468
2.83785 720
3.02242 900
3.11635 1044
3.21027 1168
3.30419 1278
3.39646 1379
3.48872 1472
3.58099 1560
3.5843 1643
3.67491 1721
3.67822 1796
3.76883 1868
3.77215 1937
3.86276 2003
3.86607 2067
3.95502 2129
3.95834 2189
4.04729 2248
4.0506 2305
4.05391 2361
4.14121 2415
4.14452 2468
4.14784 2520
4.23513 2571
4.23845 2621
4.24176 2670
4.3274 2718
4.33071 2765
4.33403 2811
4.41967 2857
4.42298 2902
4.42629 2946
4.51193 2989
4.51525 3032
4.51856 3074
4.52187 3116
4.60586 3157
4.60917 3198
4.61248 3238
4.61579 3278
4.69978 3317
4.70309 3356
4.7064 3394
4.70971 3432
4.79205 3469
4.79536 3506
4.79867 3542
4.80198 3578
4.88431 3614
4.88762 3649
4.89094 3684
4.89425 3719
4.97658 3753
4.97989 3787
4.9832 3821
4.98651 3854
4.98983 3887
5.0705 3920
5.07381 3953
5.07712 3985
5.08044 4017
5.08375 4049
5.16442 4081
5.16773 4112
5.17105 4143
5.17436 4174
5.17767 4205
5.25669 4235
5.26 4265
5.26331 4295
5.26663 4325
5.26994 4354
5.34896 4383
5.35227 4412
5.35558 4441
5.35889 4470
5.3622 4498
5.36552 4526
5.44288 4554
5.44619 4582
5.4495 4610
5.45281 4638
5.45613 4665
5.45944 4692
5.5368 4719
5.54011 4746
5.54512 4773
5.54843 720
5.73466 900
5.82858 1044
5.9225 1168
6.01643 1278
6.10869 1379
6.20096 1472
6.29322 1560
6.29654 1643
6.38715 1721
6.39046 1796
6.48107 1868
6.48438 1937
6.57499 2003
6.5783 2067
6.66726 2129
6.67057 2189
6.75952 2248
6.76284 2305
6.76615 2361
6.85345 2415
6.85676 2468
6.86007 2520
6.94737 2571
6.95068 2621
6.95399 2670
7.03964 2718
7.04295 2765
7.04626 2811
7.1319 2857
7.13521 2902
7.13853 2946
7.22417 2989
7.22748 3032
7.23079 3074
7.2341 3116
7.31809 3157
7.3214 3198
7.32471 3238
7.32803 3278
7.41201 3317
7.41533 3356
7.41864 3394
7.42195 3432
7.50428 3469
7.50759 3506
7.5109 3542
7.51422 3578
7.59655 3614
7.59986 3649
7.60317 3684
7.60648 3719
7.68881 3753
7.69212 3787
7.69544 3821
7.69875 3854
7.70206 3887
7.78273 3920
7.78605 3953
7.78936 3985
7.79267 4017
7.79598 4049
7.87666 4081
7.87997 4112
7.88328 4143
7.88659 4174
7.88991 4205
7.96892 4235
7.97224 4265
7.97555 4295
7.97886 4325
7.98217 4354
8.06119 4383
8.0645 4412
8.06781 4441
8.07113 4470
8.07444 4498
8.07775 4526
8.15511 4554
8.15842 4582
8.16174 4610
8.16505 4638
8.16836 4665
8.17167 4692
8.24903 4719
8.25235 4746
8.25566 4773
8.25897 4800
8.26228 4827
8.26559 4853
8.3413 4879
8.34461 4905
8.34793 4931
8.35124 4957
8.35455 4983
8.35786 5009
8.43357 5034
8.43688 5059
8.44019 5084
8.4435 5109
8.44682 5134
8.45013 5159
8.52583 5184
8.52915 5209
8.53246 5233
8.53577 5257
8.53908 5281
8.54239 5305
8.54571 5329
8.61976 5353
8.62307 5377
8.62638 5401
8.62969 5424
8.633 5447
8.63632 5470
8.63963 5493
8.71368 5516
8.71699 5539
8.7203 5562
8.72361 5585
8.72693 5608
8.73024 5631
8.73355 5654
8.80595 5676
8.80926 5698
8.81257 5720
8.81588 5742
8.81919 5764
8.82251 5786
8.82582 5808
8.89821 5830
8.90152 5852
8.90484 5874
8.90815 5896
8.91146 5917
8.91477 5938
8.91808 5959
8.9214 5980
8.99213 6001
8.99545 6022
8.99876 6043
9.00207 6064
9.00538 6085
9.00869 6106
9.01201 6127
9.01532 6148
9.08606 6169
9.08937 6190
9.09268 6210
9.09599 6230
9.0993 6250
9.10262 6270
9.10593 6290
9.10924 6310
9.17832 6330
9.18163 6350
9.18495 6370
9.18826 6390
9.19157 6410
9.19488 6430
9.19819 6450
9.20151 6470
9.27059 6490
9.2739 6509
9.27721 6528
9.28053 6547
9.28384 6566
9.28715 6585
9.29046 6604
9.29377 6623
9.36286 6642
9.36617 6661
9.36948 6680
9.37279 6699
9.3761 6718
9.37942 6737
9.38273 6756
9.38604 6775
9.38935 6794
9.45678 6813
9.46009 6832
9.4634 6850
9.46671 6868
9.47003 6886
9.47334 6904
9.47665 6922
9.47996 6940
9.48327 6958
9.5507 6976
9.55401 6994
9.55732 7012
9.56064 7030
9.56395 7048
9.56726 7066
9.57057 7084
9.57388 7102
9.5772 7120
9.64297 7138
9.64628 7156
9.64959 7174
9.6529 7192
9.65621 7210
9.65953 7227
9.66284 7244
9.66615 7261
9.66946 7278
9.73523 7295
9.73854 7312
9.74186 7329
9.74517 7346
9.74848 7363
9.75179 7380
9.7551 7397
9.75842 7414
9.76173 7431
9.76504 7448
9.82916 7465
9.83247 7482
9.83578 7499
9.83909 7516
9.8424 7533
9.84572 7550
9.84903 7567
9.85234 7584
9.85565 7601
9.85896 7618
9.92308 7635
9.92639 7651
9.9297 7667
9.93301 7683
9.93633 7699
9.93964 7715
9.94295 7731
9.94626 7747
9.94957 7763
9.95289 7779
10.0153 7795
10.0187 7811
10.022 7827
10.0253 7843
10.0286 7859
10.0319 7875
10.0352 7891
10.0385 7907
10.0418 7923
10.0452 7939
10.1076 7955
10.1109 7971
10.1142 7987
10.1175 8003
10.1209 8019
10.1242 8035
10.1275 8051
10.1308 8067
10.1341 8083
10.1374 8099
10.1407 8115
10.2015 8130
10.2048 8145
10.2082 8160
10.2115 8175
10.2148 8190
10.2181 8205
10.2214 8220
10.2247 8235
10.228 8250
10.2313 8265
10.2347 8280
10.2955 8295
10.2988 8310
10.3021 8325
10.3054 8340
10.3087 8355
10.312 8370
10.3153 8385
10.3186 8400
10.322 8415
10.3253 8430
10.3286 8445
10.3877 8460
10.391 8475
10.3943 8490
10.3977 8505
10.401 8520
10.4043 8535
10.4076 8550
10.4109 8565
10.4142 8580
10.4175 8595
10.4208 8610
10.48 8625
10.4833 8640
10.4866 8655
10.4899 8669
10.4932 8683
10.4965 8697
10.4999 8711
10.5032 8725
10.5065 8739
10.5098 8753
10.5131 8767
10.5723 8781
10.5756 8795
10.5789 8809
10.5822 8823
10.5855 8837
10.5888 8851
10.5921 8865
10.5954 8879
10.5988 8893
10.6021 8907
10.6054 8921
10.6087 8935
10.6662 8949
10.6695 8963
10.6728 8977
10.6761 8991
10.6794 9005
10.6827 9019
10.686 9033
10.6894 9047
10.6927 9061
10.696 9075
10.6993 9089
10.7026 9103
10.7601 9117
10.7634 9131
10.7667 9145
10.77 9159
10.7733 9173
10.7767 9187
10.78 9201
10.7833 9215
10.7866 9229
10.7899 9243
10.7932 9257
10.7965 9271
10.8524 9284
10.8557 9297
10.859 9310
10.8623 9323
10.8656 9336
10.8689 9349
10.8722 9362
10.8755 9375
10.8789 9388
10.8822 9401
10.8855 9414
10.8888 9427
10.9446 9440
10.9479 9453
10.9513 9466
10.9546 9479
10.9579 9492
10.9612 9505
10.9645 9518
10.9678 9531
10.9711 9544
10.9744 9557
10.9778 9570
10.9811 9583
10.9844 9596
11.0386 9609
11.0419 9622
11.0452 9635
11.0485 9648
11.0518 9661
11.0551 9674
11.0584 9687
11.0617 9700
11.0651 9713
11.0684 9726
11.0717 9739
11.075 9752
11.0783 9765
11.1325 9778
11.1358 9791
11.1391 9804
11.1424 9817
11.1457 9830
11.149 9843
11.1523 9856
11.1557 9869
11.159 9882
11.1623 9895
11.1656 9908
11.1689 9921
11.1722 9934
11.2247 9947
11.2281 9960
11.2314 9973
11.2347 9985
11.238 9997
11.2413 10009
11.2446 10021
11.2479 10033
11.2512 10045
11.2546 10057
11.2579 10069
11.2612 10081
11.2645 10093
11.317 10105
11.3203 10117
11.3236 10129
11.3269 10141
11.3303 10153
11.3336 10165
11.3369 10177
11.3402 10189
11.3435 10201
11.3468 10213
11.3501 10225
11.3534 10237
11.3568 10249
11.3601 10261
11.4109 10273
11.4142 10285
11.4176 10297
11.4209 10309
11.4242 10321
11.4275 10333
11.4308 10345
11.4341 10357
11.4374 10369
11.4407 10381
11.4441 10393
11.4474 10405
11.4507 10417
11.454 10429
11.5049 10441
11.5082 10453
11.5115 10465
11.5148 10477
11.5181 10489
11.5214 10501
11.5247 10513
11.528 10525
11.5314 10537
11.5347 10549
11.538 10561
11.5413 10573
11.5446 10585
11.5479 10597
11.5988 10609
11.6021 10621
11.6054 10633
11.6087 10645
11.612 10657
11.6153 10669
11.6186 10681
11.622 10693
11.6253 10705
11.6286 10717
11.6319 10729
11.6352 10741
11.6385 10753
11.6418 10765
11.691 10777
11.6944 10789
11.6977 10801
11.701 10812
11.7043 10823
11.7076 10834
11.7109 10845
11.7142 10856
11.7175 10867
11.7209 10878
11.7242 10889
11.7275 10900
11.7308 10911
11.7341 10922
11.7833 10933
11.7866 10944
11.7899 10955
11.7932 10966
11.7966 10977
11.7999 10988
11.8032 10999
11.8065 11010
11.8098 11021
11.8131 11032
11.8164 11043
11.8197 11054
11.8231 11065
11.8264 11076
11.8297 11087
11.8772 11098
11.8805 11109
11.8839 11120
11.8872 11131
11.8905 11142
11.8938 11153
11.8971 11164
11.9004 11175
11.9037 11186
11.907 11197
11.9104 11208
11.9137 11219
11.917 11230
11.9203 11241
11.9236 11252
11.9712 11263
11.9745 11274
11.9778 11285
11.9811 11296
11.9844 11307
11.9877 11318
11.991 11329
11.9943 11340
11.9977 11351
12.001 11362
12.0043 11373
12.0076 11384
12.0109 11395
12.0142 11406
12.0175 11417
12.0634 11428
12.0667 11439
12.07 11450
12.0734 11461
12.0767 11472
12.08 11483
12.0833 11494
12.0866 11505
12.0899 11516
12.0932 11527
12.0965 11538
12.0999 11549
12.1032 11560
12.1065 11571
12.1098 11582
12.1557 11593
12.159 11604
12.1623 11615
12.1656 11626
12.1689 11637
12.1722 11648
12.1756 11659
12.1789 11670
12.1822 11681
12.1855 11692
12.1888 11703
12.1921 11714
12.1954 11725
12.1987 11736
12.2021 11747
12.2054 11758
12.2496 11769
12.2529 11780
12.2562 11791
12.2595 11801
12.2629 11811
12.2662 11821
12.2695 11831
12.2728 11841
12.2761 11851
12.2794 11861
12.2827 11871
12.286 11881
12.2894 11891
12.2927 11901
12.296 11911
12.2993 11921
12.3435 11931
12.3468 11941
12.3502 11951
12.3535 11961
12.3568 11971
12.3601 11981
12.3634 11991
12.3667 12001
12.37 12011
12.3733 12021
12.3767 12031
12.38 12041
12.3833 12051
12.3866 12061
12.3899 12071
12.3932 12081
12.4358 12091
12.4391 12101
12.4424 12111
12.4457 12121
12.449 12131
12.4524 12141
12.4557 12151
12.459 12161
12.4623 12171
12.4656 12181
12.4689 12191
12.4722 12201
12.4755 12211
12.4789 12221
12.4822 12231
12.4855 12241
12.5281 12251
12.5314 12261
12.5347 12271
12.538 12281
12.5413 12291
12.5446 12301
12.5479 12311
12.5512 12321
12.5546 12331
12.5579 12341
12.5612 12351
12.5645 12361
12.5678 12371
12.5711 12381
12.5744 12391
12.5777 12401
12.5811 12411
12.622 12421
12.6253 12431
12.6286 12441
12.6319 12451
12.6352 12461
12.6385 12471
12.6419 12481
12.6452 12491
12.6485 12501
12.6518 12511
12.6551 12521
12.6584 12531
12.6617 12541
12.665 12551
12.6684 12561
12.6717 12571
12.675 12581
12.7159 12591
12.7192 12601
12.7225 12611
12.7258 12621
12.7292 12631
12.7325 12641
12.7358 12651
12.7391 12661
12.7424 12671
12.7457 12681
12.749 12691
12.7523 12701
12.7557 12711
12.759 12721
12.7623 12731
12.7656 12741
12.7689 12751
12.8098 12761
12.8131 12771
12.8165 12781
12.8198 12791
12.8231 12801
12.8264 12811
12.8297 12821
12.833 12831
12.8363 12841
12.8396 12851
12.843 12861
12.8463 12871
12.8496 12881
12.8529 12891
12.8562 12901
12.8595 12911
12.8628 12921
12.9021 12931
12.9054 12941
12.9087 12951
12.912 12961
12.9153 12970
12.9187 12979
12.922 12988
12.9253 12997
12.9286 13006
12.9319 13015
12.9352 13024
12.9385 13033
12.9418 13042
12.9452 13051
12.9485 13060
12.9518 13069
12.9551 13078
12.9944 13087
12.9977 13096
13.001 13105
13.0043 13114
13.0076 13123
13.0109 13132
13.0142 13141
13.0175 13150
13.0209 13159
13.0242 13168
13.0275 13177
13.0308 13186
