0.0 0
0.180557 4294967295
0.362846 4294967295
0.546749 4294967295
0.730651 4294967295
0.912898 4294967295
0.91621 4294967295
1.0968 4294967295
1.10011 4294967295
1.10342 4294967295
1.2807 4294967295
1.28401 4294967295
1.28733 4294967295
1.29064 4294967295
1.46295 4294967295
1.46626 4294967295
1.46957 4294967295
1.47288 4294967295
1.4762 4294967295
1.47951 4294967295
1.6452 4294967295
1.64851 4294967295
1.65182 4294967295
1.65513 4294967295
1.65844 4294967295
1.66176 4294967295
1.66507 4294967295
1.66838 4294967295
1.67169 4294967295
1.82744 4294967295
1.83075 4294967295
1.83407 4294967295
1.83738 4294967295
1.84069 4294967295
1.844 4294967295
1.84731 4294967295
1.85063 4294967295
1.85394 4294967295
1.85725 4294967295
1.86056 4294967295
1.86387 4294967295
1.86719 4294967295
1.8705 4294967295
2.01134 4294967295
2.01466 4294967295
2.01797 4294967295
2.02128 4294967295
2.02459 4294967295
2.0279 4294967295
2.03122 4294967295
2.03453 4294967295
2.03784 4294967295
2.04115 4294967295
2.04446 4294967295
2.04778 4294967295
2.05109 4294967295
2.0544 4294967295
2.05771 4294967295
2.06102 4294967295
2.06434 4294967295
2.06765 4294967295
2.07096 4294967295
2.07427 4294967295
2.07758 4294967295
2.19525 4294967295
2.19856 4294967295
2.20187 4294967295
2.20518 4294967295
2.20849 4294967295
2.21181 4294967295
2.21512 4294967295
2.21843 4294967295
2.22174 4294967295
2.22505 4294967295
2.22837 4294967295
2.23168 4294967295
2.23499 4294967295
2.2383 4294967295
2.24161 4294967295
2.24493 4294967295
2.24824 4294967295
2.25155 4294967295
2.25486 4294967295
2.25817 4294967295
2.26149 4294967295
2.2648 4294967295
2.26811 4294967295
2.27142 4294967295
2.27473 4294967295
2.27805 4294967295
2.28136 4294967295
2.28467 4294967295
2.28798 4294967295
2.29129 4294967295
2.29461 4294967295
2.37749 4294967295
2.3808 4294967295
2.38412 4294967295
2.38743 4294967295
2.39074 4294967295
2.39405 4294967295
2.39736 4294967295
2.40068 4294967295
2.40399 4294967295
2.4073 4294967295
2.41061 4294967295
2.41392 4294967295
2.41724 4294967295
2.42055 4294967295
2.42386 4294967295
2.42717 4294967295
2.43048 4294967295
2.4338 4294967295
2.43711 4294967295
2.44042 4294967295
2.44373 4294967295
2.44704 4294967295
2.45036 4294967295
2.45367 4294967295
2.45698 4294967295
2.46029 4294967295
2.4636 4294967295
2.46692 4294967295
2.47023 4294967295
2.47354 4294967295
2.47685 4294967295
2.48016 4294967295
2.48348 4294967295
2.48679 4294967295
2.4901 4294967295
2.49341 4294967295
2.49672 4294967295
2.50004 4294967295
2.50335 4294967295
2.50666 4294967295
2.50997 4294967295
2.51328 4294967295
2.5166 4294967295
2.51991 4294967295
2.52322 4294967295
2.52653 4294967295
2.52984 4294967295
2.5614 4294967295
2.56471 4294967295
2.56802 4294967295
2.57133 4294967295
2.57464 4294967295
2.57796 4294967295
2.58127 4294967295
2.58458 4294967295
2.58789 4294967295
2.5912 4294967295
2.59452 4294967295
2.59783 4294967295
2.60114 4294967295
2.60445 4294967295
2.60776 4294967295
2.61108 4294967295
2.61439 4294967295
2.6177 4294967295
2.62101 4294967295
2.62432 4294967295
2.62764 4294967295
2.63095 4294967295
2.63426 4294967295
2.63757 4294967295
2.64088 4294967295
2.6442 4294967295
2.64751 4294967295
2.65082 4294967295
2.65413 4294967295
2.65744 4294967295
2.66076 4294967295
2.66407 4294967295
2.66738 4294967295
2.67069 4294967295
2.674 4294967295
2.67732 4294967295
2.68063 4294967295
2.68394 4294967295
2.68725 4294967295
2.69056 4294967295
2.69388 4294967295
2.69719 4294967295
2.7005 4294967295
2.70381 4294967295
2.70712 4294967295
2.71044 4294967295
2.71375 4294967295
2.71706 4294967295
2.72037 4294967295
2.72368 4294967295
2.727 4294967295
2.73031 4294967295
2.73362 4294967295
2.73693 4294967295
2.74024 4294967295
2.74356 4294967295
2.74687 4294967295
2.75018 4294967295
2.75349 4294967295
2.7568 4294967295
2.76012 4294967295
2.76343 4294967295
2.76674 4294967295
2.77005 4294967295
2.77336 4294967295
2.77668 4294967295
2.77999 4294967295
2.7833 4294967295
2.78661 4294967295
2.78992 4294967295
2.79324 4294967295
2.79655 4294967295
2.79986 4294967295
2.80317 4294967295
2.80648 4294967295
2.8098 4294967295
2.81311 4294967295
2.81642 4294967295
2.81973 4294967295
2.82304 4294967295
2.82635 4294967295
2.82967 4294967295
2.83298 4294967295
2.83629 4294967295
2.8396 4294967295
2.84291 4294967295
2.84623 4294967295
2.84954 4294967295
2.85285 4294967295
2.85616 4294967295
2.85947 4294967295
2.86279 4294967295
2.8661 4294967295
2.86941 4294967295
2.87272 4294967295
2.87603 4294967295
2.87935 4294967295
2.88266 4294967295
2.88597 4294967295
2.88928 4294967295
2.89259 4294967295
2.89591 4294967295
2.89922 4294967295
2.90253 4294967295
2.90584 4294967295
2.90915 4294967295
2.91247 4294967295
2.91578 4294967295
2.91909 4294967295
2.9224 4294967295
2.92571 4294967295
2.92903 4294967295
2.93234 4294967295
2.93565 4294967295
2.93896 4294967295
2.94227 4294967295
2.94559 4294967295
2.9489 4294967295
2.95221 4294967295
2.95552 4294967295
2.95883 4294967295
2.96215 4294967295
2.96546 4294967295
2.96877 4294967295
2.97208 4294967295
2.97539 4294967295
2.97871 4294967295
2.98202 4294967295
2.98533 4294967295
2.98864 4294967295
2.99195 4294967295
2.99527 4294967295
2.99858 4294967295
3.00189 4294967295
3.0052 4294967295
3.00851 4294967295
3.01183 4294967295
3.01514 4294967295
3.01845 4294967295
3.02176 4294967295
3.02507 4294967295
3.02839 4294967295
3.0317 4294967295
3.03501 4294967295
3.03832 4294967295
3.04163 4294967295
3.04495 4294967295
3.04826 4294967295
3.05157 4294967295
3.05488 4294967295
3.05819 4294967295
3.06151 4294967295
3.06482 4294967295
3.06813 4294967295
3.07144 4294967295
3.07475 4294967295
3.07807 4294967295
3.08138 4294967295
3.08469 4294967295
3.088 4294967295
3.09131 4294967295
3.09463 4294967295
3.09794 4294967295
3.10125 4294967295
3.10456 4294967295
3.10787 4294967295
3.11119 4294967295
3.1145 4294967295
3.11781 4294967295
3.12112 4294967295
3.12443 4294967295
3.12775 4294967295
3.13106 4294967295
3.13437 4294967295
3.13768 4294967295
3.14099 4294967295
3.14431 4294967295
3.14762 4294967295
3.15093 4294967295
3.15424 4294967295
3.15755 4294967295
3.16087 4294967295
3.16418 4294967295
3.16749 4294967295
3.1708 4294967295
3.17411 4294967295
3.17743 4294967295
3.18074 4294967295
3.18405 4294967295
3.18736 4294967295
3.19067 4294967295
3.19399 4294967295
3.1973 4294967295
3.20061 4294967295
3.20392 4294967295
3.20723 4294967295
3.21055 4294967295
3.21386 4294967295
3.21717 4294967295
3.22048 4294967295
3.22379 4294967295
3.22711 4294967295
3.23042 4294967295
3.23373 4294967295
3.23704 4294967295
3.24035 4294967295
3.24367 4294967295
3.24698 4294967295
3.25029 4294967295
3.2536 4294967295
3.25691 4294967295
3.26192 720
3.26192 720
4.82338 720
4.9241 720
4.9241 720
5.10966 720
5.29356 720
5.47746 720
5.65971 720
5.84195 720
6.0242 720
6.02751 720
6.2081 720
6.21142 720
6.39201 720
6.39532 720
6.57591 720
6.57922 720
6.75815 720
6.76147 720
6.9404 720
6.94371 720
6.94702 720
7.1243 720
7.12762 720
7.13093 720
7.30821 720
7.31152 720
7.31483 720
7.49045 720
7.49376 720
7.49708 720
7.6727 720
7.67601 720
7.67932 720
7.85494 720
7.85826 720
7.86157 720
7.86488 720
8.03885 720
8.04216 720
8.04547 720
8.04878 720
8.22275 720
8.22606 720
8.22937 720
8.23269 720
8.405 720
8.40831 720
8.41162 720
8.41493 720
8.58724 720
8.59055 720
8.59387 720
8.59718 720
8.76949 720
8.7728 720
8.77611 720
8.77942 720
8.78274 720
8.95339 720
8.9567 720
8.96002 720
8.96333 720
8.96664 720
9.13729 720
9.14061 720
9.14392 720
9.14723 720
9.15054 720
9.31954 720
9.32285 720
9.32616 720
9.32948 720
9.33279 720
9.50179 720
9.5051 720
9.50841 720
9.51172 720
9.51503 720
9.51835 720
9.68569 720
9.689 720
9.69231 720
9.69562 720
9.69894 720
9.70225 720
9.86959 720
9.8729 720
9.87622 720
9.87953 720
9.88284 720
9.88615 720
10.0518 720
10.0551 720
10.0585 720
10.0618 720
10.0651 720
10.0684 720
10.2341 720
10.2374 720
10.2407 720
10.244 720
10.2473 720
10.2506 720
10.4163 720
10.4196 720
10.423 720
10.4263 720
10.4296 720
10.4329 720
10.4362 720
10.6002 720
10.6035 720
10.6069 720
10.6102 720
10.6135 720
10.6168 720
10.6201 720
10.7841 720
10.7874 720
10.7908 720
10.7941 720
10.7974 720
10.8007 720
10.804 720
10.9664 720
10.9697 720
10.973 720
10.9763 720
10.9796 720
10.9829 720
10.9863 720
11.1486 720
11.1519 720
11.1553 720
11.1586 720
11.1619 720
11.1652 720
11.1685 720
11.1718 720
11.3325 720
11.3358 720
11.3392 720
11.3425 720
11.3458 720
11.3491 720
11.3524 720
11.3557 720
11.5164 720
11.5197 720
11.5231 720
11.5264 720
11.5297 720
11.533 720
11.5363 720
11.5396 720
11.6987 720
11.702 720
11.7053 720
11.7086 720
11.7119 720
11.7152 720
11.7186 720
11.7219 720
11.8809 720
11.8842 720
11.8875 720
11.8909 720
11.8942 720
11.8975 720
11.9008 720
11.9041 720
12.0632 720
12.0665 720
12.0698 720
12.0731 720
12.0764 720
12.0797 720
12.083 720
12.0864 720
12.0897 720
12.2471 720
12.2504 720
12.2537 720
12.257 720
12.2603 720
12.2636 720
12.2669 720
12.2703 720
12.2736 720
12.431 720
12.4343 720
12.4376 720
12.4409 720
12.4442 720
12.4475 720
12.4508 720
12.4542 720
12.4575 720
12.6132 720
12.6165 720
12.6198 720
12.6232 720
12.6265 720
12.6298 720
12.6331 720
12.6364 720
12.6397 720
12.7955 720
12.7988 720
12.8021 720
12.8054 720
12.8087 720
12.812 720
12.8153 720
12.8187 720
12.822 720
12.8253 720
12.9794 720
12.9827 720
12.986 720
12.9893 720
12.9926 720
12.9959 720
12.9992 720
13.0026 720
13.0059 720
13.0092 720
13.1633 720
13.1666 720
13.1699 720
13.1732 720
13.1765 720
13.1798 720
13.1831 720
13.1865 720
13.1898 720
13.1931 720
13.3455 720
13.3488 720
13.3521 720
13.3555 720
13.3588 720
13.3621 720
13.3654 720
13.3687 720
13.372 720
13.3753 720
13.5278 720
13.5311 720
13.5344 720
13.5377 720
13.541 720
13.5443 720
13.5476 720
13.551 720
13.5543 720
13.5576 720
13.5609 720
13.7117 720
13.715 720
13.7183 720
13.7216 720
13.7249 720
13.7282 720
13.7315 720
13.7349 720
13.7382 720
13.7415 720
13.7448 720
13.8956 720
13.8989 720
13.9022 720
13.9055 720
13.9088 720
13.9121 720
13.9154 720
13.9188 720
13.9221 720
13.9254 720
13.9287 720
14.0778 720
14.0811 720
14.0844 720
14.0878 720
14.0911 720
14.0944 720
14.0977 720
14.101 720
14.1043 720
14.1076 720
14.1109 720
14.2601 720
14.2634 720
14.2667 720
14.27 720
14.2733 720
14.2766 720
14.2799 720
14.2832 720
14.2866 720
14.2899 720
14.2932 720
14.4423 720
14.4456 720
14.4489 720
14.4522 720
14.4556 720
14.4589 720
14.4622 720
14.4655 720
14.4688 720
14.4721 720
14.4754 720
14.4787 720
14.6262 720
14.6295 720
14.6328 720
14.6361 720
14.6395 720
14.6428 720
14.6461 720
14.6494 720
14.6527 720
14.656 720
14.6593 720
14.6626 720
14.8101 720
14.8134 720
14.8167 720
14.8201 720
14.8234 720
14.8267 720
14.83 720
14.8333 720
14.8366 720
14.8399 720
14.8432 720
14.8465 720
14.9924 720
14.9957 720
14.999 720
