0.0905768 1
0.182886 361
0.276809 1081
0.370731 1801
0.462998 2521
0.46631 3241
0.55692 3961
0.560232 4681
0.563544 5401
0.650842 6121
0.654154 6841
0.657466 7561
0.660778 8281
0.743109 9001
0.746421 9721
0.749733 10441
0.753045 11161
0.756357 11881
0.759669 12601
0.835375 13321
0.838687 14041
0.841999 14761
0.845311 15481
0.848623 16201
0.851935 16921
0.855247 17641
0.858559 18361
0.861871 19081
0.927642 19801
0.930954 20521
0.934266 21241
0.937578 21961
0.94089 22681
0.944202 23401
0.947514 24121
0.950826 24841
0.954138 25561
0.95745 26281
0.960762 27001
0.964074 27721
0.967386 28441
0.970698 29161
1.02156 29881
1.02488 30601
1.02819 31321
1.0315 32041
1.03481 32761
1.03812 33481
1.04144 34201
1.04475 34921
1.04806 35641
1.05137 36361
1.05468 37081
1.058 37801
1.06131 38521
1.06462 39241
1.06793 39961
1.07124 40681
1.07456 41401
1.08118 42841
1.08449 43561
1.0878 44281
1.11549 45001
1.1188 45721
1.12211 46441
1.12542 47161
1.12873 47881
1.13205 48601
1.13536 49321
1.13867 50041
1.14198 50761
1.14529 51481
1.14861 52201
1.15192 52921
1.15523 53641
1.15854 54361
1.16185 55081
1.16517 55801
1.16848 56521
1.17179 57241
1.1751 57961
1.17841 58681
1.18173 59401
1.18504 60121
1.18835 60841
1.19166 61561
1.19497 62281
1.19829 63001
1.2016 63721
1.20491 64441
1.20822 65161
1.21153 65881
1.21485 66601
1.21816 67321
1.22147 68041
1.22478 68761
1.22809 69481
1.23141 70201
1.23472 70921
1.23803 71641
1.24134 72361
1.24465 73081
1.24797 73801
1.25128 74521
1.25459 75241
1.2579 75961
1.26121 76681
1.26453 77401
1.26784 78121
1.27115 78841
1.27446 79561
1.27777 80281
1.28109 81001
1.2844 81721
1.28771 82441
1.29102 83161
1.29433 83881
1.29765 84601
1.30096 85321
1.30427 86041
1.30758 86761
1.31089 87481
1.31421 88201
1.31752 88921
1.32083 89641
1.5328 135361
1.53611 136081
1.53942 136801
1.54273 137521
1.54605 138241
1.54936 138961
1.55267 139681
1.55598 140401
1.55929 141121
1.56261 141841
1.56592 142561
1.56923 143281
1.57254 144001
1.57585 144721
1.57917 145441
1.58248 146161
1.58579 146881
1.5891 147601
1.59241 148321
1.59573 149041
1.59904 149761
1.60235 150481
1.77623 187921
1.77954 188641
1.78285 189361
1.78617 190081
1.78948 190801
1.79279 191521
1.7961 192241
1.79941 192961
1.80273 193681
1.80604 194401
1.80935 195121
1.81266 195841
1.81597 196561
1.81929 197281
1.8226 198001
1.82591 198721
1.82922 199441
1.83253 200161
1.83585 200881
1.83916 201601
1.84247 202321
1.84578 203041
1.85079 203401
1.98654 233281
1.98985 234001
1.99317 234721
1.99648 235441
1.99979 236161
2.0031 236881
2.00641 237601
2.00973 238321
2.01304 239041
2.01635 239761
2.01966 240481
2.02297 241201
2.02629 241921
2.0296 242641
2.03291 243361
2.03622 244081
2.03953 244801
2.04285 245521
2.04616 246241
2.04947 246961
2.05278 247681
2.05609 248401
2.05941 249121
2.06272 249841
2.06603 250561
2.06934 251281
2.07265 252001
2.07597 252721
2.07928 253441
2.08259 254161
2.0859 254881
2.08921 255601
2.09253 256321
2.09584 257041
2.09915 257761
2.10246 258481
2.10577 259201
2.10909 259921
2.1124 260641
2.11571 261361
2.11902 262081
2.12233 262801
2.12565 263521
2.12896 264241
2.13227 264961
2.13558 265681
2.13889 266401
2.14221 267121
2.14552 267841
2.14883 268561
2.15214 269281
2.15545 270001
2.15877 270721
2.16208 271441
2.16539 272161
2.1687 272881
2.17201 273601
2.17533 274321
2.17864 275041
2.18195 275761
2.18526 276481
2.18857 277201
2.19189 277921
2.1952 278641
2.19851 279361
2.20182 280081
2.20513 280801
2.20845 281521
2.21176 282241
2.21507 282961
2.21838 283681
2.22169 284401
2.22501 285121
2.22832 285841
2.23163 286561
2.23494 287281
2.23825 288001
2.24157 288721
2.24488 289441
2.24819 290161
2.2515 290881
2.25481 291601
2.25813 292321
2.26144 293041
2.26475 293761
2.26806 294481
2.27137 295201
2.27469 295921
2.278 296641
2.28131 297361
2.28462 298081
2.28793 298801
2.29125 299521
2.29456 300241
2.29787 300961
2.30118 301681
2.30449 302401
2.30781 303121
2.31112 303841
2.31443 304561
2.31774 305281
2.32105 306001
2.32437 306721
2.32768 307441
2.33099 308161
2.3343 308881
2.33761 309601
2.34093 310321
2.34424 311041
2.34755 311761
2.35086 312481
2.35417 313201
2.35749 313921
2.3608 314641
2.36411 315361
2.36742 316081
2.37073 316801
2.37405 317521
2.37736 318241
2.38067 318961
2.38398 319681
2.38729 320401
2.39061 321121
2.39392 321841
2.39723 322561
2.40054 323281
2.40385 324001
2.40717 324721
2.41048 325441
2.41379 326161
2.4171 326881
2.42041 327601
2.42373 328321
2.42704 329041
2.43035 329761
2.43366 330481
2.43697 331201
2.44029 331921
2.4436 332641
2.44691 333361
2.45022 334081
2.45353 334801
2.45685 335521
2.46016 336241
2.46347 336961
2.46678 337681
2.47009 338401
2.47341 339121
2.47672 339841
2.48003 340561
2.48334 341281
2.48665 342001
2.48997 342721
2.49328 343441
2.49659 344161
2.4999 344881
2.50321 345601
2.50653 346321
2.50984 347041
2.51315 347761
2.51646 348481
2.51977 349201
2.52309 349921
2.5264 350641
2.52971 351361
2.53302 352081
2.53633 352801
2.53965 353521
2.54296 354241
2.54627 354961
2.54958 355681
2.55289 356401
2.55621 357121
2.55952 357841
2.56283 358561
2.56614 359281
2.56945 360001
2.57277 360721
2.57608 361441
2.57939 362161
2.5827 362881
2.58601 363601
2.58933 364321
2.59264 365041
2.59595 365761
2.59926 366481
2.60257 367201
2.60589 367921
2.6092 368641
2.61251 369361
2.61582 370081
2.61913 370801
2.62245 371521
2.62576 372241
2.62907 372961
2.63238 373681
2.63569 374401
2.63901 375121
2.64232 375841
2.64563 376561
2.64894 377281
2.65225 378001
2.65557 378721
2.65888 379441
2.66219 380161
2.6655 380881
2.66881 381601
2.67213 382321
2.67544 383041
2.67875 383761
2.68206 384481
2.68537 385201
2.68869 385921
2.692 386641
2.69531 387361
2.69862 388081
2.70193 388801
2.70525 389521
2.70856 390241
2.71187 390961
2.71518 391681
2.71849 392401
2.72181 393121
2.72512 393841
2.72843 394561
2.73174 395281
2.73505 396001
2.73837 396721
2.74168 397441
2.74499 398161
2.7483 398881
2.75161 399601
2.75493 400321
2.75824 401041
2.76155 401761
2.76486 402481
2.76817 403201
2.77149 403921
2.7748 404641
2.77811 405361
2.78142 406081
2.78473 406801
2.78805 407521
2.79136 408241
2.79467 408961
2.79798 409681
2.80129 410401
2.80461 411121
2.80792 411841
2.81123 412561
2.81454 413281
2.81785 414001
2.82117 414721
2.82448 415441
2.82779 416161
2.8311 416881
2.83441 417601
2.83773 418321
2.84104 419041
2.84435 419761
2.84766 420481
2.85097 421201
2.85429 421921
2.8576 422641
2.86091 423361
2.86422 424081
2.86753 424801
2.87085 425521
2.87416 426241
2.87747 426961
2.88078 427681
2.88409 428401
2.88741 429121
2.89072 429841
2.89403 430561
2.89734 431281
2.90065 432001
2.90397 432721
2.90728 433441
2.91059 434161
2.9139 434881
2.91721 435601
2.92053 436321
2.92384 437041
2.92715 437761
2.93046 438481
2.93377 439201
2.93709 439921
2.9404 440641
2.94371 441361
2.94702 442081
2.95033 442801
2.95365 443521
2.95696 444241
2.96027 444961
2.96358 445681
2.96689 446401
2.97021 447121
2.97352 447841
2.97683 448561
2.98014 449281
2.98345 450001
2.98677 450721
2.99008 451441
2.99339 452161
2.9967 452881
3.00001 453601
3.00333 454321
3.00664 455041
3.00995 455761
3.01326 456481
3.01657 457201
3.01989 457921
3.0232 458641
3.02651 459361
3.02982 460081
3.03313 460801
3.03645 461521
3.03976 462241
3.04307 462961
3.04638 463681
3.04969 464401
3.05301 465121
3.05632 465841
3.05963 466561
3.06294 467281
3.06625 468001
3.06957 468721
3.07288 469441
3.07619 470161
3.0795 470881
3.08281 471601
3.08613 472321
3.08944 473041
3.09275 473761
3.09606 474481
3.09937 475201
3.10269 475921
3.106 476641
3.10931 477361
3.11262 478081
3.11593 478801
3.11925 479521
3.12256 480241
3.12587 480961
3.12918 481681
3.13249 482401
3.13581 483121
3.13912 483841
3.14243 484561
3.14574 485281
3.14905 486001
3.15237 486721
3.15568 487441
3.15899 488161
3.1623 488881
3.16561 489601
3.16893 490321
3.17224 491041
3.17555 491761
3.17886 492481
3.18217 493201
3.18549 493921
3.1888 494641
3.19211 495361
3.19542 496081
3.19873 496801
3.20205 497521
3.20536 498241
3.20867 498961
3.21198 499681
3.21529 500401
3.21861 501121
3.22192 501841
3.22523 502561
3.22854 503281
3.23185 504001
3.23517 504721
3.23848 505441
3.24179 506161
3.2451 506881
3.24841 507601
3.25173 508321
3.25504 509041
3.25835 509761
3.26166 510481
3.26497 511201
3.26829 511921
3.2716 512641
3.27491 513361
3.27822 514081
3.28153 514801
3.28485 515521
3.28816 516241
3.29147 516961
3.29478 517681
3.29809 518401
3.30141 519121
3.30472 519841
3.30803 520561
3.31134 521281
3.31465 522001
3.31797 522721
3.32128 523441
3.32459 524161
3.3279 524881
3.33121 525601
3.33453 526321
3.33784 527041
3.34115 527761
3.34446 528481
3.34777 529201
3.35109 529921
3.3544 530641
3.35771 531361
3.36102 532081
3.36433 532801
3.36764 533521
3.37096 534241
3.37427 534961
3.37758 535681
3.38089 536401
3.3842 537121
3.38752 537841
3.39083 538561
3.39414 539281
3.39745 540001
3.40076 540721
3.40408 541441
3.40739 542161
3.4107 542881
3.41401 543601
3.41732 544321
3.42064 545041
3.42395 545761
3.42726 546481
3.43057 547201
3.43388 547921
3.4372 548641
3.44051 549361
3.44382 550081
3.44713 550801
3.45044 551521
3.45376 552241
3.45707 552961
3.46038 553681
3.46369 554401
3.467 555121
3.47032 555841
3.47363 556561
3.47694 557281
3.48025 558001
3.48356 558721
3.48688 559441
3.49019 560161
3.4935 560881
3.49681 561601
3.50012 562321
3.50344 563041
3.50675 563761
3.51006 564481
3.51337 565201
3.51668 565921
3.52 566641
3.52331 567361
3.52662 568081
3.52993 568801
3.53324 569521
3.53656 570241
3.53987 570961
3.54318 571681
3.54649 572401
3.5498 573121
3.55312 573841
3.55643 574561
3.55974 575281
3.56305 576001
3.56636 576721
3.56968 577441
3.57299 578161
3.5763 578881
3.57961 579601
3.58292 580321
3.58624 581041
3.58955 581761
3.59286 582481
3.59617 583201
3.59948 583921
3.6028 584641
3.60611 585361
3.60942 586081
3.61273 586801
3.61604 587521
3.61936 588241
3.62267 588961
3.62598 589681
3.62929 590401
3.6326 591121
3.63592 591841
3.63923 592561
3.64254 593281
3.64585 594001
3.64916 594721
3.65248 595441
3.65579 596161
3.6591 596881
3.66241 597601
3.66572 598321
3.66904 599041
3.67235 599761
3.67566 600481
3.67897 601201
3.68228 601921
3.6856 602641
3.68891 603361
3.69222 604081
3.69553 604801
3.69884 605521
3.70216 606241
3.70547 606961
3.70878 607681
3.71209 608401
3.7154 609121
3.71872 609841
3.72203 610561
3.72534 611281
3.72865 612001
3.73196 612721
3.73528 613441
3.73859 614161
3.7419 614881
3.74521 615601
3.74852 616321
3.75184 617041
3.75515 617761
3.75846 618481
3.76177 619201
3.76508 619921
3.7684 620641
3.77171 621361
3.77502 622081
3.77833 622801
3.78164 623521
3.78496 624241
3.78827 624961
3.79158 625681
3.79489 626401
3.7982 627121
3.80152 627841
3.80483 628561
3.80814 629281
3.81145 630001
3.81476 630721
3.81808 631441
3.82139 632161
3.8247 632881
3.82801 633601
3.83132 634321
3.83464 635041
3.83795 635761
3.84126 636481
3.84457 637201
3.84788 637921
3.8512 638641
3.85451 639361
3.85782 640081
3.86113 640801
3.86444 641521
3.86776 642241
3.87107 642961
3.87438 643681
3.87769 644401
3.881 645121
3.88432 645841
3.88763 646561
3.89094 647281
3.89425 648001
3.89756 648721
3.90088 649441
3.90419 650161
3.9075 650881
3.91081 651601
3.91412 652321
3.91744 653041
3.92075 653761
3.92406 654481
3.92737 655201
3.93068 655921
3.934 656641
3.93731 657361
3.94062 658081
3.94393 658801
3.94724 659521
3.95056 660241
3.95387 660961
3.95718 661681
3.96049 662401
3.9638 663121
3.96712 663841
3.97043 664561
3.97374 665281
3.97705 666001
3.98036 666721
3.98368 667441
3.98699 668161
3.9903 668881
3.99361 669601
3.99692 670321
4.00024 671041
4.00355 671761
4.00686 672481
4.01017 673201
4.01348 673921
4.0168 674641
4.02011 675361
4.02342 676081
4.02673 676801
4.03004 677521
4.03336 678241
4.03667 678961
4.03998 679681
4.04329 680401
4.0466 681121
4.04992 681841
4.05323 682561
4.05654 683281
4.05985 684001
4.06316 684721
4.06648 685441
4.06979 686161
4.0731 686881
4.07641 687601
4.07972 688321
4.08304 689041
4.08635 689761
4.08966 690481
4.09297 691201
4.09628 691921
4.0996 692641
4.10291 693361
4.10622 694081
4.10953 694801
4.11284 695521
4.11616 696241
4.11947 696961
4.12278 697681
4.12609 698401
4.1294 699121
4.13272 699841
4.13603 700561
4.13934 701281
4.14265 702001
4.14596 702721
4.14928 703441
4.15259 704161
4.1559 704881
4.15921 705601
4.16252 706321
4.16584 707041
4.16915 707761
4.17246 708481
4.17577 709201
4.17908 709921
4.1824 710641
4.18571 711361
4.18902 712081
4.19233 712801
4.19564 713521
4.19896 714241
4.20227 714961
4.20558 715681
4.20889 716401
4.2122 717121
4.21552 717841
4.21883 718561
4.22214 719281
4.22545 720001
4.22876 720721
4.23208 721441
4.23539 722161
4.2387 722881
4.24201 723601
4.24532 724321
4.24864 725041
4.25195 725761
4.25526 726481
4.25857 727201
4.26188 727921
4.2652 728641
4.26851 729361
4.27182 730081
4.27513 730801
4.27844 731521
4.28176 732241
4.28507 732961
4.28838 733681
4.29169 734401
4.295 735121
4.29832 735841
4.30163 736561
4.30494 737281
4.30825 738001
4.31156 738721
4.31488 739441
4.31819 740161
4.3215 740881
4.32481 741601
4.32812 742321
4.33144 743041
4.33475 743761
4.33806 744481
4.34137 745201
4.34468 745921
4.348 746641
4.35131 747361
4.35462 748081
4.35793 748801
4.36124 749521
4.36456 750241
4.36787 750961
4.37118 751681
4.37449 752401
4.3778 753121
4.38112 753841
4.38443 754561
4.38774 755281
4.39105 756001
4.39436 756721
4.39768 757441
4.40099 758161
4.4043 758881
4.40761 759601
4.41092 760321
4.41424 761041
4.41755 761761
4.42086 762481
4.42417 763201
4.42748 763921
4.4308 764641
4.43411 765361
4.43742 766081
4.44073 766801
4.44404 767521
4.44736 768241
4.45067 768961
4.45398 769681
4.45729 770401
4.4606 771121
4.46392 771841
4.46723 772561
4.47054 773281
4.47385 774001
4.47716 774721
4.48048 775441
4.48379 776161
4.4871 776881
4.49041 777601
4.49372 778321
4.49704 779041
4.50035 779761
4.50366 780481
4.50697 781201
4.51028 781921
4.5136 782641
4.51691 783361
4.52022 784081
4.52353 784801
4.52684 785521
4.53016 786241
4.53347 786961
4.53678 787681
4.54009 788401
4.5434 789121
4.54672 789841
4.55003 790561
4.55334 791281
4.55665 792001
4.55996 792721
4.56328 793441
4.56659 794161
4.5699 794881
4.57321 795601
4.57652 796321
4.57984 797041
4.58315 797761
4.58646 798481
4.58977 799201
4.59308 799921
4.5964 800641
4.59971 801361
4.60302 802081
4.60633 802801
4.60964 803521
4.61296 804241
4.61627 804961
4.61958 805681
4.62289 806401
4.6262 807121
4.62952 807841
4.63283 808561
4.63614 809281
4.63945 810001
4.64276 810721
4.64608 811441
4.64939 812161
4.6527 812881
4.65601 813601
4.65932 814321
4.66264 815041
4.66595 815761
4.66926 816481
4.67257 817201
4.67588 817921
4.6792 818641
4.68251 819361
4.68582 820081
4.68913 820801
4.69244 821521
4.69576 822241
4.69907 822961
4.70238 823681
4.70569 824401
4.709 825121
4.71232 825841
4.71563 826561
4.71894 827281
4.72225 828001
4.72556 828721
4.72888 829441
4.73219 830161
4.7355 830881
4.73881 831601
4.74212 832321
4.74544 833041
4.74875 833761
4.75206 834481
4.75537 835201
4.75868 835921
4.762 836641
4.76531 837361
4.76862 838081
4.77193 838801
4.77524 839521
4.77856 840241
4.78187 840961
4.78518 841681
4.78849 842401
4.7918 843121
4.79512 843841
4.79843 844561
4.80174 845281
4.80505 846001
4.80836 846721
4.81168 847441
4.81499 848161
4.8183 848881
4.82161 849601
4.82492 850321
4.82824 851041
4.83155 851761
4.83486 852481
4.83817 853201
4.84148 853921
4.8448 854641
4.84811 855361
4.85142 856081
4.85473 856801
4.85804 857521
4.86136 858241
4.86467 858961
4.86798 859681
4.87129 860401
4.8746 861121
4.87792 861841
4.88123 862561
4.88454 863281
4.88785 864001
4.89116 864721
4.89448 865441
4.89779 866161
4.9011 866881
4.90441 867601
4.90772 868321
4.91104 869041
4.91435 869761
4.91766 870481
4.92097 871201
4.92428 871921
4.9276 872641
4.93091 873361
4.93422 874081
4.93753 874801
4.94084 875521
4.94416 876241
4.94747 876961
4.95078 877681
4.95409 878401
4.9574 879121
4.96072 879841
4.96403 880561
4.96734 881281
4.97065 882001
4.97396 882721
4.97728 883441
4.98059 884161
4.9839 884881
4.98721 885601
4.99052 886321
4.99384 887041
4.99715 887761
5.00046 888481
5.00377 889201
5.00708 889921
5.0104 890641
5.01371 891361
5.01702 892081
5.18759 928801
5.1909 929521
5.19421 930241
5.19752 930961
5.20084 931681
5.20415 932401
5.20746 933121
5.21077 933841
5.21408 934561
5.2174 935281
5.22071 936001
5.22402 936721
5.22733 937441
5.23064 938161
5.23396 938881
5.23727 939601
5.24058 940321
5.24389 941041
5.2472 941761
5.25052 942481
5.25383 943201
5.25714 943921
5.26045 944641
5.26376 945361
5.26708 946081
5.27039 946801
5.2737 947521
5.27701 948241
5.28032 948961
5.28364 949681
5.28695 950401
5.29026 951121
5.29357 951841
5.29688 952561
5.3002 953281
5.30351 954001
5.30682 954721
5.31013 955441
5.31344 956161
5.31676 956881
5.32007 957601
5.32338 958321
5.32669 959041
5.33 959761
5.33332 960481
5.33663 961201
5.33994 961921
5.34325 962641
5.34656 963361
5.34988 964081
5.35319 964801
5.3565 965521
5.35981 966241
5.36312 966961
5.36644 967681
5.36975 968401
5.37306 969121
5.37637 969841
5.37968 970561
5.383 971281
5.38631 972001
5.38962 972721
5.39293 973441
5.39624 974161
5.39956 974881
5.40287 975601
5.40618 976321
5.40949 977041
5.4128 977761
5.41612 978481
5.41943 979201
5.42274 979921
5.42605 980641
5.42936 981361
5.43268 982081
5.43599 982801
5.4393 983521
5.44261 984241
5.44592 984961
5.44924 985681
5.45255 986401
5.45586 987121
5.45917 987841
5.46248 988561
5.4658 989281
5.46911 990001
5.47242 990721
5.47573 991441
5.47904 992161
5.48236 992881
5.48567 993601
5.48898 994321
5.49229 995041
5.4956 995761
5.49892 996481
5.50223 997201
5.50554 997921
5.50885 998641
5.51216 999361
5.51548 1000081
5.51879 1000801
5.5221 1001521
5.52541 1002241
5.52872 1002961
5.53204 1003681
5.53535 1004401
5.53866 1005121
5.54197 1005841
5.54528 1006561
5.5486 1007281
5.55191 1008001
5.55522 1008721
5.55853 1009441
5.56184 1010161
5.56516 1010881
5.56847 1011601
5.57178 1012321
5.57509 1013041
5.5784 1013761
5.58172 1014481
5.58503 1015201
5.58834 1015921
5.59165 1016641
5.59496 1017361
5.59828 1018081
5.60159 1018801
5.6049 1019521
5.60821 1020241
5.61152 1020961
5.61484 1021681
5.61815 1022401
5.62146 1023121
5.62477 1023841
5.62808 1024561
5.6314 1025281
5.63471 1026001
5.63802 1026721
5.64133 1027441
5.64464 1028161
5.64796 1028881
5.65127 1029601
5.65458 1030321
5.65789 1031041
5.6612 1031761
5.66452 1032481
5.66783 1033201
5.67114 1033921
5.67445 1034641
5.67776 1035361
5.68108 1036081
5.68439 1036801
5.6877 1037521
5.69101 1038241
5.69432 1038961
5.69764 1039681
5.70095 1040401
5.70426 1041121
5.70757 1041841
5.71088 1042561
5.7142 1043281
5.71751 1044001
5.72082 1044721
5.72413 1045441
5.72744 1046161
5.73076 1046881
5.73407 1047601
5.73738 1048321
5.74069 1049041
5.744 1049761
5.74732 1050481
5.75063 1051201
5.75394 1051921
5.75725 1052641
5.76056 1053361
5.76388 1054081
5.76719 1054801
5.7705 1055521
5.77381 1056241
5.77712 1056961
5.78044 1057681
5.78375 1058401
5.78706 1059121
5.79037 1059841
5.79368 1060561
5.797 1061281
5.80031 1062001
5.80362 1062721
5.80693 1063441
5.81024 1064161
5.81356 1064881
5.81687 1065601
5.82018 1066321
5.82349 1067041
5.8268 1067761
5.83012 1068481
5.83343 1069201
5.83674 1069921
5.84005 1070641
5.84336 1071361
5.84668 1072081
5.84999 1072801
5.8533 1073521
5.85661 1074241
5.85992 1074961
5.86324 1075681
5.86655 1076401
5.86986 1077121
5.87317 1077841
5.87648 1078561
5.8798 1079281
5.88311 1080001
5.88642 1080721
5.88973 1081441
5.89304 1082161
5.89636 1082881
5.89967 1083601
5.90298 1084321
5.90629 1085041
5.9096 1085761
5.91292 1086481
5.91623 1087201
5.91954 1087921
5.92285 1088641
5.92616 1089361
5.92948 1090081
5.93279 1090801
5.9361 1091521
5.93941 1092241
5.94272 1092961
5.94604 1093681
5.94935 1094401
5.95266 1095121
5.95597 1095841
5.95928 1096561
5.9626 1097281
5.96591 1098001
5.96922 1098721
5.97253 1099441
5.97584 1100161
5.97916 1100881
5.98247 1101601
5.98578 1102321
5.98909 1103041
5.9924 1103761
5.99572 1104481
5.99903 1105201
6.00234 1105921
6.00565 1106641
6.00896 1107361
6.01228 1108081
6.01559 1108801
6.0189 1109521
6.02221 1110241
6.02552 1110961
6.02884 1111681
6.03215 1112401
6.03546 1113121
6.03877 1113841
6.04208 1114561
6.0454 1115281
6.04871 1116001
6.05202 1116721
6.05533 1117441
6.05864 1118161
6.06196 1118881
6.06527 1119601
6.06858 1120321
6.07189 1121041
6.0752 1121761
6.07852 1122481
6.08183 1123201
6.08514 1123921
6.08845 1124641
6.09176 1125361
6.09508 1126081
6.09839 1126801
6.1017 1127521
6.10501 1128241
6.10832 1128961
6.11164 1129681
6.11495 1130401
6.11826 1131121
6.12157 1131841
6.12488 1132561
6.1282 1133281
6.13151 1134001
6.13482 1134721
6.13813 1135441
6.14144 1136161
6.14476 1136881
6.14807 1137601
6.15138 1138321
6.15469 1139041
6.158 1139761
6.16132 1140481
6.16463 1141201
6.16794 1141921
6.17125 1142641
6.17456 1143361
6.17788 1144081
6.18119 1144801
6.1845 1145521
6.18781 1146241
6.19112 1146961
6.19444 1147681
6.19775 1148401
6.20106 1149121
6.20437 1149841
6.20768 1150561
6.211 1151281
6.21431 1152001
6.21762 1152721
6.22093 1153441
6.22424 1154161
6.22756 1154881
6.23087 1155601
6.23418 1156321
6.23749 1157041
6.2408 1157761
6.24412 1158481
6.24743 1159201
6.25074 1159921
6.25405 1160641
6.25736 1161361
6.26068 1162081
6.26399 1162801
6.2673 1163521
6.27061 1164241
6.27392 1164961
6.27724 1165681
6.28055 1166401
6.28386 1167121
6.28717 1167841
6.29048 1168561
6.2938 1169281
6.29711 1170001
6.30042 1170721
6.30373 1171441
6.30704 1172161
6.31036 1172881
6.31367 1173601
6.31698 1174321
6.32029 1175041
6.3236 1175761
6.32692 1176481
6.33023 1177201
6.33354 1177921
6.33685 1178641
6.34016 1179361
6.34348 1180081
6.34679 1180801
6.3501 1181521
6.35341 1182241
6.35672 1182961
6.36004 1183681
6.36335 1184401
6.36666 1185121
6.36997 1185841
6.37328 1186561
6.3766 1187281
6.37991 1188001
6.38322 1188721
6.38653 1189441
6.38984 1190161
6.39316 1190881
6.39647 1191601
6.39978 1192321
6.40309 1193041
6.4064 1193761
6.40972 1194481
6.41303 1195201
6.41634 1195921
6.41965 1196641
6.42296 1197361
6.42628 1198081
6.42959 1198801
6.4329 1199521
6.43621 1200241
6.43952 1200961
6.44284 1201681
6.44615 1202401
6.44946 1203121
6.45277 1203841
6.45608 1204561
6.4594 1205281
6.46271 1206001
6.46602 1206721
6.46933 1207441
6.47264 1208161
6.47596 1208881
6.47927 1209601
6.48258 1210321
6.48589 1211041
6.4892 1211761
6.49252 1212481
6.49583 1213201
6.49914 1213921
6.50245 1214641
6.50576 1215361
6.50908 1216081
6.51239 1216801
6.5157 1217521
6.51901 1218241
6.52232 1218961
6.52564 1219681
6.52895 1220401
6.53226 1221121
6.53557 1221841
6.53888 1222561
6.5422 1223281
6.54551 1224001
6.54882 1224721
6.55213 1225441
6.55544 1226161
6.55876 1226881
6.56207 1227601
6.56538 1228321
6.56869 1229041
6.572 1229761
6.57532 1230481
6.57863 1231201
6.58194 1231921
6.58525 1232641
6.58856 1233361
6.59188 1234081
6.59519 1234801
6.5985 1235521
6.60181 1236241
6.60512 1236961
6.60844 1237681
6.61175 1238401
6.61506 1239121
6.61837 1239841
6.62168 1240561
6.625 1241281
6.62831 1242001
6.63162 1242721
6.63493 1243441
6.63824 1244161
6.64156 1244881
6.64487 1245601
6.64818 1246321
6.65149 1247041
6.6548 1247761
6.65812 1248481
6.66143 1249201
6.66474 1249921
6.66805 1250641
6.67136 1251361
6.67468 1252081
6.67799 1252801
6.6813 1253521
6.68461 1254241
6.68792 1254961
6.69123 1255681
6.69455 1256401
6.69786 1257121
6.70117 1257841
6.70448 1258561
6.70779 1259281
6.71111 1260001
6.71442 1260721
6.71773 1261441
6.72104 1262161
6.72435 1262881
6.72767 1263601
6.73098 1264321
6.73429 1265041
6.7376 1265761
6.74091 1266481
6.74423 1267201
6.74754 1267921
6.75085 1268641
6.75416 1269361
6.75747 1270081
6.76079 1270801
6.7641 1271521
6.76741 1272241
6.77072 1272961
6.77403 1273681
6.77735 1274401
6.78066 1275121
6.78397 1275841
6.78728 1276561
6.79059 1277281
6.79391 1278001
6.79722 1278721
6.80053 1279441
6.80384 1280161
6.80715 1280881
6.81047 1281601
6.81378 1282321
6.81709 1283041
6.8204 1283761
6.82371 1284481
6.82703 1285201
6.83034 1285921
6.83365 1286641
6.83696 1287361
6.84027 1288081
6.84359 1288801
6.8469 1289521
6.85021 1290241
6.85352 1290961
6.85683 1291681
6.86015 1292401
6.86346 1293121
6.86677 1293841
6.87008 1294561
6.87339 1295281
6.87671 1296001
6.88002 1296721
6.88333 1297441
6.88664 1298161
6.88995 1298881
6.89327 1299601
6.89658 1300321
6.89989 1301041
6.9032 1301761
6.90651 1302481
6.90983 1303201
6.91314 1303921
6.91645 1304641
6.91976 1305361
6.92307 1306081
6.92639 1306801
6.9297 1307521
6.93301 1308241
6.93632 1308961
6.93963 1309681
6.94295 1310401
6.94626 1311121
6.94957 1311841
6.95288 1312561
6.95619 1313281
6.95951 1314001
6.96282 1314721
6.96613 1315441
6.96944 1316161
6.97275 1316881
6.97607 1317601
6.97938 1318321
6.98269 1319041
6.986 1319761
6.98931 1320481
6.99263 1321201
6.99594 1321921
6.99925 1322641
7.00256 1323361
7.00587 1324081
7.00919 1324801
7.0125 1325521
7.01581 1326241
7.01912 1326961
7.02243 1327681
7.02575 1328401
7.02906 1329121
7.03237 1329841
7.03568 1330561
7.03899 1331281
7.04231 1332001
7.04562 1332721
7.04893 1333441
7.05224 1334161
7.05555 1334881
7.05887 1335601
7.06218 1336321
7.06549 1337041
7.0688 1337761
7.07211 1338481
7.07543 1339201
7.07874 1339921
7.08205 1340641
7.08536 1341361
7.08867 1342081
7.09199 1342801
7.0953 1343521
7.09861 1344241
7.10192 1344961
7.10523 1345681
7.10855 1346401
7.11186 1347121
7.11517 1347841
7.11848 1348561
7.12179 1349281
7.12511 1350001
7.12842 1350721
7.13173 1351441
7.13504 1352161
7.13835 1352881
7.14167 1353601
7.14498 1354321
7.14829 1355041
7.1516 1355761
7.15491 1356481
7.15823 1357201
7.16154 1357921
7.16485 1358641
7.16816 1359361
7.17147 1360081
7.17479 1360801
7.1781 1361521
7.18141 1362241
7.18472 1362961
7.18803 1363681
7.19135 1364401
7.19466 1365121
7.19797 1365841
7.20128 1366561
7.20459 1367281
7.20791 1368001
7.21122 1368721
7.21453 1369441
7.21784 1370161
7.22115 1370881
7.22447 1371601
7.22778 1372321
7.23109 1373041
7.2344 1373761
7.23771 1374481
7.24103 1375201
7.24434 1375921
7.24765 1376641
7.25096 1377361
7.25427 1378081
7.25759 1378801
7.2609 1379521
7.26421 1380241
7.26752 1380961
7.27083 1381681
7.27415 1382401
7.27746 1383121
7.28077 1383841
7.28408 1384561
7.28739 1385281
7.29071 1386001
7.29402 1386721
7.29733 1387441
7.30064 1388161
7.30395 1388881
7.30727 1389601
7.31058 1390321
7.31389 1391041
7.3172 1391761
7.32051 1392481
7.49108 1429201
7.49439 1429921
7.49771 1430641
7.50102 1431361
7.50433 1432081
7.50764 1432801
7.51095 1433521
7.51427 1434241
7.51758 1434961
7.52089 1435681
7.5242 1436401
7.52751 1437121
7.53083 1437841
7.53414 1438561
7.53745 1439281
7.54076 1440001
7.54407 1440721
7.54739 1441441
7.5507 1442161
7.55401 1442881
7.55732 1443601
7.56063 1444321
7.56395 1445041
7.56726 1445761
7.57057 1446481
7.57388 1447201
7.57719 1447921
7.58051 1448641
7.58382 1449361
7.58713 1450081
7.59044 1450801
7.59375 1451521
7.59707 1452241
7.60038 1452961
7.60369 1453681
7.607 1454401
7.61031 1455121
7.61363 1455841
7.61694 1456561
7.62025 1457281
7.62356 1458001
7.62687 1458721
7.63019 1459441
7.6335 1460161
7.63681 1460881
7.64012 1461601
7.64343 1462321
7.64675 1463041
7.65006 1463761
7.65337 1464481
7.65668 1465201
7.65999 1465921
7.66331 1466641
7.66662 1467361
7.66993 1468081
7.67324 1468801
7.67655 1469521
7.67987 1470241
7.68318 1470961
7.68649 1471681
7.6898 1472401
7.69311 1473121
7.69643 1473841
7.69974 1474561
7.70305 1475281
7.70636 1476001
7.70967 1476721
7.71299 1477441
7.7163 1478161
7.71961 1478881
7.72292 1479601
7.72623 1480321
7.72955 1481041
7.73286 1481761
7.73617 1482481
7.73948 1483201
7.74279 1483921
7.74611 1484641
7.74942 1485361
7.75273 1486081
7.75604 1486801
7.75935 1487521
7.76267 1488241
7.76598 1488961
7.76929 1489681
7.7726 1490401
7.77591 1491121
7.77923 1491841
7.78254 1492561
7.78585 1493281
7.78916 1494001
7.79247 1494721
7.79579 1495441
7.7991 1496161
7.80241 1496881
7.80572 1497601
7.80903 1498321
7.81235 1499041
7.81566 1499761
7.81897 1500481
7.82228 1501201
7.82559 1501921
7.82891 1502641
7.83222 1503361
7.83553 1504081
7.83884 1504801
7.84215 1505521
7.84547 1506241
7.84878 1506961
7.85209 1507681
7.8554 1508401
7.85871 1509121
7.86203 1509841
7.86534 1510561
7.86865 1511281
7.87196 1512001
7.87527 1512721
7.87859 1513441
7.8819 1514161
7.88521 1514881
7.88852 1515601
7.89183 1516321
7.89515 1517041
7.89846 1517761
7.90177 1518481
7.90508 1519201
7.90839 1519921
7.91171 1520641
7.91502 1521361
7.91833 1522081
7.92164 1522801
7.92495 1523521
7.92827 1524241
7.93158 1524961
7.93489 1525681
7.9382 1526401
7.94151 1527121
7.94483 1527841
7.94814 1528561
7.95145 1529281
7.95476 1530001
7.95807 1530721
7.96139 1531441
7.9647 1532161
7.96801 1532881
7.97132 1533601
7.97463 1534321
7.97795 1535041
7.98126 1535761
7.98457 1536481
7.98788 1537201
7.99119 1537921
7.99451 1538641
7.99782 1539361
8.00113 1540081
8.00444 1540801
8.00775 1541521
8.01107 1542241
8.01438 1542961
8.01769 1543681
8.021 1544401
8.02431 1545121
8.02763 1545841
8.03094 1546561
8.03425 1547281
8.03756 1548001
8.04087 1548721
8.04419 1549441
8.0475 1550161
8.05081 1550881
8.05412 1551601
8.05743 1552321
8.06075 1553041
8.06406 1553761
8.06737 1554481
8.07068 1555201
8.07399 1555921
8.07731 1556641
8.08062 1557361
8.08393 1558081
8.08724 1558801
8.09055 1559521
8.09387 1560241
8.09718 1560961
8.10049 1561681
8.1038 1562401
8.10711 1563121
8.11043 1563841
8.11374 1564561
8.11705 1565281
8.12036 1566001
8.12367 1566721
8.12699 1567441
8.1303 1568161
8.13361 1568881
8.13692 1569601
8.14023 1570321
8.14355 1571041
8.14686 1571761
8.15017 1572481
8.15348 1573201
8.15679 1573921
8.16011 1574641
8.16342 1575361
8.16673 1576081
8.17004 1576801
8.17335 1577521
8.17667 1578241
8.17998 1578961
8.18329 1579681
8.1866 1580401
8.18991 1581121
8.19323 1581841
8.19654 1582561
8.19985 1583281
8.20316 1584001
8.20647 1584721
8.20979 1585441
8.2131 1586161
8.21641 1586881
8.21972 1587601
8.22303 1588321
8.22635 1589041
8.22966 1589761
8.23297 1590481
8.23628 1591201
8.23959 1591921
8.24291 1592641
8.24622 1593361
8.24953 1594081
8.25284 1594801
8.25615 1595521
8.25947 1596241
8.26278 1596961
8.26609 1597681
8.2694 1598401
8.27271 1599121
8.27603 1599841
8.27934 1600561
8.28265 1601281
8.28596 1602001
8.28927 1602721
8.29259 1603441
8.2959 1604161
8.29921 1604881
8.30252 1605601
8.30583 1606321
8.30915 1607041
8.31246 1607761
8.31577 1608481
8.31908 1609201
8.32239 1609921
8.32571 1610641
8.32902 1611361
8.33233 1612081
8.33564 1612801
8.33895 1613521
8.34227 1614241
8.34558 1614961
8.34889 1615681
8.3522 1616401
8.35551 1617121
8.35883 1617841
8.36214 1618561
8.36545 1619281
8.36876 1620001
8.37207 1620721
8.37539 1621441
8.3787 1622161
8.38201 1622881
8.38532 1623601
8.38863 1624321
8.39195 1625041
8.39526 1625761
8.39857 1626481
8.40188 1627201
8.40519 1627921
8.40851 1628641
8.41182 1629361
8.41513 1630081
8.41844 1630801
8.42175 1631521
8.42507 1632241
8.42838 1632961
8.43169 1633681
8.435 1634401
8.43831 1635121
8.44163 1635841
8.44494 1636561
8.44825 1637281
8.45156 1638001
8.45487 1638721
8.45819 1639441
8.4615 1640161
8.46481 1640881
8.46812 1641601
8.47143 1642321
8.47475 1643041
8.47806 1643761
8.48137 1644481
8.48468 1645201
8.48799 1645921
8.49131 1646641
8.49462 1647361
8.49793 1648081
8.50124 1648801
8.50455 1649521
8.50787 1650241
8.51118 1650961
8.51449 1651681
8.5178 1652401
8.52111 1653121
8.52443 1653841
8.52774 1654561
8.53105 1655281
8.53436 1656001
8.53767 1656721
8.54099 1657441
8.5443 1658161
8.54761 1658881
8.55092 1659601
8.55423 1660321
8.55755 1661041
8.56086 1661761
8.56417 1662481
8.56748 1663201
8.57079 1663921
8.57411 1664641
8.57742 1665361
8.58073 1666081
8.58404 1666801
8.58735 1667521
8.59067 1668241
8.59398 1668961
8.59729 1669681
8.6006 1670401
8.60391 1671121
8.60723 1671841
8.61054 1672561
8.61385 1673281
8.61716 1674001
8.62047 1674721
8.62379 1675441
8.6271 1676161
8.63041 1676881
8.63372 1677601
8.63703 1678321
8.64035 1679041
8.64366 1679761
8.64697 1680481
8.65028 1681201
8.65359 1681921
8.65691 1682641
8.66022 1683361
8.66353 1684081
8.66684 1684801
8.67015 1685521
8.67347 1686241
8.67678 1686961
8.68009 1687681
8.6834 1688401
8.68671 1689121
8.69003 1689841
8.69334 1690561
8.69665 1691281
8.69996 1692001
8.70327 1692721
8.70659 1693441
8.7099 1694161
8.71321 1694881
8.71652 1695601
8.71983 1696321
8.72315 1697041
8.72646 1697761
8.72977 1698481
8.73308 1699201
8.73639 1699921
8.73971 1700641
8.74302 1701361
8.74633 1702081
8.74964 1702801
8.75295 1703521
8.75627 1704241
8.75958 1704961
8.76289 1705681
8.7662 1706401
8.76951 1707121
8.77283 1707841
8.77614 1708561
8.77945 1709281
8.78276 1710001
8.78607 1710721
8.78939 1711441
8.7927 1712161
8.79601 1712881
8.79932 1713601
8.80263 1714321
8.80595 1715041
8.80926 1715761
8.81257 1716481
8.81588 1717201
8.81919 1717921
8.82251 1718641
8.82582 1719361
8.82913 1720081
8.83244 1720801
8.83575 1721521
8.83907 1722241
8.84238 1722961
8.84569 1723681
8.849 1724401
8.85231 1725121
8.85563 1725841
8.85894 1726561
8.86225 1727281
8.86556 1728001
8.86887 1728721
8.87219 1729441
8.8755 1730161
8.87881 1730881
8.88212 1731601
8.88543 1732321
8.88875 1733041
8.89206 1733761
8.89537 1734481
8.89868 1735201
8.90199 1735921
8.90531 1736641
8.90862 1737361
8.91193 1738081
8.91524 1738801
8.91855 1739521
8.92187 1740241
8.92518 1740961
8.92849 1741681
8.9318 1742401
8.93511 1743121
8.93843 1743841
8.94174 1744561
8.94505 1745281
8.94836 1746001
8.95167 1746721
8.95499 1747441
8.9583 1748161
8.96161 1748881
8.96492 1749601
8.96823 1750321
8.97155 1751041
8.97486 1751761
8.97817 1752481
8.98148 1753201
8.98479 1753921
8.98811 1754641
8.99142 1755361
8.99473 1756081
8.99804 1756801
9.00135 1757521
9.00467 1758241
9.00798 1758961
9.01129 1759681
9.0146 1760401
9.01791 1761121
9.02123 1761841
9.02454 1762561
9.02785 1763281
9.03116 1764001
9.03447 1764721
9.03779 1765441
9.0411 1766161
9.04441 1766881
9.04772 1767601
9.05103 1768321
9.05435 1769041
9.05766 1769761
9.06097 1770481
9.06428 1771201
9.06759 1771921
9.07091 1772641
9.07422 1773361
9.07753 1774081
9.08084 1774801
9.08415 1775521
9.08747 1776241
9.09078 1776961
9.09409 1777681
9.0974 1778401
9.10071 1779121
9.10403 1779841
9.10734 1780561
9.11065 1781281
9.11396 1782001
9.11727 1782721
9.12059 1783441
9.1239 1784161
9.12721 1784881
9.13052 1785601
9.13383 1786321
9.13715 1787041
9.14046 1787761
9.14377 1788481
9.14708 1789201
9.15039 1789921
9.15371 1790641
9.15702 1791361
9.16033 1792081
9.16364 1792801
9.16695 1793521
9.17027 1794241
9.17358 1794961
9.17689 1795681
9.1802 1796401
9.18351 1797121
9.18683 1797841
9.19014 1798561
9.19345 1799281
9.19676 1800001
9.20007 1800721
9.20339 1801441
9.2067 1802161
9.21001 1802881
9.21332 1803601
9.21663 1804321
9.21995 1805041
9.22326 1805761
9.22657 1806481
9.22988 1807201
9.23319 1807921
9.23651 1808641
9.23982 1809361
9.24313 1810081
9.24644 1810801
9.24975 1811521
9.25307 1812241
9.25638 1812961
9.25969 1813681
9.263 1814401
9.26631 1815121
9.26963 1815841
9.27294 1816561
9.27625 1817281
9.27956 1818001
9.28287 1818721
9.28619 1819441
9.2895 1820161
9.29281 1820881
9.29612 1821601
9.29943 1822321
9.30275 1823041
9.30606 1823761
9.30937 1824481
9.31268 1825201
9.31599 1825921
9.31931 1826641
9.32262 1827361
9.32593 1828081
9.32924 1828801
9.33255 1829521
9.33587 1830241
9.33918 1830961
9.34249 1831681
9.3458 1832401
9.34911 1833121
9.35243 1833841
9.35574 1834561
9.35905 1835281
9.36236 1836001
9.36567 1836721
9.36899 1837441
9.3723 1838161
9.37561 1838881
9.37892 1839601
9.38223 1840321
9.38555 1841041
9.38886 1841761
9.39217 1842481
9.39548 1843201
9.39879 1843921
9.40211 1844641
9.40542 1845361
9.40873 1846081
9.41204 1846801
9.41535 1847521
9.41867 1848241
9.42198 1848961
9.42529 1849681
9.4286 1850401
9.43191 1851121
9.43523 1851841
9.43854 1852561
9.44185 1853281
9.44516 1854001
9.44847 1854721
9.45179 1855441
9.4551 1856161
9.45841 1856881
9.46172 1857601
9.46503 1858321
9.46835 1859041
9.47166 1859761
9.47497 1860481
9.47828 1861201
9.48159 1861921
9.48491 1862641
9.48822 1863361
9.49153 1864081
9.49484 1864801
9.49815 1865521
9.50147 1866241
9.50478 1866961
9.50809 1867681
9.5114 1868401
9.51471 1869121
9.51803 1869841
9.52134 1870561
9.52465 1871281
9.52796 1872001
9.53127 1872721
9.53459 1873441
9.5379 1874161
9.54121 1874881
9.54452 1875601
9.54783 1876321
9.55115 1877041
9.55446 1877761
9.55777 1878481
9.56108 1879201
9.56439 1879921
9.56771 1880641
9.57102 1881361
9.57433 1882081
9.57764 1882801
9.58095 1883521
9.58427 1884241
9.58758 1884961
9.59089 1885681
9.5942 1886401
9.59751 1887121
9.60083 1887841
9.60414 1888561
9.60745 1889281
9.61076 1890001
9.61407 1890721
9.61739 1891441
9.6207 1892161
9.62401 1892881
9.62732 1893601
9.63063 1894321
9.63395 1895041
9.63726 1895761
9.64057 1896481
9.64388 1897201
9.64719 1897921
9.65051 1898641
9.65382 1899361
9.65713 1900081
9.66044 1900801
9.66375 1901521
9.66707 1902241
9.67038 1902961
9.67369 1903681
9.677 1904401
9.68031 1905121
9.68363 1905841
9.68694 1906561
9.69025 1907281
9.69356 1908001
9.69687 1908721
9.70019 1909441
9.7035 1910161
9.70681 1910881
9.71012 1911601
9.71343 1912321
9.71675 1913041
9.72006 1913761
9.72337 1914481
9.72668 1915201
9.72999 1915921
9.73331 1916641
9.73662 1917361
9.73993 1918081
9.74324 1918801
9.74655 1919521
9.74987 1920241
9.75318 1920961
9.75649 1921681
9.7598 1922401
9.76311 1923121
9.76643 1923841
9.76974 1924561
9.77305 1925281
9.77636 1926001
9.77967 1926721
9.78299 1927441
9.7863 1928161
9.78961 1928881
9.79292 1929601
9.79623 1930321
9.79955 1931041
9.80286 1931761
9.80617 1932481
9.80948 1933201
9.81279 1933921
9.81611 1934641
9.81942 1935361
9.82273 1936081
9.82604 1936801
9.82935 1937521
9.83267 1938241
9.83598 1938961
9.83929 1939681
9.8426 1940401
9.84591 1941121
9.84923 1941841
9.85254 1942561
9.85585 1943281
9.85916 1944001
9.86247 1944721
9.86579 1945441
9.8691 1946161
9.87241 1946881
9.87572 1947601
9.87903 1948321
9.88235 1949041
9.88566 1949761
9.88897 1950481
9.89228 1951201
9.89559 1951921
9.89891 1952641
9.90222 1953361
9.90553 1954081
9.90884 1954801
9.91215 1955521
9.91547 1956241
9.91878 1956961
9.92209 1957681
9.9254 1958401
9.92871 1959121
9.93203 1959841
9.93534 1960561
9.93865 1961281
9.94196 1962001
9.94527 1962721
9.94859 1963441
9.9519 1964161
9.95521 1964881
9.95852 1965601
9.96183 1966321
9.96515 1967041
9.96846 1967761
9.97177 1968481
9.97508 1969201
9.97839 1969921
9.98171 1970641
9.98502 1971361
9.98833 1972081
9.99164 1972801
9.99495 1973521
9.99826 1974241
10.0016 1974961
10.0049 1975681
10.0082 1976401
10.0115 1977121
10.0148 1977841
10.0181 1978561
10.0214 1979281
10.0248 1980001
10.0281 1980721
10.0314 1981441
10.0347 1982161
10.038 1982881
10.0413 1983601
10.0446 1984321
10.0479 1985041
10.0513 1985761
10.0546 1986481
10.0579 1987201
10.0612 1987921
10.0645 1988641
10.0678 1989361
10.0711 1990081
10.0744 1990801
10.0778 1991521
10.0811 1992241
10.0844 1992961
10.0877 1993681
10.091 1994401
10.0943 1995121
10.0976 1995841
10.1009 1996561
10.1042 1997281
10.1076 1998001
10.1109 1998721
10.1142 1999441
10.1175 2000161
10.1208 2000881
10.1241 2001601
10.1274 2002321
10.1307 2003041
10.1341 2003761
10.1374 2004481
10.1407 2005201
10.144 2005921
10.1473 2006641
10.1506 2007361
10.1539 2008081
10.1572 2008801
10.1606 2009521
10.1639 2010241
10.1672 2010961
10.1705 2011681
10.1738 2012401
10.1771 2013121
10.1804 2013841
10.1837 2014561
10.187 2015281
10.1904 2016001
10.1937 2016721
10.197 2017441
10.2003 2018161
10.2036 2018881
10.2069 2019601
10.2102 2020321
10.2135 2021041
10.2169 2021761
10.2202 2022481
10.2235 2023201
10.2268 2023921
10.2301 2024641
10.2334 2025361
10.2367 2026081
10.24 2026801
10.2434 2027521
10.2467 2028241
10.25 2028961
10.2533 2029681
10.2566 2030401
10.2599 2031121
10.2632 2031841
10.2665 2032561
10.2698 2033281
10.2732 2034001
10.2765 2034721
10.2798 2035441
10.2831 2036161
10.2864 2036881
10.2897 2037601
10.293 2038321
10.2963 2039041
10.2997 2039761
10.303 2040481
10.3063 2041201
10.3096 2041921
10.3129 2042641
10.3162 2043361
10.3195 2044081
10.3228 2044801
10.3262 2045521
10.3295 2046241
10.3328 2046961
10.3361 2047681
10.3394 2048401
10.3427 2049121
10.346 2049841
10.3493 2050561
10.3526 2051281
10.356 2052001
10.3593 2052721
10.3626 2053441
10.3659 2054161
10.3692 2054881
10.3725 2055601
10.3758 2056321
10.3791 2057041
10.3825 2057761
10.3858 2058481
10.3891 2059201
10.3924 2059921
10.3957 2060641
10.399 2061361
10.4023 2062081
10.4056 2062801
10.409 2063521
10.4123 2064241
10.4156 2064961
10.4189 2065681
10.4222 2066401
10.4255 2067121
10.4288 2067841
10.4321 2068561
10.4354 2069281
10.4388 2070001
10.4421 2070721
10.4454 2071441
10.4487 2072161
10.452 2072881
10.4553 2073601
10.4586 2074321
10.4619 2075041
10.4653 2075761
10.4686 2076481
10.4719 2077201
10.4752 2077921
10.4785 2078641
10.4818 2079361
10.4851 2080081
10.4884 2080801
10.4918 2081521
10.4951 2082241
10.4984 2082961
10.5017 2083681
10.505 2084401
10.5083 2085121
10.5116 2085841
10.5149 2086561
10.5182 2087281
10.5216 2088001
10.5249 2088721
10.5282 2089441
10.5315 2090161
10.5348 2090881
10.5381 2091601
10.5414 2092321
10.5447 2093041
10.5481 2093761
10.5514 2094481
10.5547 2095201
10.558 2095921
10.5613 2096641
10.5646 2097361
10.5679 2098081
10.5712 2098801
10.5746 2099521
10.5779 2100241
10.5812 2100961
10.5845 2101681
10.5878 2102401
10.5911 2103121
10.5944 2103841
10.5977 2104561
10.601 2105281
10.6044 2106001
10.6077 2106721
10.611 2107441
10.6143 2108161
10.6176 2108881
10.6209 2109601
10.6242 2110321
10.6275 2111041
10.6309 2111761
10.6342 2112481
10.6375 2113201
10.6408 2113921
10.6441 2114641
10.6474 2115361
10.6507 2116081
10.654 2116801
10.6574 2117521
10.6607 2118241
10.664 2118961
10.6673 2119681
10.6706 2120401
10.6739 2121121
10.6772 2121841
10.6805 2122561
10.6838 2123281
10.6872 2124001
10.6905 2124721
10.6938 2125441
10.6971 2126161
10.7004 2126881
10.7037 2127601
10.707 2128321
10.7103 2129041
10.7137 2129761
10.717 2130481
10.7203 2131201
10.7236 2131921
10.7269 2132641
10.7302 2133361
10.7335 2134081
10.7368 2134801
10.7402 2135521
10.7435 2136241
10.7468 2136961
10.7501 2137681
10.7534 2138401
10.7567 2139121
10.76 2139841
10.7633 2140561
10.7666 2141281
10.77 2142001
10.7733 2142721
10.7766 2143441
10.7799 2144161
10.7832 2144881
10.7865 2145601
10.7898 2146321
10.7931 2147041
10.7965 2147761
10.7998 2148481
10.8031 2149201
10.9869 2188801
10.9902 2189521
10.9935 2190241
10.9968 2190961
11.0001 2191681
11.0035 2192401
11.0068 2193121
11.0101 2193841
11.0134 2194561
11.0167 2195281
11.02 2196001
11.0233 2196721
11.0266 2197441
11.03 2198161
11.0333 2198881
11.0366 2199601
11.0399 2200321
11.0432 2201041
11.0465 2201761
11.0498 2202481
11.0531 2203201
11.0564 2203921
11.0598 2204641
11.0631 2205361
11.0664 2206081
11.0697 2206801
11.073 2207521
11.0763 2208241
11.0796 2208961
11.0829 2209681
11.0863 2210401
11.0896 2211121
11.0929 2211841
11.0962 2212561
11.0995 2213281
11.1028 2214001
11.1061 2214721
11.1094 2215441
11.1128 2216161
11.1161 2216881
11.1194 2217601
11.1227 2218321
11.126 2219041
11.1293 2219761
11.1326 2220481
11.1359 2221201
11.1392 2221921
11.1426 2222641
11.1459 2223361
11.1492 2224081
11.1525 2224801
11.1558 2225521
11.1591 2226241
11.1624 2226961
11.1657 2227681
11.1691 2228401
11.1724 2229121
11.1757 2229841
11.179 2230561
11.1823 2231281
11.1856 2232001
11.1889 2232721
11.1922 2233441
11.1956 2234161
11.1989 2234881
11.2022 2235601
11.2055 2236321
11.2088 2237041
11.2121 2237761
11.2154 2238481
11.2187 2239201
11.222 2239921
11.2254 2240641
11.2287 2241361
11.232 2242081
11.2353 2242801
11.2386 2243521
11.2419 2244241
11.2452 2244961
11.2485 2245681
11.2519 2246401
11.2552 2247121
11.2585 2247841
11.2618 2248561
11.2651 2249281
11.2684 2250001
11.2717 2250721
11.275 2251441
11.2784 2252161
11.2817 2252881
11.285 2253601
11.2883 2254321
11.2916 2255041
11.2949 2255761
11.2982 2256481
11.3015 2257201
11.3048 2257921
11.3082 2258641
11.3115 2259361
11.3148 2260081
11.3181 2260801
11.3214 2261521
11.3247 2262241
11.3313 2263681
11.3347 2264401
11.338 2265121
11.3413 2265841
11.3446 2266561
11.3479 2267281
11.3512 2268001
11.3545 2268721
11.3578 2269441
11.3612 2270161
11.3645 2270881
11.3678 2271601
11.3711 2272321
11.3744 2273041
11.3777 2273761
11.381 2274481
11.3843 2275201
11.3876 2275921
11.391 2276641
11.3943 2277361
11.3976 2278081
11.4009 2278801
11.4042 2279521
11.4075 2280241
11.4108 2280961
11.4141 2281681
11.4175 2282401
11.4208 2283121
11.4241 2283841
11.4274 2284561
11.4307 2285281
11.434 2286001
11.4373 2286721
11.4406 2287441
11.444 2288161
11.4473 2288881
11.4506 2289601
11.4539 2290321
11.4572 2291041
11.4605 2291761
11.4638 2292481
11.4671 2293201
11.4704 2293921
11.4738 2294641
11.4771 2295361
11.4804 2296081
11.4837 2296801
11.487 2297521
11.4903 2298241
11.4936 2298961
11.4969 2299681
11.5003 2300401
11.5036 2301121
11.5069 2301841
11.5102 2302561
11.5135 2303281
11.5168 2304001
11.5201 2304721
11.5234 2305441
11.5268 2306161
11.5301 2306881
11.5334 2307601
11.5367 2308321
11.54 2309041
11.5433 2309761
11.5466 2310481
11.5499 2311201
11.5532 2311921
11.5566 2312641
11.5599 2313361
11.5632 2314081
11.5665 2314801
11.5698 2315521
11.5731 2316241
11.5764 2316961
11.5797 2317681
11.5831 2318401
11.5864 2319121
11.5897 2319841
11.593 2320561
11.5963 2321281
11.5996 2322001
11.6029 2322721
11.6062 2323441
11.6096 2324161
11.6129 2324881
11.6162 2325601
11.6195 2326321
11.6228 2327041
11.6261 2327761
11.6294 2328481
11.6327 2329201
11.636 2329921
11.6394 2330641
11.6427 2331361
11.646 2332081
11.6493 2332801
11.6526 2333521
11.6559 2334241
11.6592 2334961
11.6625 2335681
11.6659 2336401
11.6692 2337121
11.6725 2337841
11.6758 2338561
11.6791 2339281
11.6824 2340001
11.6857 2340721
11.689 2341441
11.6924 2342161
11.6957 2342881
11.699 2343601
11.7023 2344321
11.7056 2345041
11.7089 2345761
11.7122 2346481
11.7155 2347201
11.7188 2347921
11.7222 2348641
11.7255 2349361
11.7288 2350081
11.7321 2350801
11.7354 2351521
11.7387 2352241
11.742 2352961
11.7453 2353681
11.7487 2354401
11.752 2355121
11.7553 2355841
11.7586 2356561
11.7619 2357281
11.7652 2358001
11.7685 2358721
11.7718 2359441
11.7752 2360161
11.7785 2360881
11.7818 2361601
11.7851 2362321
11.7884 2363041
11.7917 2363761
11.795 2364481
11.7983 2365201
11.8016 2365921
11.805 2366641
11.8083 2367361
11.8116 2368081
11.8149 2368801
11.8182 2369521
11.8215 2370241
11.8248 2370961
11.8281 2371681
11.8315 2372401
11.8348 2373121
11.8381 2373841
11.8414 2374561
11.8447 2375281
11.848 2376001
11.8513 2376721
11.8546 2377441
11.858 2378161
11.8613 2378881
11.8646 2379601
11.8679 2380321
11.8712 2381041
11.8745 2381761
11.8778 2382481
11.8811 2383201
11.8844 2383921
11.8878 2384641
11.8928 2385001
12.0616 2422081
12.065 2422801
12.0683 2423521
12.0716 2424241
12.0749 2424961
12.0782 2425681
12.0815 2426401
12.0848 2427121
12.0881 2427841
12.0914 2428561
12.0948 2429281
12.0981 2430001
12.1014 2430721
12.1047 2431441
12.108 2432161
12.1113 2432881
12.1146 2433601
12.1179 2434321
12.1213 2435041
12.1246 2435761
12.1279 2436481
12.1312 2437201
12.1345 2437921
12.1378 2438641
12.1411 2439361
12.1444 2440081
12.1478 2440801
12.1511 2441521
12.1544 2442241
12.1577 2442961
12.161 2443681
12.1643 2444401
12.1676 2445121
12.1709 2445841
12.1742 2446561
12.1776 2447281
12.1809 2448001
12.1842 2448721
12.1875 2449441
12.1908 2450161
12.1941 2450881
12.1974 2451601
12.2007 2452321
12.2041 2453041
12.2074 2453761
12.2107 2454481
12.214 2455201
12.2173 2455921
12.2206 2456641
12.2239 2457361
12.2272 2458081
12.2306 2458801
12.2339 2459521
12.2372 2460241
12.2405 2460961
12.2438 2461681
12.2471 2462401
12.2504 2463121
12.2537 2463841
12.257 2464561
12.2604 2465281
12.2637 2466001
12.267 2466721
12.2703 2467441
12.2736 2468161
12.2769 2468881
12.2802 2469601
12.2835 2470321
12.2869 2471041
12.2902 2471761
12.2935 2472481
12.2968 2473201
12.3001 2473921
12.3034 2474641
12.3067 2475361
12.31 2476081
12.3134 2476801
12.3167 2477521
12.32 2478241
12.3233 2478961
12.3266 2479681
12.3299 2480401
12.3332 2481121
12.3365 2481841
12.3398 2482561
12.3432 2483281
12.3465 2484001
12.3498 2484721
12.3531 2485441
12.3564 2486161
12.3597 2486881
12.363 2487601
12.3663 2488321
12.3697 2489041
12.373 2489761
12.3763 2490481
12.3796 2491201
12.3829 2491921
12.3862 2492641
12.3895 2493361
12.3928 2494081
12.3962 2494801
12.3995 2495521
12.4028 2496241
12.4061 2496961
12.4094 2497681
12.4127 2498401
12.416 2499121
12.4193 2499841
12.4226 2500561
12.426 2501281
12.4293 2502001
12.4326 2502721
12.4359 2503441
12.4392 2504161
12.4425 2504881
12.4458 2505601
12.4491 2506321
12.4525 2507041
12.4558 2507761
12.4591 2508481
12.4624 2509201
12.4657 2509921
12.469 2510641
12.4723 2511361
12.4756 2512081
12.479 2512801
12.4823 2513521
12.4856 2514241
12.4889 2514961
12.4922 2515681
12.4939 2516042
