0.0 0
0.0905768 360
0.0905768 360
0.182886 720
0.276809 1080
0.370731 1440
0.462998 1800
0.46631 2160
0.55692 2520
0.560232 2880
0.563544 3240
0.650842 3600
0.654154 3960
0.657466 4320
0.660778 4680
0.743109 5040
0.746421 5400
0.749733 5760
0.753045 6120
0.756357 6480
0.759669 6840
0.835375 7200
0.838687 7560
0.841999 7920
0.845311 8280
0.848623 8640
0.851935 9000
0.855247 9360
0.858559 9720
0.861871 10080
0.927642 10440
0.930954 10800
0.934266 11160
0.937578 11520
0.94089 11880
0.944202 12240
0.947514 12600
0.950826 12960
0.954138 13320
0.95745 13680
0.960762 14040
0.964074 14400
0.967386 14760
0.970698 15120
1.02156 15480
1.02488 15840
1.02819 16200
1.0315 16560
1.03481 16920
1.03812 17280
1.04144 17640
1.04475 18000
1.04806 18360
1.05137 18720
1.05468 19080
1.058 19440
1.06131 19800
1.06462 20160
1.06793 20520
1.07124 20880
1.07456 21240
1.07787 21600
1.08118 21960
1.08449 22320
1.0878 22680
1.11549 23040
1.1188 23400
1.12211 23760
1.12542 24120
1.12873 24480
1.13205 24840
1.13536 25200
1.13867 25560
1.14198 25920
1.14529 26280
1.14861 26640
1.15192 27000
1.15523 27360
1.15854 27720
1.16185 28080
1.16517 28440
1.16848 28800
1.17179 29160
1.1751 29520
1.17841 29880
1.18173 30240
1.18504 30600
1.18835 30960
1.19166 31320
1.19497 31680
1.19829 32040
1.2016 32400
1.20491 32760
1.20822 33120
1.21153 33480
1.21485 33840
1.21816 34200
1.22147 34560
1.22478 34920
1.22809 35280
1.23141 35640
1.23472 36000
1.23803 36360
1.24134 36720
1.24465 37080
1.24797 37440
1.25128 37800
1.25459 38160
1.2579 38520
1.26121 38880
1.26453 39240
1.26784 39600
1.27115 39960
1.27446 40320
1.27777 40680
1.28109 41040
1.2844 41400
1.28771 41760
1.29102 42120
1.29433 42480
1.29765 42840
1.30096 43200
1.30427 43560
1.30758 43920
1.31089 44280
1.31421 44640
1.31752 45000
1.32083 45360
1.32414 45720
1.32745 46080
1.33077 46440
1.33408 46800
1.33739 47160
1.3407 47520
1.34401 47880
1.34733 48240
1.35064 48600
1.35395 48960
1.35726 49320
1.36057 49680
1.36389 50040
1.3672 50400
1.37051 50760
1.37382 51120
1.37713 51480
1.38045 51840
1.38376 52200
1.38707 52560
1.39038 52920
1.39369 53280
1.39701 53640
1.40032 54000
1.40363 54360
1.40694 54720
1.41025 55080
1.41357 55440
1.41688 55800
1.42019 56160
1.4235 56520
1.42681 56880
1.43013 57240
1.43344 57600
1.43675 57960
1.44006 58320
1.44337 58680
1.44669 59040
1.45 59400
1.45331 59760
1.45662 60120
1.45993 60480
1.46325 60840
1.46656 61200
1.46987 61560
1.47318 61920
1.47649 62280
1.47981 62640
1.48312 63000
1.48643 63360
1.48974 63720
1.49305 64080
1.49637 64440
1.49968 64800
1.50299 65160
1.5063 65520
1.50961 65880
1.51293 66240
1.51624 66600
1.51955 66960
1.52286 67320
1.52617 67680
1.52949 68040
1.5328 68400
1.53611 68760
1.53942 69120
1.54273 69480
1.54605 69840
1.54936 70200
1.55267 70560
1.55598 70920
1.55929 71280
1.56261 71640
1.56592 72000
1.56923 72360
1.57254 72720
1.57585 73080
1.57917 73440
1.58248 73800
1.58579 74160
1.5891 74520
1.59241 74880
1.59573 75240
1.59904 75600
1.60235 75960
1.60566 76320
1.60897 76680
1.61229 77040
1.6156 77400
1.61891 77760
1.62222 78120
1.62553 78480
1.62885 78840
1.63216 79200
1.63547 79560
1.63878 79920
1.64209 80280
1.64541 80640
1.64872 81000
1.65203 81360
1.65534 81720
1.65865 82080
1.66197 82440
1.66528 82800
1.66859 83160
1.6719 83520
1.67521 83880
1.67853 84240
1.68184 84600
1.68515 84960
1.68846 85320
1.69177 85680
1.69509 86040
1.6984 86400
1.70171 86760
1.70502 87120
1.70833 87480
1.71165 87840
1.71496 88200
1.71827 88560
1.72158 88920
1.72489 89280
1.72821 89640
1.73152 90000
1.73483 90360
1.73814 90720
1.74145 91080
1.74477 91440
1.74808 91800
1.75139 92160
1.7547 92520
1.75801 92880
1.76133 93240
1.76464 93600
1.76795 93960
1.77126 94320
1.77457 94680
1.77789 95040
1.7812 95400
1.78451 95760
1.78782 96120
1.79113 96480
1.79445 96840
1.7978 97200
1.80111 97200
1.80111 77760
2.81797 77760
2.81797 62208
3.813 62208
3.813 360
3.90538 720
3.99776 1080
3.9993 1440
4.09169 1800
4.095 2160
4.18561 2520
4.18892 2880
4.19223 3240
4.27953 3600
4.28284 3960
4.28615 4320
4.28947 4680
4.3718 5040
4.37511 5400
4.37842 5760
4.38173 6120
4.38505 6480
4.38836 6840
4.46406 7200
4.46738 7560
4.47069 7920
4.474 8280
4.47731 8640
4.48062 9000
4.48394 9360
4.48725 9720
4.49056 10080
4.55633 10440
4.55964 10800
4.56295 11160
4.56627 11520
4.56958 11880
4.57289 12240
4.5762 12600
4.57951 12960
4.58283 13320
4.58614 13680
4.58945 14040
4.59276 14400
4.59607 14760
4.59939 15120
4.65025 15480
4.65356 15840
4.65688 16200
4.66019 16560
4.6635 16920
4.66681 17280
4.67012 17640
4.67344 18000
4.67675 18360
4.68006 18720
4.68337 19080
4.68668 19440
4.69 19800
4.69331 20160
4.69662 20520
4.69993 20880
4.70324 21240
4.70656 21600
4.70987 21960
4.71318 22320
4.71649 22680
4.74417 23040
4.74749 23400
4.7508 23760
4.75411 24120
4.75742 24480
4.76073 24840
4.76405 25200
4.76736 25560
4.77067 25920
4.77398 26280
4.77729 26640
4.78061 27000
4.78392 27360
4.78723 27720
4.79054 28080
4.79385 28440
4.79717 28800
4.80048 29160
4.80379 29520
4.8071 29880
4.81041 30240
4.81373 30600
4.81704 30960
4.82035 31320
4.82366 31680
4.82697 32040
4.83029 32400
4.8336 32760
4.83691 33120
4.84022 33480
4.84353 33840
4.84685 34200
4.85016 34560
4.85347 34920
4.85678 35280
4.86009 35640
4.86341 36000
4.86672 36360
4.87003 36720
4.87334 37080
4.87665 37440
4.87997 37800
4.88328 38160
4.88659 38520
4.8899 38880
4.89321 39240
4.89653 39600
4.89984 39960
4.90315 40320
4.90646 40680
4.90977 41040
4.91309 41400
4.9164 41760
4.91971 42120
4.92302 42480
4.92633 42840
4.92965 43200
4.93296 43560
4.93627 43920
4.93958 44280
4.94289 44640
4.94621 45000
4.94952 45360
4.95283 45720
4.95614 46080
4.95945 46440
4.96277 46800
4.96608 47160
4.96939 47520
4.9727 47880
4.97601 48240
4.97933 48600
4.98264 48960
4.98595 49320
4.98926 49680
5.01907 50040
5.04888 50400
5.07869 50760
5.11512 51120
5.15155 51480
5.18798 51840
5.22441 52200
5.26747 52560
5.31053 52920
5.35358 53280
5.39664 53640
5.44632 54000
5.49931 54360
5.5523 54720
5.60529 55080
5.67153 55440
5.73777 55800
5.80401 56160
5.87025 56520
5.95968 56880
6.0491 57240
6.13853 57600
6.22795 57960
6.36374 58320
6.49953 58680
6.59065 58680
6.59065 46944
7.1255 47304
7.39709 47664
7.67198 48024
7.95019 48384
8.1191 48744
8.25489 49104
8.37081 49464
8.47017 49824
8.55628 50184
8.63577 50544
8.70864 50904
8.77488 51264
8.83449 51624
8.8908 51984
8.94379 52344
8.99347 52704
9.03984 53064
9.08289 53424
9.12595 53784
9.16569 54144
9.20544 54504
9.24187 54864
9.2783 55224
9.31142 55584
9.34454 55944
9.37766 56304
9.41078 56664
9.44059 57024
9.4704 57384
9.5002 57744
9.53001 58104
9.55651 58464
9.583 58824
9.6095 59184
9.636 59544
9.66249 59904
9.68568 60264
9.70886 60624
9.73204 60984
9.75523 61344
9.77841 61704
9.8016 62064
9.82478 62424
9.84796 62784
9.86784 63144
9.88771 63504
9.89271 63504
9.89271 50688
10.406 51048
10.4375 51408
10.469 51768
10.4988 52128
10.5319 52488
10.5683 52848
10.6048 53208
10.6412 53568
10.6776 53928
10.7207 54288
10.7637 54648
10.8068 55008
10.8498 55368
10.9028 55728
10.9558 56088
11.0088 56448
11.0618 56808
11.1281 57168
11.1943 57528
11.2605 57888
11.3301 58248
11.4195 58608
11.5122 58968
11.605 59328
11.6928 59328
11.6928 47232
12.2823 47592
