0.0 0
0.180557 4294967295
0.362846 4294967295
0.546749 4294967295
0.730651 4294967295
0.912898 4294967295
0.91621 4294967295
1.0968 4294967295
1.10011 4294967295
1.10342 4294967295
1.2807 4294967295
1.28401 4294967295
1.28733 4294967295
1.29064 4294967295
1.46295 4294967295
1.46626 4294967295
1.46957 4294967295
1.47288 4294967295
1.4762 4294967295
1.47951 4294967295
1.6452 4294967295
1.64851 4294967295
1.65182 4294967295
1.65513 4294967295
1.65844 4294967295
1.66176 4294967295
1.66507 4294967295
1.66838 4294967295
1.67169 4294967295
1.82744 4294967295
1.83075 4294967295
1.83407 4294967295
1.83738 4294967295
1.84069 4294967295
1.844 4294967295
1.84731 4294967295
1.85063 4294967295
1.85394 4294967295
1.85725 4294967295
1.86056 4294967295
1.86387 4294967295
1.86719 4294967295
1.8705 4294967295
2.01134 4294967295
2.01466 4294967295
2.01797 4294967295
2.02128 4294967295
2.02459 4294967295
2.0279 4294967295
2.03122 4294967295
2.03453 4294967295
2.03784 4294967295
2.04115 4294967295
2.04446 4294967295
2.04778 4294967295
2.05109 4294967295
2.0544 4294967295
2.05771 4294967295
2.06102 4294967295
2.06434 4294967295
2.06765 4294967295
2.07096 4294967295
2.07427 4294967295
2.07758 4294967295
2.19525 4294967295
2.19856 4294967295
2.20187 4294967295
2.20518 4294967295
2.20849 4294967295
2.21181 4294967295
2.21512 4294967295
2.21843 4294967295
2.22174 4294967295
2.22505 4294967295
2.22837 4294967295
2.23168 4294967295
2.23499 4294967295
2.2383 4294967295
2.24161 4294967295
2.24493 4294967295
2.24824 4294967295
2.25155 4294967295
2.25486 4294967295
2.25817 4294967295
2.26149 4294967295
2.2648 4294967295
2.26811 4294967295
2.27142 4294967295
2.27473 4294967295
2.27805 4294967295
2.28136 4294967295
2.28467 4294967295
2.28798 4294967295
2.29129 4294967295
2.29461 4294967295
2.37749 4294967295
2.3808 4294967295
2.38412 4294967295
2.38743 4294967295
2.39074 4294967295
2.39405 4294967295
2.39736 4294967295
2.40068 4294967295
2.40399 4294967295
2.4073 4294967295
2.41061 4294967295
2.41392 4294967295
2.41724 4294967295
2.42055 4294967295
2.42386 4294967295
2.42717 4294967295
2.43048 4294967295
2.4338 4294967295
2.43711 4294967295
2.44042 4294967295
2.44373 4294967295
2.44704 4294967295
2.45036 4294967295
2.45367 4294967295
2.45698 4294967295
2.46029 4294967295
2.4636 4294967295
2.46692 4294967295
2.47023 4294967295
2.47354 4294967295
2.47685 4294967295
2.48016 4294967295
2.48348 4294967295
2.48679 4294967295
2.4901 4294967295
2.49341 4294967295
2.49672 4294967295
2.50004 4294967295
2.50335 4294967295
2.50666 4294967295
2.50997 4294967295
2.51328 4294967295
2.5166 4294967295
2.51991 4294967295
2.52322 4294967295
2.52653 4294967295
2.52984 4294967295
2.5614 4294967295
2.56471 4294967295
2.56802 4294967295
2.57133 4294967295
2.57464 4294967295
2.57796 4294967295
2.58127 4294967295
2.58458 4294967295
2.58789 4294967295
2.5912 4294967295
2.59452 4294967295
2.59783 4294967295
2.60114 4294967295
2.60445 4294967295
2.60776 4294967295
2.61108 4294967295
2.61439 4294967295
2.6177 4294967295
2.62101 4294967295
2.62432 4294967295
2.62764 4294967295
2.63095 4294967295
2.63426 4294967295
2.63757 4294967295
2.64088 4294967295
2.6442 4294967295
2.64751 4294967295
2.65082 4294967295
2.65413 4294967295
2.65744 4294967295
2.66076 4294967295
2.66407 4294967295
2.66738 4294967295
2.67069 4294967295
2.674 4294967295
2.67732 4294967295
2.68063 4294967295
2.68394 4294967295
2.68725 4294967295
2.69056 4294967295
2.69388 4294967295
2.69719 4294967295
2.7005 4294967295
2.70381 4294967295
2.70712 4294967295
2.71044 4294967295
2.71375 4294967295
2.71706 4294967295
2.72037 4294967295
2.72368 4294967295
2.727 4294967295
2.73031 4294967295
2.73362 4294967295
2.73693 4294967295
2.74024 4294967295
2.74356 4294967295
2.74687 4294967295
2.75018 4294967295
2.75349 4294967295
2.7568 4294967295
2.76012 4294967295
2.76343 4294967295
2.76674 4294967295
2.77005 4294967295
2.77336 4294967295
2.77668 4294967295
2.77999 4294967295
2.7833 4294967295
2.78661 4294967295
2.78992 4294967295
2.79324 4294967295
2.79655 4294967295
2.79986 4294967295
2.80317 4294967295
2.80648 4294967295
2.8098 4294967295
2.81311 4294967295
2.81642 4294967295
2.81973 4294967295
2.82304 4294967295
2.82635 4294967295
2.82967 4294967295
2.83298 4294967295
2.83629 4294967295
2.8396 4294967295
2.84291 4294967295
2.84623 4294967295
2.84954 4294967295
2.85285 4294967295
2.85616 4294967295
2.85947 4294967295
2.86279 4294967295
2.8661 4294967295
2.86941 4294967295
2.87272 4294967295
2.87603 4294967295
2.87935 4294967295
2.88266 4294967295
2.88597 4294967295
2.88928 4294967295
2.89259 4294967295
2.89591 4294967295
2.89922 4294967295
2.90253 4294967295
2.90584 4294967295
2.90915 4294967295
2.91247 4294967295
2.91578 4294967295
2.91909 4294967295
2.9224 4294967295
2.92571 4294967295
2.92903 4294967295
2.93234 4294967295
2.93565 4294967295
2.93896 4294967295
2.94227 4294967295
2.94559 4294967295
2.9489 4294967295
2.95221 4294967295
2.95552 4294967295
2.95883 4294967295
2.96215 4294967295
2.96546 4294967295
2.96877 4294967295
2.97208 4294967295
2.97539 4294967295
2.97871 4294967295
2.98202 4294967295
2.98533 4294967295
2.98864 4294967295
2.99195 4294967295
2.99527 4294967295
2.99858 4294967295
3.00189 4294967295
3.0052 4294967295
3.00851 4294967295
3.01183 4294967295
3.01514 4294967295
3.01845 4294967295
3.02176 4294967295
3.02507 4294967295
3.02839 4294967295
3.0317 4294967295
3.03501 4294967295
3.03832 4294967295
3.04163 4294967295
3.04495 4294967295
3.04826 4294967295
3.05157 4294967295
3.05488 4294967295
3.05819 4294967295
3.06151 4294967295
3.06482 4294967295
3.06813 4294967295
3.07144 4294967295
3.07475 4294967295
3.07807 4294967295
3.08138 4294967295
3.08469 4294967295
3.088 4294967295
3.09131 4294967295
3.09463 4294967295
3.09794 4294967295
3.10125 4294967295
3.10456 4294967295
3.10787 4294967295
3.11119 4294967295
3.1145 4294967295
3.11781 4294967295
3.12112 4294967295
3.12443 4294967295
3.12775 4294967295
3.13106 4294967295
3.13437 4294967295
3.13768 4294967295
3.14099 4294967295
3.14431 4294967295
3.14762 4294967295
3.15093 4294967295
3.15424 4294967295
3.15755 4294967295
3.16087 4294967295
3.16418 4294967295
3.16749 4294967295
3.1708 4294967295
3.17411 4294967295
3.17743 4294967295
3.18074 4294967295
3.18405 4294967295
3.18736 4294967295
3.19067 4294967295
3.19399 4294967295
3.1973 4294967295
3.20061 4294967295
3.20392 4294967295
3.20723 4294967295
3.21055 4294967295
3.21386 4294967295
3.21717 4294967295
3.22048 4294967295
3.22379 4294967295
3.22711 4294967295
3.23042 4294967295
3.23373 4294967295
3.23704 4294967295
3.24035 4294967295
3.24367 4294967295
3.24698 4294967295
3.25029 4294967295
3.2536 4294967295
3.25691 4294967295
3.26192 101376
3.26192 101376
4.25691 80928
4.25691 80928
4.43928 80928
4.62152 80928
4.80377 80928
4.98602 80928
4.98933 80928
5.16992 80928
5.17323 80928
5.17654 80928
5.35382 80928
5.35713 80928
5.36044 80928
5.36376 80928
5.53607 80928
5.53938 80928
5.54269 80928
5.546 80928
5.54931 80928
5.55263 80928
5.71831 80928
5.72163 80928
5.72494 80928
5.72825 80928
5.73156 80928
5.73487 80928
5.73819 80928
5.7415 80928
5.74481 80928
5.90056 80928
5.90387 80928
5.90718 80928
5.9105 80928
5.91381 80928
5.91712 80928
5.92043 80928
5.92374 80928
5.92706 80928
5.93037 80928
5.93368 80928
5.93699 80928
5.9403 80928
5.94362 80928
6.08446 80928
6.08777 80928
6.09109 80928
6.0944 80928
6.09771 80928
6.10102 80928
6.10433 80928
6.10765 80928
6.11096 80928
6.11427 80928
6.11758 80928
6.12089 80928
6.12421 80928
6.12752 80928
6.13083 80928
6.13414 80928
6.13745 80928
6.14077 80928
6.14408 80928
6.14739 80928
6.1507 80928
6.26836 80928
6.27168 80928
6.27499 80928
6.2783 80928
6.28161 80928
6.28492 80928
6.28824 80928
6.29155 80928
6.29486 80928
6.29817 80928
6.30148 80928
6.3048 80928
6.30811 80928
6.31142 80928
6.31473 80928
6.31804 80928
6.32136 80928
6.32467 80928
6.32798 80928
6.33129 80928
6.3346 80928
6.33792 80928
6.34123 80928
6.34454 80928
6.34785 80928
6.35116 80928
6.35448 80928
6.35779 80928
6.3611 80928
6.36441 80928
6.36772 80928
6.45061 80928
6.45392 80928
6.45723 80928
6.46055 80928
6.46386 80928
6.46717 80928
6.47048 80928
6.47379 80928
6.47711 80928
6.48042 80928
6.48373 80928
6.48704 80928
6.49035 80928
6.49367 80928
6.49698 80928
6.50029 80928
6.5036 80928
6.50691 80928
6.51023 80928
6.51354 80928
6.51685 80928
6.52016 80928
6.52347 80928
6.52679 80928
6.5301 80928
6.53341 80928
6.53672 80928
6.54003 80928
6.54335 80928
6.54666 80928
6.54997 80928
6.55328 80928
6.55659 80928
6.55991 80928
6.56322 80928
6.56653 80928
6.56984 80928
6.57315 80928
6.57647 80928
6.57978 80928
6.58309 80928
6.5864 80928
6.58971 80928
6.59303 80928
6.59634 80928
6.59965 80928
6.60296 80928
6.63451 80928
6.63783 80928
6.64114 80928
6.64445 80928
6.64776 80928
6.65107 80928
6.65439 80928
6.6577 80928
6.66101 80928
6.66432 80928
6.66763 80928
6.67095 80928
6.67426 80928
6.67757 80928
6.68088 80928
6.68419 80928
6.68751 80928
6.69082 80928
6.69413 80928
6.69744 80928
6.70075 80928
6.70407 80928
6.70738 80928
6.71069 80928
6.714 80928
6.71731 80928
6.72063 80928
6.72394 80928
6.72725 80928
6.73056 80928
6.73387 80928
6.73719 80928
6.7405 80928
6.74381 80928
6.74712 80928
6.75043 80928
6.75375 80928
6.75706 80928
6.76037 80928
6.76368 80928
6.76699 80928
6.77031 80928
6.77362 80928
6.77693 80928
6.78024 80928
6.78355 80928
6.78686 80928
6.79018 80928
6.79349 80928
6.7968 80928
6.80011 80928
6.80342 80928
6.80674 80928
6.81005 80928
6.81336 80928
6.81667 80928
6.81998 80928
6.8233 80928
6.82661 80928
6.82992 80928
6.83323 80928
6.83654 80928
6.83986 80928
6.84317 80928
6.84648 80928
6.84979 80928
6.8531 80928
6.85642 80928
6.85973 80928
6.86304 80928
6.86635 80928
6.86966 80928
6.87298 80928
6.87629 80928
6.8796 80928
6.88291 80928
6.88622 80928
6.88954 80928
6.89285 80928
6.89616 80928
6.89947 80928
6.90278 80928
6.9061 80928
6.90941 80928
7.33504 64800
7.33504 64800
7.9974 64800
8.02721 64800
8.06033 64800
8.09345 64800
8.12657 64800
8.15969 64800
8.19612 64800
8.23255 64800
8.26898 64800
8.30542 64800
8.34516 64800
8.3849 64800
8.42796 64800
8.47102 64800
8.51738 64800
8.56375 64800
8.61343 64800
8.66311 64800
8.71942 64800
8.77572 64800
8.83202 64800
8.88833 64800
8.95788 64800
9.02743 64800
9.09698 64800
9.16654 64800
9.25265 64800
9.33876 64800
9.42818 64800
9.51761 64800
9.63684 64800
9.75607 64800
9.8753 64800
9.99454 64800
10.1734 64800
10.3522 64800
10.5344 64800
10.7166 64800
10.806 62784
10.806 62784
11.6009 62784
11.9652 62784
12.3328 62784
12.7004 62784
12.9223 62784
13.1012 62784
13.2535 62784
13.3827 62784
13.4986 62784
13.6013 62784
13.694 62784
13.7801 62784
13.8596 62784
13.9325 62784
14.0021 62784
14.065 62784
14.1246 62784
14.1809 62784
14.2372 62784
14.2902 62784
14.3399 62784
14.3862 62784
14.4326 62784
14.4757 62784
14.5187 62784
14.5585 62784
14.5982 62784
14.638 62784
14.6744 62784
14.7108 62784
14.7473 62784
14.7804 62784
14.8135 62784
14.8466 62784
14.8797 62784
14.9095 62784
14.9393 62784
14.9692 62784
14.999 62784
