0.0905768 1
0.182886 361
0.276809 1081
0.370731 1801
0.462998 2521
0.46631 3241
0.55692 3961
0.560232 4681
0.563544 5401
0.650842 6121
0.654154 6841
0.657466 7561
0.660778 8281
0.743109 9001
0.746421 9721
0.749733 10441
0.753045 11161
0.756357 11881
0.759669 12601
0.835375 13321
0.838687 14041
0.841999 14761
0.845311 15481
0.848623 16201
0.851935 16921
0.927642 17641
0.930954 18361
0.934266 19081
0.937578 19801
0.94089 20521
0.944202 21241
1.01991 21961
1.02322 22681
1.02653 23401
1.02984 24121
1.03316 24841
1.03647 25561
1.11217 26281
1.11549 27001
1.1188 27721
1.12211 28441
1.12542 29161
1.12873 29881
1.20444 30601
1.20775 31321
1.21106 32041
1.21438 32761
1.21769 33481
1.221 34201
1.29671 34921
1.30002 35641
1.30333 36361
1.30664 37081
1.30996 37801
1.31327 38521
1.38897 39241
1.39229 39961
1.3956 40681
1.39891 41401
1.40553 42841
1.48124 43561
1.48455 44281
1.48786 45001
1.49118 45721
1.4978 46441
1.50111 47161
1.57351 47881
1.57682 48601
1.58013 49321
1.58344 50041
1.59007 50761
1.59338 51481
1.66577 52201
1.66908 52921
1.6724 53641
1.67571 54361
1.68233 55081
1.68564 55801
1.75804 56521
1.76135 57241
1.76466 57961
1.76798 58681
1.7746 59401
1.77791 60121
1.85031 60841
1.85362 61561
1.85693 62281
1.86024 63001
1.86687 63721
1.87018 64441
1.94257 65161
1.94588 65881
1.9492 66601
1.95251 67321
1.95913 68041
1.96244 68761
2.03484 69481
2.03815 70201
2.04146 70921
2.04477 71641
2.0514 72361
2.05471 73081
2.1271 73801
2.13042 74521
2.13373 75241
2.13704 75961
2.14366 76681
2.14698 77401
2.21937 78121
2.22268 78841
2.226 79561
2.22931 80281
2.23593 81001
2.23924 81721
2.31164 82441
2.31495 83161
2.31826 83881
2.32157 84601
2.3282 85321
2.33151 86041
2.4039 86761
2.40722 87481
2.41053 88201
2.41384 88921
2.42046 89641
2.58848 95041
2.59179 95761
2.5951 96481
2.59841 97201
2.60504 97921
2.60839 98641
2.68074 99361
2.68571 100081
2.68902 100801
2.69233 101521
2.69896 102241
2.70231 102961
2.77466 103681
2.77963 104401
2.78294 105121
2.78626 105841
2.79288 106561
2.79623 107281
2.86859 108001
2.87355 108721
2.87687 109441
2.88018 110161
2.8868 110881
2.89011 111601
2.96085 112321
2.96582 113041
2.96913 113761
2.97244 114481
2.97576 115201
2.98072 115921
2.98404 116641
3.05478 117361
3.05974 118081
3.06306 118801
3.06637 119521
3.06968 120241
3.07299 120961
3.0763 121681
3.14704 122401
3.15201 123121
3.15532 123841
3.15863 124561
3.16195 125281
3.16526 126001
3.16857 126721
3.23931 127441
3.24428 128161
3.24759 128881
3.2509 129601
3.25421 130321
3.25752 131041
3.26084 131761
3.33157 132481
3.33654 133201
3.33985 133921
3.34317 134641
3.34648 135361
3.34979 136081
3.3531 136801
3.42384 137521
3.42881 138241
3.43212 138961
3.43543 139681
3.43874 140401
3.44206 141121
3.44537 141841
3.51611 142561
3.52108 143281
3.52439 144001
3.5277 144721
3.53101 145441
3.53432 146161
3.53764 146881
3.60837 147601
3.61334 148321
3.61665 149041
3.61997 149761
3.62328 150481
3.62659 151201
3.6299 151921
3.70064 152641
3.70561 153361
3.70892 154081
3.71223 154801
3.71554 155521
3.71886 156241
3.72217 156961
3.79291 157681
3.79787 158401
3.80119 159121
3.8045 159841
3.80781 160561
3.81112 161281
3.81443 162001
3.88517 162721
3.89014 163441
3.89676 164881
3.90008 165601
3.90339 166321
3.9067 167041
3.97744 167761
3.98241 168481
3.98903 169201
3.99234 169921
3.99566 170641
3.99897 171361
4.00228 172081
4.06971 172801
4.07467 173521
4.0813 174241
4.08461 174961
4.08792 175681
4.09123 176401
4.09455 177121
4.16197 177841
4.16694 178561
4.17356 179281
4.17688 180001
4.18019 180721
4.1835 181441
4.18681 182161
4.25424 182881
4.25921 183601
4.26583 184321
4.26914 185041
4.27245 185761
4.27577 186481
4.27908 187201
4.3465 187921
4.35147 188641
4.3581 189361
4.36141 190081
4.36472 190801
4.36803 191521
4.37134 192241
4.43877 192961
4.44374 193681
4.45036 194401
4.45368 195121
4.45699 195841
4.4603 196561
4.46361 197281
4.53104 198001
4.53601 198721
4.54263 199441
4.54594 200161
4.54925 200881
4.55257 201601
4.55588 202321
4.6233 203041
4.62827 203761
4.6349 204481
4.63821 205201
4.64152 205921
4.64483 206641
4.64814 207361
4.71557 208081
4.72054 208801
4.72716 209521
4.73047 210241
4.73379 210961
4.7371 211681
4.74041 212401
4.80784 213121
4.8128 213841
4.81943 214561
4.82274 215281
4.82605 216001
4.82936 216721
4.83268 217441
4.9001 218161
4.90507 218881
4.9117 219601
4.91501 220321
4.91832 221041
4.92163 221761
4.92494 222481
4.99237 223201
4.99734 223921
5.00396 224641
5.00727 225361
5.01059 226081
5.0139 226801
5.01721 227521
5.08464 228241
5.0896 228961
5.09954 230401
5.10285 231121
5.10616 231841
5.10948 232561
5.1769 233281
5.18187 234001
5.19181 234721
5.19512 235441
5.19843 236161
5.20174 236881
5.20505 237601
5.26917 238321
5.27414 239041
5.28407 239761
5.28738 240481
5.2907 241201
5.29401 241921
5.29732 242641
5.36144 243361
5.3664 244081
5.37634 244801
5.37965 245521
5.38296 246241
5.38628 246961
5.38959 247681
5.4537 248401
5.45867 249121
5.46861 249841
5.47192 250561
5.47523 251281
5.47854 252001
5.48185 252721
5.54597 253441
5.55094 254161
5.56087 254881
5.56418 255601
5.5675 256321
5.57081 257041
5.57412 257761
5.63823 258481
5.6432 259201
5.65314 259921
5.65645 260641
5.65976 261361
5.66307 262081
5.66639 262801
5.7305 263521
5.73547 264241
5.7454 264961
5.74872 265681
5.75203 266401
5.75534 267121
5.75865 267841
5.82277 268561
5.82774 269281
5.83767 270001
5.84098 270721
5.84429 271441
5.84761 272161
5.85092 272881
5.91503 273601
5.92 274321
5.92994 275041
5.93325 275761
5.93656 276481
5.93987 277201
5.94319 277921
6.0073 278641
6.01227 279361
6.0222 280081
6.02552 280801
6.02883 281521
6.03214 282241
6.03545 282961
6.09957 283681
6.10453 284401
6.11447 285121
6.11778 285841
6.12109 286561
6.12441 287281
6.12772 288001
6.19183 288721
6.1968 289441
6.20674 290161
6.21005 290881
6.21336 291601
6.21667 292321
6.21998 293041
6.2841 293761
6.28907 294481
6.299 295201
6.30231 295921
6.30563 296641
6.30894 297361
6.31225 298081
6.37637 298801
6.38133 299521
6.39127 300241
6.39458 300961
6.39789 301681
6.40121 302401
6.40452 303121
6.46863 303841
6.4736 304561
6.48354 305281
6.48685 306001
6.49016 306721
6.49347 307441
6.49678 308161
6.5609 308881
6.56587 309601
6.5758 310321
6.57911 311041
6.58243 311761
6.58574 312481
6.58905 313201
6.65316 313921
6.65813 314641
6.66807 315361
6.67138 316081
6.67469 316801
6.678 317521
6.68132 318241
6.74543 318961
6.7504 319681
6.76033 320401
6.76365 321121
6.76696 321841
6.77027 322561
6.77358 323281
6.8377 324001
6.84267 324721
6.8526 325441
6.85591 326161
6.85923 326881
6.86254 327601
6.86585 328321
6.92996 329041
6.93493 329761
6.94487 330481
6.94818 331201
6.95149 331921
6.9548 332641
6.95812 333361
7.02223 334081
7.0272 334801
7.03713 335521
7.04045 336241
7.04376 336961
7.04707 337681
7.05038 338401
7.1145 339121
7.11946 339841
7.1294 340561
7.13271 341281
7.13602 342001
7.13934 342721
7.14265 343441
7.20676 344161
7.21173 344881
7.22167 345601
7.22498 346321
7.22829 347041
7.2316 347761
7.23491 348481
7.29903 349201
7.304 349921
7.31393 350641
7.31725 351361
7.32056 352081
7.32387 352801
7.32718 353521
7.3913 354241
7.39626 354961
7.4062 355681
7.40951 356401
7.41282 357121
7.41614 357841
7.41945 358561
7.48356 359281
7.48853 360001
7.49847 360721
7.50178 361441
7.50509 362161
7.5084 362881
7.51171 363601
7.57583 364321
7.5808 365041
7.59073 365761
7.59404 366481
7.59736 367201
7.60067 367921
7.60398 368641
7.66809 369361
7.67306 370081
7.683 370801
7.68631 371521
7.68962 372241
7.69293 372961
7.69625 373681
7.76036 374401
7.76533 375121
7.77527 375841
7.77858 376561
7.78189 377281
7.7852 378001
7.78851 378721
7.85263 379441
7.8576 380161
7.86753 380881
7.87084 381601
7.87416 382321
7.87747 383041
7.88078 383761
7.94489 384481
7.94986 385201
7.9598 385921
7.96311 386641
7.96642 387361
7.96973 388081
7.97305 388801
8.03716 389521
8.04213 390241
8.05206 390961
8.05538 391681
8.05869 392401
8.062 393121
8.06531 393841
8.12943 394561
8.13439 395281
8.14433 396001
8.14764 396721
8.15095 397441
8.15427 398161
8.15758 398881
8.22169 399601
8.22666 400321
8.2366 401041
8.23991 401761
8.24322 402481
8.24653 403201
8.24985 403921
8.31396 404641
8.31893 405361
8.32886 406081
8.33218 406801
8.33549 407521
8.3388 408241
8.34211 408961
8.40623 409681
8.41119 410401
8.42113 411121
8.42444 411841
8.42775 412561
8.43107 413281
8.43438 414001
8.49849 414721
8.50346 415441
8.5134 416161
8.51671 416881
8.52002 417601
8.52333 418321
8.52664 419041
8.59076 419761
8.59573 420481
8.60566 421201
8.60897 421921
8.61229 422641
8.6156 423361
8.61891 424081
8.68303 424801
8.68799 425521
8.69793 426241
8.70124 426961
8.70455 427681
8.70787 428401
8.71118 429121
8.77529 429841
8.78026 430561
8.7902 431281
8.79351 432001
8.79682 432721
8.80013 433441
8.80344 434161
8.86756 434881
8.87253 435601
8.88246 436321
8.88577 437041
8.88909 437761
8.8924 438481
8.89571 439201
8.95982 439921
8.96479 440641
8.97473 441361
8.97804 442081
8.98135 442801
8.98466 443521
8.98798 444241
9.05209 444961
9.05706 445681
9.06699 446401
9.07031 447121
9.07362 447841
9.07693 448561
9.08024 449281
9.14436 450001
9.14933 450721
9.15926 451441
9.16257 452161
9.16589 452881
9.1692 453601
9.17251 454321
9.23662 455041
9.24159 455761
9.25153 456481
9.25484 457201
9.25815 457921
9.26146 458641
9.26478 459361
9.32889 460081
9.33386 460801
9.34379 461521
9.34711 462241
9.35042 462961
9.35373 463681
9.35704 464401
9.42116 465121
9.42612 465841
9.43606 466561
9.43937 467281
9.44268 468001
9.446 468721
9.44931 469441
9.51342 470161
9.51839 470881
9.52833 471601
9.53164 472321
9.53495 473041
9.53826 473761
9.54157 474481
9.60569 475201
9.61066 475921
9.62059 476641
9.62391 477361
9.62722 478081
9.63053 478801
9.63384 479521
9.69796 480241
9.70292 480961
9.71286 481681
9.71617 482401
9.71948 483121
9.7228 483841
9.72611 484561
9.79022 485281
9.79519 486001
9.80513 486721
9.80844 487441
9.81175 488161
9.81506 488881
9.81837 489601
9.88249 490321
9.88746 491041
9.89739 491761
9.9007 492481
9.90402 493201
9.90733 493921
9.91064 494641
9.97475 495361
9.97972 496081
9.98966 496801
9.99297 497521
9.99628 498241
9.99959 498961
10.0029 499681
10.067 500401
10.072 501121
10.0819 501841
10.0852 502561
10.0885 503281
10.0919 504001
10.0952 504721
10.1593 505441
10.1643 506161
10.1742 506881
10.1775 507601
10.1808 508321
10.1841 509041
10.1874 509761
10.2516 510481
10.2565 511201
10.2665 511921
10.2698 512641
10.2731 513361
10.2764 514081
10.2797 514801
10.3438 515521
10.3488 516241
10.3587 516961
10.362 517681
10.3653 518401
10.3687 519121
10.372 519841
10.4361 520561
10.4411 521281
10.451 522001
10.4543 522721
10.4576 523441
10.4609 524161
10.4642 524881
10.5284 525601
10.5333 526321
10.5433 527041
10.5466 527761
10.5499 528481
10.5532 529201
10.5565 529921
10.6206 530641
10.6256 531361
10.6355 532081
10.6388 532801
10.6421 533521
10.6455 534241
10.6488 534961
10.7129 535681
10.7179 536401
10.7278 537121
10.7311 537841
10.7344 538561
10.7377 539281
10.741 540001
10.8052 540721
10.8101 541441
10.8201 542161
10.8234 542881
10.8267 543601
10.83 544321
10.8333 545041
10.8974 545761
10.9024 546481
10.9123 547201
10.9156 547921
10.9189 548641
10.9223 549361
10.9256 550081
10.9897 550801
10.9947 551521
11.0046 552241
11.0079 552961
11.0112 553681
11.0145 554401
11.0178 555121
11.082 555841
11.0869 556561
11.0969 557281
11.1002 558001
11.1035 558721
11.1068 559441
11.1101 560161
11.1742 560881
11.1792 561601
11.1891 562321
11.1924 563041
11.1957 563761
11.1991 564481
11.2024 565201
11.2665 565921
11.2715 566641
11.2814 567361
11.2847 568081
11.288 568801
11.2913 569521
11.2946 570241
11.3588 570961
11.3637 571681
11.3737 572401
11.377 573121
11.3803 573841
11.3836 574561
11.3869 575281
11.451 576001
11.456 576721
11.4659 577441
11.4692 578161
11.4725 578881
11.4759 579601
11.4792 580321
11.5433 581041
11.5483 581761
11.5582 582481
11.5615 583201
11.5648 583921
11.5681 584641
11.5714 585361
11.6356 586081
11.6405 586801
11.6505 587521
11.6538 588241
11.6571 588961
11.6604 589681
11.6637 590401
11.7278 591121
11.7328 591841
11.7427 592561
11.746 593281
11.7493 594001
11.7527 594721
11.756 595441
11.8201 596161
11.8251 596881
11.835 597601
11.8383 598321
11.8416 599041
11.8449 599761
11.8482 600481
11.9123 601201
11.9173 601921
11.9273 602641
11.9306 603361
11.9339 604081
11.9372 604801
11.9405 605521
12.0046 606241
12.0096 606961
12.0195 607681
12.0228 608401
12.0261 609121
12.0295 609841
12.0328 610561
12.0969 611281
12.1018 612001
12.1118 612721
12.1151 613441
12.1184 614161
12.1217 614881
12.125 615601
12.1891 616321
12.1941 617041
12.2041 617761
12.2074 618481
12.2107 619201
12.214 619921
12.2173 620641
12.2814 621361
12.2864 622081
12.2963 622801
12.2996 623521
12.3029 624241
12.3063 624961
12.3096 625681
12.3737 626401
12.3786 627121
12.3886 627841
12.3919 628561
12.3952 629281
12.3985 630001
12.4018 630721
12.4659 631441
12.4709 632161
12.4809 632881
12.4842 633601
12.4875 634321
12.4908 635041
12.4941 635761
12.5582 636481
12.5632 637201
12.5731 637921
12.5764 638641
12.5797 639361
12.5831 640081
12.5864 640801
12.6505 641521
12.6554 642241
12.6654 642961
12.6687 643681
12.672 644401
12.6753 645121
12.6786 645841
12.7427 646561
12.7477 647281
12.7577 648001
12.761 648721
12.7643 649441
12.7676 650161
12.7709 650881
12.835 651601
12.84 652321
12.8499 653041
12.8532 653761
12.8565 654481
12.8599 655201
12.8632 655921
12.9273 656641
12.9322 657361
12.9422 658081
12.9455 658801
12.9488 659521
12.9521 660241
12.9554 660961
13.0195 661681
13.0245 662401
13.0344 663121
13.0378 663841
13.0411 664561
13.0444 665281
13.0477 666001
13.1118 666721
13.1168 667441
13.1267 668161
13.13 668881
13.1333 669601
13.1367 670321
13.14 671041
13.2041 671761
13.209 672481
13.219 673201
13.2223 673921
13.2256 674641
13.2289 675361
13.2322 676081
13.2963 676801
13.3013 677521
13.3112 678241
13.3146 678961
13.3179 679681
13.3212 680401
13.3245 681121
13.3886 681841
13.3936 682561
13.4035 683281
13.4068 684001
13.4101 684721
13.4135 685441
13.4168 686161
13.4809 686881
13.4858 687601
13.4958 688321
13.4991 689041
13.5024 689761
13.5057 690481
13.509 691201
13.5731 691921
13.5781 692641
13.588 693361
13.5914 694081
13.5947 694801
13.598 695521
13.6013 696241
13.6654 696961
13.6704 697681
13.6803 698401
13.6836 699121
13.6869 699841
13.6903 700561
13.6936 701281
13.7577 702001
13.7626 702721
13.7726 703441
13.7759 704161
13.7792 704881
13.7825 705601
13.7858 706321
13.8499 707041
13.8549 707761
13.8648 708481
13.8682 709201
13.8715 709921
13.8748 710641
13.8781 711361
13.9422 712081
13.9472 712801
13.9571 713521
13.9604 714241
13.9637 714961
13.967 715681
13.9704 716401
14.0345 717121
14.0394 717841
14.0494 718561
14.0527 719281
14.056 720001
14.0593 720721
14.0626 721441
14.1267 722161
14.1317 722881
14.1416 723601
14.145 724321
14.1483 725041
14.1516 725761
14.1549 726481
14.219 727201
14.224 727921
14.2339 728641
14.2372 729361
14.2405 730081
14.2438 730801
14.2472 731521
14.3113 732241
14.3162 732961
14.3262 733681
14.3295 734401
14.3328 735121
14.3361 735841
14.3394 736562
