0.0905768 1
0.182886 361
0.276809 1081
0.370731 1801
0.462998 2521
0.46631 3241
0.55692 3961
0.560232 4681
0.563544 5401
0.650842 6121
0.654154 6841
0.657466 7561
0.660778 8281
0.743109 9001
0.746421 9721
0.749733 10441
0.753045 11161
0.756357 11881
0.759669 12601
0.835375 13321
0.838687 14041
0.841999 14761
0.845311 15481
0.848623 16201
0.851935 16921
0.855247 17641
0.858559 18361
0.861871 19081
0.927642 19801
0.930954 20521
0.934266 21241
0.937578 21961
0.94089 22681
0.944202 23401
0.947514 24121
0.950826 24841
0.954138 25561
0.95745 26281
0.960762 27001
0.964074 27721
0.967386 28441
0.970698 29161
1.02156 29881
1.02488 30601
1.02819 31321
1.0315 32041
1.03481 32761
1.03812 33481
1.04144 34201
1.04475 34921
1.04806 35641
1.05137 36361
1.05468 37081
1.058 37801
1.06131 38521
1.06462 39241
1.06793 39961
1.07124 40681
1.07456 41401
1.07787 42121
1.08118 42841
1.08449 43561
1.0878 44281
1.11549 45001
1.1188 45721
1.12211 46441
1.12542 47161
1.12873 47881
1.13205 48601
1.13536 49321
1.13867 50041
1.14198 50761
1.14529 51481
1.14861 52201
1.15192 52921
1.15523 53641
1.15854 54361
1.16185 55081
1.16517 55801
1.16848 56521
1.17179 57241
1.1751 57961
1.17841 58681
1.18173 59401
1.18504 60121
1.18835 60841
1.19166 61561
1.19497 62281
1.19829 63001
1.2016 63721
1.20491 64441
1.20822 65161
1.21153 65881
1.21485 66601
1.21816 67321
1.22147 68041
1.22478 68761
1.22809 69481
1.23141 70201
1.23472 70921
1.23803 71641
1.24134 72361
1.24465 73081
1.24797 73801
1.25128 74521
1.25459 75241
1.2579 75961
1.26121 76681
1.26453 77401
1.26784 78121
1.27115 78841
1.27446 79561
1.27777 80281
1.28109 81001
1.2844 81721
1.28771 82441
1.29102 83161
1.29433 83881
1.29765 84601
1.30096 85321
1.30427 86041
1.30758 86761
1.31089 87481
1.31421 88201
1.31752 88921
1.32083 89641
1.32414 90361
1.32745 91081
1.33077 91801
1.33408 92521
1.33739 93241
1.3407 93961
1.34401 94681
1.34733 95401
1.35064 96121
1.35395 96841
1.35726 97561
1.36057 98281
1.36389 99001
1.3672 99721
1.37051 100441
1.37382 101161
1.37713 101881
1.38045 102601
1.38376 103321
1.38707 104041
1.39038 104761
1.39369 105481
1.39701 106201
1.40032 106921
1.40363 107641
1.40694 108361
1.41025 109081
1.41357 109801
1.41688 110521
1.42019 111241
1.4235 111961
1.42681 112681
1.43013 113401
1.43344 114121
1.43675 114841
1.44006 115561
1.44337 116281
1.44669 117001
1.45 117721
1.45331 118441
1.45662 119161
1.45993 119881
1.46325 120601
1.46656 121321
1.46987 122041
1.47318 122761
1.47649 123481
1.47981 124201
1.48312 124921
1.48643 125641
1.48974 126361
1.49305 127081
1.49637 127801
1.49968 128521
1.50299 129241
1.5063 129961
1.50961 130681
1.51293 131401
1.51624 132121
1.51955 132841
1.52286 133561
1.52617 134281
1.52949 135001
1.5328 135721
1.53611 136441
1.53942 137161
1.54273 137881
1.54605 138601
1.54936 139321
1.55267 140041
1.55598 140761
1.55929 141481
1.56261 142201
1.56592 142921
1.56923 143641
1.57254 144361
1.57585 145081
1.57917 145801
1.58248 146521
1.58579 147241
1.5891 147961
1.59241 148681
1.59573 149401
1.59904 150121
1.60235 150841
1.60566 151561
1.60897 152281
1.61229 153001
1.6156 153721
1.61891 154441
1.62222 155161
1.62553 155881
1.62885 156601
1.63216 157321
1.63547 158041
1.63878 158761
1.64209 159481
1.64541 160201
1.64872 160921
1.65203 161641
1.65534 162361
1.65865 163081
1.66197 163801
1.66528 164521
1.66859 165241
1.6719 165961
1.67521 166681
1.67853 167401
1.68184 168121
1.68515 168841
1.68846 169561
1.69177 170281
1.69509 171001
1.6984 171721
1.70171 172441
1.70502 173161
1.70833 173881
1.71165 174601
1.71496 175321
1.71827 176041
1.72158 176761
1.72489 177481
1.72821 178201
1.73152 178921
1.73483 179641
1.73814 180361
1.74145 181081
1.74477 181801
1.74808 182521
1.75139 183241
1.7547 183961
1.75801 184681
1.76133 185401
1.76464 186121
1.76795 186841
1.77126 187561
1.77457 188281
1.77789 189001
1.7812 189721
1.78451 190441
1.78782 191161
1.79113 191881
1.79445 192601
1.7978 192961
2.2334 215281
2.23506 226441
2.23671 239041
2.23837 250201
2.27149 259921
2.3162 269281
2.35922 277561
2.39727 285481
2.42869 324001
2.4585 324361
2.46181 324721
2.46513 325081
2.46844 325801
2.47175 326521
2.47506 327241
2.47837 327961
2.48169 328681
2.485 329401
2.48831 330121
2.49162 330841
2.49493 331561
2.49825 332281
2.50321 333001
2.50653 333721
2.50984 334441
2.51315 335161
2.51646 335881
2.51977 336601
2.52309 337321
2.5264 338041
2.52971 338761
2.53302 339481
2.53633 340201
2.53965 340921
2.54296 341641
2.54627 342001
2.54958 342721
2.55289 343441
2.55621 344161
2.55952 344881
2.56283 345601
2.56614 346321
2.56945 347041
2.57277 347761
2.57608 348481
2.57939 349201
2.5827 349921
2.58601 350641
2.58933 351361
2.59429 352081
2.59761 352801
2.60092 353521
2.60423 354241
2.60754 354961
2.61085 355681
2.61417 356401
2.61748 357121
2.62079 357841
2.6241 358561
2.62741 359281
2.63073 359641
2.63404 360361
2.63735 361081
2.64066 361801
2.64397 362521
2.64729 363241
2.6506 363961
2.65391 364681
2.65722 365401
2.66053 366121
2.66385 366841
2.66716 367561
2.67047 368281
2.67378 369001
2.67709 369721
2.68041 370441
2.68372 371161
2.68703 371881
2.69034 372601
2.69365 373321
2.69697 374041
2.70028 374761
2.70359 375481
2.7069 376201
2.71021 376921
2.71353 377641
2.71684 378361
2.72015 379081
2.72346 379801
2.72677 380521
2.73009 381241
2.7334 381961
2.73671 382681
2.74002 383401
2.74333 384121
2.74665 384841
2.74996 385561
2.75327 386281
2.75658 387001
2.75989 387721
2.76321 388441
2.76652 389161
2.76983 389881
2.77314 390601
2.77645 391321
2.77977 392041
2.78308 392761
2.78639 393481
2.7897 394201
2.79301 394921
2.79633 395641
2.79964 396361
2.80295 397081
2.80626 397801
2.80957 398521
2.81289 399241
2.8162 399961
2.81951 400681
2.82282 401401
2.82613 402121
2.82945 402841
2.83276 403561
2.83607 404281
2.83938 405001
2.84269 405721
2.84601 406441
2.84932 407161
2.85263 407881
2.85594 408601
2.85925 409321
2.86257 410041
2.86588 410761
2.86919 411481
2.8725 412201
2.87581 412921
2.87913 413641
2.88244 414361
2.88575 415081
2.88906 415801
2.89237 416521
2.89569 417241
2.899 417961
2.90231 418681
2.90562 419401
2.90893 420121
2.91225 420841
2.91556 421561
2.91887 422281
2.92218 423001
2.92549 423721
2.92881 424441
2.93212 425161
2.93543 425881
2.93874 426601
2.94205 427321
2.94537 428041
2.94868 428761
2.95199 429481
2.9553 430201
2.95861 430921
2.96193 431641
2.96524 432361
2.96855 433081
2.97186 433801
2.97517 434521
2.97849 435241
2.9818 435961
2.98511 436681
2.98842 437401
2.99173 438121
2.99505 438841
2.99836 439561
3.00167 440281
3.00498 441001
3.00829 441721
3.01161 442441
3.01492 443161
3.01823 443881
3.02154 444601
3.02485 445321
3.02817 446041
3.03148 446761
3.03479 447481
3.0381 448201
3.04141 448921
3.04473 449641
3.04804 450361
3.05135 451081
3.05466 451801
3.05797 452521
3.06129 453241
3.0646 453961
3.06791 454681
3.07122 455401
3.07453 456121
3.07785 456841
3.08116 457561
3.08447 458281
3.08778 459001
3.09109 459721
3.09441 460441
3.09772 461161
3.10103 461881
3.10434 462601
3.10765 463321
3.11097 464041
3.11428 464761
3.11759 465481
3.1209 466201
3.12421 466921
3.12753 467641
3.13084 468361
3.13415 469081
3.13746 469801
3.14077 470521
3.14409 471241
3.1474 471961
3.15071 472681
3.15402 473401
3.15733 474121
3.16065 474841
3.16396 475561
3.16727 476281
3.17058 477001
3.17389 477721
3.17721 478441
3.18052 479161
3.18383 479881
3.18714 480601
3.19045 481321
3.19377 482041
3.19708 482761
3.20039 483481
3.2037 484201
3.20701 484921
3.21033 485641
3.21364 486361
3.21695 487081
3.22026 487801
3.22357 488521
3.22689 489241
3.2302 489961
3.23351 490681
3.23682 491401
3.24013 492121
3.24345 492841
3.24676 493561
3.25007 494281
3.25338 495001
3.25669 495721
3.26001 496441
3.26332 497161
3.26663 497881
3.26994 498601
3.27325 499321
3.27657 500041
3.27988 500761
3.28319 501481
3.2865 502201
3.28981 502921
3.29313 503641
3.29644 504361
3.29975 505081
3.30306 505801
3.30637 506521
3.30969 507241
3.313 507961
3.31631 508681
3.31962 509401
3.32293 510121
3.32625 510841
3.32956 511561
3.33287 512281
3.33618 513001
3.33949 513721
3.34281 514441
3.34612 515161
3.34943 515881
3.35274 516601
3.35605 517321
3.35937 518041
3.36268 518761
3.36599 519481
3.3693 520201
3.37261 520921
3.37592 521641
3.37924 522361
3.38255 523081
3.38586 523801
3.38917 524521
3.39248 525241
3.3958 525961
3.39911 526681
3.40242 527401
3.40573 528121
3.40904 528841
3.41236 529561
3.41567 530281
3.41898 531001
3.42229 531721
3.4256 532441
3.42892 533161
3.43223 533881
3.43554 534601
3.43885 535321
3.44216 536041
3.44548 536761
3.44879 537481
3.4521 538201
3.45541 538921
3.45872 539641
3.46204 540361
3.46535 541081
3.46866 541801
3.47197 542521
3.47528 543241
3.4786 543961
3.48191 544681
3.48522 545401
3.48853 546121
3.49184 546841
3.49516 547561
3.49847 548281
3.50178 549001
3.50509 549721
3.5084 550441
3.51172 551161
3.51503 551881
3.51834 552601
3.52165 553321
3.52496 554041
3.52828 554761
3.53159 555481
3.5349 556201
3.53821 556921
3.54152 557641
3.54484 558361
3.54815 559081
3.55146 559801
3.55477 560521
3.55808 561241
3.5614 561961
3.56471 562681
3.56802 563401
3.57133 564121
3.57464 564841
3.57796 565561
3.58127 566281
3.58458 567001
3.58789 567721
3.5912 568441
3.59452 569161
3.59783 569881
3.60114 570601
3.60445 571321
3.60776 572041
3.61108 572761
3.61439 573481
3.6177 574201
3.62101 574921
3.62432 575641
3.62764 576361
3.63095 577081
3.63426 577801
3.63757 578521
3.64088 579241
3.6442 579961
3.64751 580681
3.65082 581401
3.65413 582121
3.65744 582841
3.66076 583561
3.66407 584281
3.66738 585001
3.67069 585721
3.674 586441
3.67732 587161
3.68063 587881
3.68394 588601
3.68725 589321
3.69056 590041
3.69388 590761
3.69719 591481
3.7005 592201
3.70381 592921
3.70712 593641
3.71044 594361
3.71375 595081
3.71706 595801
3.72037 596521
3.72368 597241
3.727 597961
3.73031 598681
3.73362 599401
3.73693 600121
3.74024 600841
3.74356 601561
3.74687 602281
3.75018 603001
3.75349 603721
3.7568 604441
3.76012 605161
3.76343 605881
3.76674 606601
3.77005 607321
3.77336 608041
3.77668 608761
3.77999 609481
3.7833 610201
3.78661 610921
3.78992 611641
3.79324 612361
3.79655 613081
3.79986 613801
3.80317 614521
3.80648 615241
3.8098 615961
3.81311 616681
3.81642 617401
3.81973 618121
3.82304 618841
3.82636 619561
3.82967 620281
3.83298 621001
3.83629 621721
3.8396 622441
3.84292 623161
3.84623 623881
3.84954 624601
3.85285 625321
3.85616 626041
3.85948 626761
3.86279 627481
3.8661 628201
3.86941 628921
3.87272 629641
3.87604 630361
3.87935 631081
3.88266 631801
3.88597 632521
3.88928 633241
3.8926 633961
3.89591 634681
3.89922 635401
3.90253 636121
3.90584 636841
3.90916 637561
3.91247 638281
3.91578 639001
3.91909 639721
3.9224 640441
3.92572 641161
3.92903 641881
3.93234 642601
3.93565 643321
3.93896 644041
3.94228 644761
3.94559 645481
3.9489 646201
3.95221 646921
3.95552 647641
3.95884 648361
3.96215 649081
3.96546 649801
3.96877 650521
3.97208 651241
3.9754 651961
3.97871 652681
3.98202 653401
3.98533 654121
3.98864 654841
3.99196 655561
3.99527 656281
3.99858 657001
4.00189 657721
4.0052 658441
4.00852 659161
4.01183 659881
4.01514 660601
4.01845 661321
4.02176 662041
4.02508 662761
4.02839 663481
4.0317 664201
4.03501 664921
4.03832 665641
4.04164 666361
4.04495 667081
4.04826 667801
4.05157 668521
4.05488 669241
4.0582 669961
4.06151 670681
4.06482 671401
4.06813 672121
4.07144 672841
4.07476 673561
4.07807 674281
4.08138 675001
4.08469 675721
4.088 676441
4.09132 677161
4.09463 677881
4.09794 678601
4.10125 679321
4.10456 680041
4.10788 680761
4.11119 681481
4.1145 682201
4.11781 682921
4.12112 683641
4.12444 684361
4.12775 685081
4.13106 685801
4.13437 686521
4.13768 687241
4.141 687961
4.14431 688681
4.14762 689401
4.15093 690121
4.15424 690841
4.15756 691561
4.16087 692281
4.16418 693001
4.16749 693721
4.1708 694441
4.17412 695161
4.17743 695881
4.18074 696601
4.18405 697321
4.18736 698041
4.19068 698761
4.19399 699481
4.1973 700201
4.20061 700921
4.20392 701641
4.20724 702361
4.21055 703081
4.21386 703801
4.21717 704521
4.22048 705241
4.2238 705961
4.22711 706681
4.23042 707401
4.23373 708121
4.23704 708841
4.24036 709561
4.24367 710281
4.24698 711001
4.25029 711721
4.2536 712441
4.25692 713161
4.26023 713881
4.26354 714601
4.26685 715321
4.27016 716041
4.27348 716761
4.27679 717481
4.2801 718201
4.28341 718921
4.28672 719641
4.29004 720361
4.29335 721081
4.29666 721801
4.29997 722521
4.30328 723241
4.3066 723961
4.30991 724681
4.31322 725401
4.31653 726121
4.31984 726841
4.32316 727561
4.32647 728281
4.32978 729001
4.33309 729721
4.3364 730441
4.33972 731161
4.34303 731881
4.34634 732601
4.34965 733321
4.35296 734041
4.35628 734761
4.35959 735481
4.3629 736201
4.36621 736921
4.36952 737641
4.37284 738361
4.37615 739081
4.37946 739801
4.38277 740521
4.38608 741241
4.3894 741961
4.39271 742681
4.39602 743401
4.39933 744121
4.40264 744841
4.40596 745561
4.40927 746281
4.41258 747001
4.41589 747721
4.4192 748441
4.42252 749161
4.42583 749881
4.42914 750601
4.43245 751321
4.43576 752041
4.43908 752761
4.44239 753481
4.4457 754201
4.44901 754921
4.45232 755641
4.45564 756361
4.45895 757081
4.46226 757801
4.46557 758521
4.46888 759241
4.4722 759961
4.47551 760681
4.47882 761401
4.48213 762121
4.48544 762841
4.48876 763561
4.49207 764281
4.49538 765001
4.49869 765721
4.502 766441
4.50532 767161
4.50863 767881
4.51194 768601
4.51525 769321
4.51856 770041
4.52188 770761
4.52519 771481
4.5285 772201
4.53181 772921
4.53512 773641
4.53844 774361
4.54175 775081
4.54506 775801
4.54837 776521
4.55168 777241
4.555 777961
4.55831 778681
4.56162 779401
4.56493 780121
4.56824 780841
4.57156 781561
4.57487 782281
4.57818 783001
4.58149 783721
4.5848 784441
4.58812 785161
4.59143 785881
4.59474 786601
4.59805 787321
4.60136 788041
4.60468 788761
4.60799 789481
4.6113 790201
4.61461 790921
4.61792 791641
4.62124 792361
4.62455 793081
4.62786 793801
4.63117 794521
4.63448 795241
4.6378 795961
4.64111 796681
4.64442 797401
4.64773 798121
4.65104 798841
4.65436 799561
4.65767 800281
4.66098 801001
4.66429 801721
4.6676 802441
4.67092 803161
4.67423 803881
4.67754 804601
4.68085 805321
4.68416 806041
4.68748 806761
4.69079 807481
4.6941 808201
4.69741 808921
4.70072 809641
4.70404 810361
4.70735 811081
4.71066 811801
4.71397 812521
4.71728 813241
4.7206 813961
4.72391 814681
4.72722 815401
4.73053 816121
4.73384 816841
4.73716 817561
4.74047 818281
4.74378 819001
4.74709 819721
4.7504 820441
4.75372 821161
4.75703 821881
4.76034 822601
4.76365 823321
4.76696 824041
4.77028 824761
4.77359 825481
4.7769 826201
4.78021 826921
4.78352 827641
4.78684 828361
4.79015 829081
4.79346 829801
4.79677 830521
4.80008 831241
4.8034 831961
4.80671 832681
4.81002 833401
4.81333 834121
4.81664 834841
4.81996 835561
4.82327 836281
4.82658 837001
4.82989 837721
4.8332 838441
4.83652 839161
4.83983 839881
4.84314 840601
4.84645 841321
4.84976 842041
4.85308 842761
4.85639 843481
4.8597 844201
4.86301 844921
4.86632 845641
4.86964 846361
4.87295 847081
4.87626 847801
4.87957 848521
4.88288 849241
4.8862 849961
4.88951 850681
4.89282 851401
4.89613 852121
4.89944 852841
4.90276 853561
4.90607 854281
4.90938 855001
4.91269 855721
4.916 856441
4.91932 857161
4.92263 857881
4.92594 858601
4.92925 859321
4.93256 860041
4.93588 860761
4.93919 861481
4.9425 862201
4.94581 862921
4.94912 863641
4.95244 864361
4.95575 865081
4.95906 865801
4.96237 866521
4.96568 867241
4.969 867961
4.97231 868681
4.97562 869401
4.97893 870121
4.98224 870841
4.98556 871561
4.98887 872281
4.99218 873001
4.99549 873721
4.9988 874441
5.00212 875161
5.00543 875881
5.00874 876601
5.01205 877321
5.01536 878041
5.01868 878761
5.02199 879481
5.0253 880201
5.02861 880921
5.03192 881641
5.03524 882361
5.03855 883081
5.04186 883801
5.04517 884521
5.04848 885241
5.0518 885961
5.05511 886681
5.05842 887401
5.06173 888121
5.06504 888841
5.06836 889561
5.07167 890281
5.07498 891001
5.07829 891721
5.0816 892441
5.08492 893161
5.08823 893881
5.09154 894601
5.09485 895321
5.09816 896041
5.10148 896761
5.10479 897481
5.1081 898201
5.11141 898921
5.11472 899641
5.11804 900361
5.12135 901081
5.12466 901801
5.12797 902521
5.13128 903241
5.1346 903961
5.13791 904681
5.14122 905401
5.14453 906121
5.14784 906841
5.15116 907561
5.15447 908281
5.15778 909001
5.16109 909721
5.1644 910441
5.16772 911161
5.17103 911881
5.17434 912601
5.17765 913321
5.18096 914041
5.18428 914761
5.18759 915481
5.1909 916201
5.19421 916921
5.19752 917641
5.20084 918361
5.20415 919081
5.20746 919801
5.21077 920521
5.21408 921241
5.2174 921961
5.22071 922681
5.22402 923401
5.22733 924121
5.23064 924841
5.23396 925561
5.23727 926281
5.24058 927001
5.24389 927721
5.2472 928441
5.25052 929161
5.25383 929881
5.25714 930601
5.26045 931321
5.26376 932041
5.26708 932761
5.27039 933481
5.2737 934201
5.27701 934921
5.28032 935641
5.28364 936361
5.28695 937081
5.29026 937801
5.29357 938521
5.29688 939241
5.3002 939961
5.30351 940681
5.30682 941401
5.31013 942121
5.31344 942841
5.31676 943561
5.32007 944281
5.32338 945001
5.32669 945721
5.33 946441
5.33332 947161
5.33663 947881
5.33994 948601
5.61661 970921
5.64973 982081
5.70102 994681
5.75895 1005841
5.81024 1050841
5.81356 1051561
5.81687 1052281
5.82018 1053001
5.82349 1053721
5.8268 1054081
5.83012 1054801
5.83343 1055521
5.83674 1056241
5.84005 1056961
5.84336 1057681
5.84668 1058401
5.84999 1059121
5.8533 1059841
5.85661 1060561
5.85992 1061281
5.86489 1062001
5.8682 1062721
5.87152 1063441
5.87483 1064161
5.87814 1064881
5.88145 1065601
5.88476 1066321
5.88808 1067041
5.89139 1067761
5.8947 1068481
5.89801 1069201
5.90132 1069921
5.90464 1070641
5.90795 1071361
5.91126 1072081
5.91457 1072441
5.91788 1073161
5.9212 1073881
5.92451 1074601
5.92782 1075321
5.93113 1076041
5.93444 1076761
5.93776 1077481
5.94107 1078201
5.94438 1078921
5.94769 1079641
5.951 1080361
5.95432 1081081
5.95763 1081801
5.96094 1082521
5.96425 1083241
5.96756 1083961
5.97088 1084681
5.97419 1085041
5.9775 1085761
5.98081 1086481
5.98412 1087201
5.98744 1087921
5.99075 1088641
5.99406 1089361
5.99737 1090081
6.00068 1090801
6.004 1091521
6.00731 1092241
6.01062 1092961
6.01393 1093681
6.01724 1094401
6.02056 1095121
6.02387 1095841
6.02718 1096561
6.03049 1097281
6.0338 1098001
6.03712 1098721
6.04043 1099441
6.04374 1100161
6.04705 1100881
6.05036 1101601
6.05368 1102321
6.05699 1103041
6.0603 1103761
6.06361 1104481
6.06692 1105201
6.07024 1105921
6.07355 1106641
6.07686 1107361
6.08017 1108081
6.08348 1108801
6.0868 1109521
6.09011 1110241
6.09342 1110961
6.09673 1111681
6.10004 1112401
6.10336 1113121
6.10667 1113841
6.10998 1114561
6.11329 1115281
6.1166 1116001
6.11992 1116721
6.12323 1117441
6.12654 1118161
6.12985 1118881
6.13316 1119601
6.13648 1120321
6.13979 1121041
6.1431 1121761
6.14641 1122481
6.14972 1123201
6.15304 1123921
6.15635 1124641
6.15966 1125361
6.16297 1126081
6.16628 1126801
6.1696 1127521
6.17291 1128241
6.17622 1128961
6.17953 1129681
6.18284 1130401
6.18616 1131121
6.18947 1131841
6.19278 1132561
6.19609 1133281
6.1994 1134001
6.20272 1134721
6.20603 1135441
6.20934 1136161
6.21265 1136881
6.21596 1137601
6.21928 1138321
6.22259 1139041
6.2259 1139761
6.22921 1140481
6.23252 1141201
6.23584 1141921
6.23915 1142641
6.24246 1143361
6.24577 1144081
6.24908 1144801
6.2524 1145521
6.25571 1146241
6.25902 1146961
6.26233 1147681
6.26564 1148401
6.26896 1149121
6.27227 1149841
6.27558 1150561
6.27889 1151281
6.2822 1152001
6.28552 1152721
6.28883 1153441
6.29214 1154161
6.29545 1154881
6.29876 1155601
6.30208 1156321
6.30539 1157041
6.3087 1157761
6.31201 1158481
6.31532 1159201
6.31864 1159921
6.32195 1160641
6.32526 1161361
6.32857 1162081
6.33188 1162801
6.3352 1163521
6.33851 1164241
6.34182 1164961
6.34513 1165681
6.34844 1166401
6.35176 1167121
6.35507 1167841
6.35838 1168561
6.36169 1169281
6.365 1170001
6.36832 1170721
6.37163 1171441
6.37494 1172161
6.37825 1172881
6.38156 1173601
6.38488 1174321
6.38819 1175041
6.3915 1175761
6.39481 1176481
6.39812 1177201
6.40144 1177921
6.40475 1178641
6.40806 1179361
6.41137 1180081
6.41468 1180801
6.418 1181521
6.42131 1182241
6.42462 1182961
6.42793 1183681
6.43124 1184401
6.43456 1185121
6.43787 1185841
6.44118 1186561
6.44449 1187281
6.4478 1188001
6.45112 1188721
6.45443 1189441
6.45774 1190161
6.46105 1190881
6.46436 1191601
6.46768 1192321
6.47099 1193041
6.4743 1193761
6.47761 1194481
6.48092 1195201
6.48424 1195921
6.48755 1196641
6.49086 1197361
6.49417 1198081
6.49748 1198801
6.5008 1199521
6.50411 1200241
6.50742 1200961
6.51073 1201681
6.51404 1202401
6.51736 1203121
6.52067 1203841
6.52398 1204561
6.52729 1205281
6.5306 1206001
6.53392 1206721
6.53723 1207441
6.54054 1208161
6.54385 1208881
6.54716 1209601
6.55048 1210321
6.55379 1211041
6.5571 1211761
6.56041 1212481
6.56372 1213201
6.56704 1213921
6.57035 1214641
6.57366 1215361
6.57697 1216081
6.58028 1216801
6.5836 1217521
6.58691 1218241
6.59022 1218961
6.59353 1219681
6.59684 1220401
6.60016 1221121
6.60347 1221841
6.60678 1222561
6.61009 1223281
6.6134 1224001
6.61672 1224721
6.62003 1225441
6.62334 1226161
6.62665 1226881
6.62996 1227601
6.63328 1228321
6.63659 1229041
6.6399 1229761
6.64321 1230481
6.64652 1231201
6.64984 1231921
6.65315 1232641
6.65646 1233361
6.65977 1234081
6.66308 1234801
6.6664 1235521
6.66971 1236241
6.67302 1236961
6.67633 1237681
6.67964 1238401
6.68295 1239121
6.68627 1239841
6.68958 1240561
6.69289 1241281
6.6962 1242001
6.69951 1242721
6.70283 1243441
6.70614 1244161
6.70945 1244881
6.71276 1245601
6.71607 1246321
6.71939 1247041
6.7227 1247761
6.72601 1248481
6.72932 1249201
6.73263 1249921
6.73595 1250641
6.73926 1251361
6.74257 1252081
6.74588 1252801
6.74919 1253521
6.75251 1254241
6.75582 1254961
6.75913 1255681
6.76244 1256401
6.76575 1257121
6.76907 1257841
6.77238 1258561
6.77569 1259281
6.779 1260001
6.78231 1260721
6.78563 1261441
6.78894 1262161
6.79225 1262881
6.79556 1263601
6.79887 1264321
6.80219 1265041
6.8055 1265761
6.80881 1266481
6.81212 1267201
6.81543 1267921
6.81875 1268641
6.82206 1269361
6.82537 1270081
6.82868 1270801
6.83199 1271521
6.83531 1272241
6.83862 1272961
6.84193 1273681
6.84524 1274401
6.84855 1275121
6.85187 1275841
6.85518 1276561
6.85849 1277281
6.8618 1278001
6.86511 1278721
6.86843 1279441
6.87174 1280161
6.87505 1280881
6.87836 1281601
6.88167 1282321
6.88499 1283041
6.8883 1283761
6.89161 1284481
6.89492 1285201
6.89823 1285921
6.90155 1286641
6.90486 1287361
6.90817 1288081
6.91148 1288801
6.91479 1289521
6.91811 1290241
6.92142 1290961
6.92473 1291681
6.92804 1292401
6.93135 1293121
6.93467 1293841
6.93798 1294561
6.94129 1295281
6.9446 1296001
6.94791 1296721
6.95123 1297441
6.95454 1298161
6.95785 1298881
6.96116 1299601
6.96447 1300321
6.96779 1301041
6.9711 1301761
6.97441 1302481
6.97772 1303201
6.98103 1303921
6.98435 1304641
6.98766 1305361
6.99097 1306081
6.99428 1306801
6.99759 1307521
7.00091 1308241
7.00422 1308961
7.00753 1309681
7.01084 1310401
7.01415 1311121
7.01747 1311841
7.02078 1312561
7.02409 1313281
7.0274 1314001
7.03071 1314721
7.03403 1315441
7.03734 1316161
7.04065 1316881
7.04396 1317601
7.04727 1318321
7.05059 1319041
7.0539 1319761
7.05721 1320481
7.06052 1321201
7.06383 1321921
7.06715 1322641
7.07046 1323361
7.07377 1324081
7.07708 1324801
7.08039 1325521
7.08371 1326241
7.08702 1326961
7.09033 1327681
7.09364 1328401
7.09695 1329121
7.10027 1329841
7.10358 1330561
7.10689 1331281
7.1102 1332001
7.11351 1332721
7.11683 1333441
7.12014 1334161
7.12345 1334881
7.12676 1335601
7.13007 1336321
7.13339 1337041
7.1367 1337761
7.14001 1338481
7.14332 1339201
7.14663 1339921
7.14995 1340641
7.15326 1341361
7.15657 1342081
7.15988 1342801
7.16319 1343521
7.16651 1344241
7.16982 1344961
7.17313 1345681
7.17644 1346401
7.17975 1347121
7.18307 1347841
7.18638 1348561
7.18969 1349281
7.193 1350001
7.19631 1350721
7.19963 1351441
7.20294 1352161
7.20625 1352881
7.20956 1353601
7.21287 1354321
7.21619 1355041
7.2195 1355761
7.22281 1356481
7.22612 1357201
7.22943 1357921
7.23275 1358641
7.23606 1359361
7.23937 1360081
7.24268 1360801
7.24599 1361521
7.24931 1362241
7.25262 1362961
7.25593 1363681
7.25924 1364401
7.26255 1365121
7.26587 1365841
7.26918 1366561
7.27249 1367281
7.2758 1368001
7.27911 1368721
7.28243 1369441
7.28574 1370161
7.28905 1370881
7.29236 1371601
7.29567 1372321
7.29899 1373041
7.3023 1373761
7.30561 1374481
7.30892 1375201
7.31223 1375921
7.31555 1376641
7.31886 1377361
7.32217 1378081
7.32548 1378801
7.32879 1379521
7.33211 1380241
7.33542 1380961
7.33873 1381681
7.34204 1382401
7.34535 1383121
7.34867 1383841
7.35198 1384561
7.35529 1385281
7.3586 1386001
7.36191 1386721
7.36523 1387441
7.36854 1388161
7.37185 1388881
7.37516 1389601
7.37847 1390321
7.38179 1391041
7.3851 1391761
7.38841 1392481
7.39172 1393201
7.39503 1393921
7.39835 1394641
7.40166 1395361
7.40497 1396081
7.40828 1396801
7.41159 1397521
7.41491 1398241
7.41822 1398961
7.42153 1399681
7.42484 1400401
7.42815 1401121
7.43147 1401841
7.43478 1402561
7.43809 1403281
7.4414 1404001
7.44471 1404721
7.44803 1405441
7.45134 1406161
7.45465 1406881
7.45796 1407601
7.46127 1408321
7.46459 1409041
7.4679 1409761
7.47121 1410481
7.47452 1411201
7.47783 1411921
7.48115 1412641
7.48446 1413361
7.48777 1414081
7.49108 1414801
7.49439 1415521
7.49771 1416241
7.50102 1416961
7.50433 1417681
7.50764 1418401
7.51095 1419121
7.51427 1419841
7.51758 1420561
7.52089 1421281
7.5242 1422001
7.52751 1422721
7.53083 1423441
7.53414 1424161
7.53745 1424881
7.54076 1425601
7.54407 1426321
7.54739 1427041
7.5507 1427761
7.55401 1428481
7.55732 1429201
7.56063 1429921
7.56395 1430641
7.56726 1431361
7.57057 1432081
7.57388 1432801
7.57719 1433521
7.58051 1434241
7.58382 1434961
7.58713 1435681
7.59044 1436401
7.59375 1437121
7.59707 1437841
7.60038 1438561
7.60369 1439281
7.607 1440001
7.61031 1440721
7.61363 1441441
7.61694 1442161
7.62025 1442881
7.62356 1443601
7.62687 1444321
7.63019 1445041
7.6335 1445761
7.63681 1446481
7.64012 1447201
7.64343 1447921
7.64675 1448641
7.65006 1449361
7.65337 1450081
7.65668 1450801
7.65999 1451521
7.66331 1452241
7.66662 1452961
7.66993 1453681
7.67324 1454401
7.67655 1455121
7.67987 1455841
7.68318 1456561
7.68649 1457281
7.6898 1458001
7.69311 1458721
7.69643 1459441
7.69974 1460161
7.70305 1460881
7.70636 1461601
7.70967 1462321
7.71299 1463041
7.7163 1463761
7.71961 1464481
7.72292 1465201
7.72623 1465921
7.72955 1466641
7.73286 1467361
7.73617 1468081
7.73948 1468801
7.74279 1469521
7.74611 1470241
7.74942 1470961
7.75273 1471681
7.75604 1472401
7.75935 1473121
7.76267 1473841
7.76598 1474561
7.76929 1475281
7.7726 1476001
7.77591 1476721
7.77923 1477441
7.78254 1478161
7.78585 1478881
7.78916 1479601
7.79247 1480321
7.79579 1481041
7.7991 1481761
7.80241 1482481
7.80572 1483201
7.80903 1483921
7.81235 1484641
7.81566 1485361
7.81897 1486081
7.82228 1486801
7.82559 1487521
7.82891 1488241
7.83222 1488961
7.83553 1489681
7.83884 1490401
7.84215 1491121
7.84547 1491841
7.84878 1492561
7.85209 1493281
7.8554 1494001
7.85871 1494721
7.86203 1495441
7.86534 1496161
7.86865 1496881
7.87196 1497601
7.87527 1498321
7.87859 1499041
7.8819 1499761
7.88521 1500481
7.88852 1501201
7.89183 1501921
7.89515 1502641
7.89846 1503361
7.90177 1504081
7.90508 1504801
7.90839 1505521
7.91171 1506241
7.91502 1506961
7.91833 1507681
7.92164 1508401
7.92495 1509121
7.92827 1509841
7.93158 1510561
7.93489 1511281
7.9382 1512001
7.94151 1512721
7.94483 1513441
7.94814 1514161
7.95145 1514881
7.95476 1515601
7.95807 1516321
7.96139 1517041
7.9647 1517761
7.96801 1518481
7.97132 1519201
7.97463 1519921
7.97795 1520641
7.98126 1521361
7.98457 1522081
7.98788 1522801
7.99119 1523521
7.99451 1524241
7.99782 1524961
8.00113 1525681
8.00444 1526401
8.00775 1527121
8.01107 1527841
8.01438 1528561
8.01769 1529281
8.021 1530001
8.02431 1530721
8.02763 1531441
8.03094 1532161
8.03425 1532881
8.03756 1533601
8.04087 1534321
8.04419 1535041
8.0475 1535761
8.05081 1536481
8.05412 1537201
8.05743 1537921
8.06075 1538641
8.06406 1539361
8.06737 1540081
8.07068 1540801
8.07399 1541521
8.07731 1542241
8.08062 1542961
8.08393 1543681
8.08724 1544401
8.09055 1545121
8.09387 1545841
8.09718 1546561
8.10049 1547281
8.1038 1548001
8.10711 1548721
8.11043 1549441
8.11374 1550161
8.11705 1550881
8.12036 1551601
8.12367 1552321
8.12699 1553041
8.1303 1553761
8.13361 1554481
8.13692 1555201
8.14023 1555921
8.14355 1556641
8.14686 1557361
8.15017 1558081
8.15348 1558801
8.15679 1559521
8.16011 1560241
8.16342 1560961
8.16673 1561681
8.17004 1562401
8.17335 1563121
8.17667 1563841
8.17998 1564561
8.18329 1565281
8.1866 1566001
8.18991 1566721
8.19323 1567441
8.19654 1568161
8.19985 1568881
8.20316 1569601
8.20647 1570321
8.20979 1571041
8.2131 1571761
8.21641 1572481
8.21972 1573201
8.22303 1573921
8.22635 1574641
8.22966 1575361
8.23297 1576081
8.23628 1576801
8.23959 1577521
8.24291 1578241
8.24622 1578961
8.24953 1579681
8.25284 1580401
8.25615 1581121
8.25947 1581841
8.26278 1582561
8.26609 1583281
8.2694 1584001
8.27271 1584721
8.27603 1585441
8.27934 1586161
8.28265 1586881
8.28596 1587601
8.28927 1588321
8.29259 1589041
8.2959 1589761
8.29921 1590481
8.30252 1591201
8.30583 1591921
8.30915 1592641
8.31246 1593361
8.31577 1594081
8.31908 1594801
8.32239 1595521
8.32571 1596241
8.32902 1596961
8.33233 1597681
8.33564 1598401
8.33895 1599121
8.34227 1599841
8.34558 1600561
8.34889 1601281
8.3522 1602001
8.35551 1602721
8.35883 1603441
8.36214 1604161
8.36545 1604881
8.36876 1605601
8.37207 1606321
8.37539 1607041
8.3787 1607761
8.38201 1608481
8.38532 1609201
8.38863 1609921
8.39195 1610641
8.39526 1611361
8.39857 1612081
8.40188 1612801
8.40519 1613521
8.40851 1614241
8.41182 1614961
8.41513 1615681
8.41844 1616401
8.42175 1617121
8.42507 1617841
8.42838 1618561
8.43169 1619281
8.435 1620001
8.43831 1620721
8.44163 1621441
8.44494 1622161
8.44825 1622881
8.45156 1623601
8.45487 1624321
8.45819 1625041
8.4615 1625761
8.46481 1626481
8.46812 1627201
8.47143 1627921
8.47475 1628641
8.47806 1629361
8.48137 1630081
8.48468 1630801
8.48799 1631521
8.49131 1632241
8.49462 1632961
8.49793 1633681
8.50124 1634401
8.50455 1635121
8.50787 1635841
8.51118 1636561
8.51449 1637281
8.5178 1638001
8.52111 1638721
8.52443 1639441
8.52774 1640161
8.53105 1640881
8.53436 1641601
8.53767 1642321
8.54099 1643041
8.5443 1643761
8.54761 1644481
8.55092 1645201
8.55423 1645921
8.55755 1646641
8.56086 1647361
8.56417 1648081
8.56748 1648801
8.57079 1649521
8.57411 1650241
8.57742 1650961
8.58073 1651681
8.58404 1652401
8.58735 1653121
8.59067 1653841
8.59398 1654561
8.59729 1655281
8.6006 1656001
8.60391 1656721
8.60723 1657441
8.61054 1658161
8.61385 1658881
8.61716 1659601
8.62047 1660321
8.62379 1661041
8.6271 1661761
8.63041 1662481
8.63372 1663201
8.63703 1663921
8.64035 1664641
8.64366 1665361
8.64697 1666081
8.65028 1666801
8.65359 1667521
8.65691 1668241
8.66022 1668961
8.66353 1669681
8.66684 1670401
8.67015 1671121
8.67347 1671841
8.67678 1672561
8.68009 1673281
8.6834 1674001
8.68671 1674721
8.69003 1675441
8.69334 1676161
8.69665 1676881
8.69996 1677601
8.70327 1678321
8.70659 1679041
8.7099 1679761
8.71321 1680481
8.71652 1681201
8.71983 1681921
8.72315 1682641
8.72646 1683361
8.72977 1684081
8.73308 1684801
8.73639 1685521
8.73971 1686241
8.74302 1686961
8.74633 1687681
8.74964 1688401
8.75295 1689121
8.75627 1689841
8.75958 1690561
8.76289 1691281
8.7662 1692001
8.76951 1692721
8.77283 1693441
8.77614 1694161
8.77945 1694881
8.78276 1695601
8.78607 1696321
8.78939 1697041
8.7927 1697761
8.79601 1698481
8.79932 1699201
8.80263 1699921
8.80595 1700641
8.80926 1701361
8.81257 1702081
8.81588 1702801
8.81919 1703521
8.82251 1704241
8.82582 1704961
8.82913 1705681
8.83244 1706401
8.83575 1707121
8.83907 1707841
8.84238 1708561
8.84569 1709281
8.849 1710001
8.85231 1710721
8.85563 1711441
8.85894 1712161
8.86225 1712881
8.86556 1713601
8.86887 1714321
8.87219 1715041
8.8755 1715761
8.87881 1716481
8.88212 1717201
8.88543 1717921
8.88875 1718641
8.89206 1719361
8.89537 1720081
8.89868 1720801
8.90199 1721521
8.90531 1722241
8.90862 1722961
8.91193 1723681
8.91524 1724401
8.91855 1725121
8.92187 1725841
8.92518 1726561
8.92849 1727281
8.9318 1728001
8.93511 1728721
8.93843 1729441
8.94174 1730161
8.94505 1730881
8.94836 1731601
8.95167 1732321
8.95499 1733041
8.9583 1733761
8.96161 1734481
8.96492 1735201
8.96823 1735921
8.97155 1736641
8.97486 1737361
8.97817 1738081
8.98148 1738801
8.98479 1739521
8.98811 1740241
8.99142 1740961
8.99473 1741681
8.99804 1742401
9.00135 1743121
9.00467 1743841
9.00798 1744561
9.01129 1745281
9.0146 1746001
9.01791 1746721
9.02123 1747441
9.02454 1748161
9.02785 1748881
9.03116 1749601
9.03447 1750321
9.03779 1751041
9.0411 1751761
9.04441 1752481
9.04772 1753201
9.05103 1753921
9.05435 1754641
9.05766 1755361
9.06097 1756081
9.06428 1756801
9.06759 1757521
9.07091 1758241
9.07422 1758961
9.07753 1759681
9.08084 1760401
9.08415 1761121
9.08747 1761841
9.09078 1762561
9.09409 1763281
9.0974 1764001
9.10071 1764721
9.10403 1765441
9.10734 1766161
9.11065 1766881
9.11396 1767601
9.11727 1768321
9.12059 1769041
9.1239 1769761
9.12721 1770481
9.13052 1771201
9.13383 1771921
9.13715 1772641
9.14046 1773361
9.14377 1774081
9.14708 1774801
9.15039 1775521
9.15371 1776241
9.15702 1776961
9.16033 1777681
9.16364 1778401
9.16695 1779121
9.17027 1779841
9.17358 1780561
9.17689 1781281
9.1802 1782001
9.18351 1782721
9.18683 1783441
9.19014 1784161
9.19345 1784881
9.19676 1785601
9.20007 1786321
9.20339 1787041
9.2067 1787761
9.21001 1788481
9.21332 1789201
9.21663 1789921
9.21995 1790641
9.22326 1791361
9.22657 1792081
9.22988 1792801
9.23319 1793521
9.23651 1794241
9.23982 1794961
9.24313 1795681
9.24644 1796401
9.24975 1797121
9.25307 1797841
9.25638 1798561
9.25969 1799281
9.263 1800001
9.26631 1800721
9.26963 1801441
9.27294 1802161
9.27625 1802881
9.27956 1803601
9.28287 1804321
9.28619 1805041
9.2895 1805761
9.29281 1806481
9.29612 1807201
9.29943 1807921
9.30275 1808641
9.30606 1809361
9.30937 1810081
9.31268 1810801
9.31599 1811521
9.31931 1812241
9.32262 1812961
9.32593 1813681
9.32924 1814401
9.33255 1815121
9.33587 1815841
9.33918 1816561
9.34249 1817281
9.3458 1818001
9.34911 1818721
9.35243 1819441
9.35574 1820161
9.35905 1820881
9.36236 1821601
9.36567 1822321
9.36899 1823041
9.3723 1823761
9.37561 1824481
9.37892 1825201
9.38223 1825921
9.38555 1826641
9.38886 1827361
9.39217 1828081
9.39548 1828801
9.39879 1829521
9.40211 1830241
9.40542 1830961
9.40873 1831681
9.41204 1832401
9.41535 1833121
9.41867 1833841
9.42198 1834561
9.42529 1835281
9.4286 1836001
9.43191 1836721
9.43523 1837441
9.43854 1838161
9.44185 1838881
9.44516 1839601
9.44847 1840321
9.45179 1841041
9.4551 1841761
9.45841 1842481
9.46172 1843201
9.46503 1843921
9.46835 1844641
9.47166 1845361
9.47497 1846081
9.47828 1846801
9.48159 1847521
9.48491 1848241
9.48822 1848961
9.49153 1849681
9.49484 1850401
9.49815 1851121
9.50147 1851841
9.50478 1852561
9.50809 1853281
9.5114 1854001
9.51471 1854721
9.51803 1855441
9.52134 1856161
9.52465 1856881
9.52796 1857601
9.53127 1858321
9.53459 1859041
9.5379 1859761
9.54121 1860481
9.54452 1861201
9.54783 1861921
9.55115 1862641
9.55446 1863361
9.55777 1864081
9.56108 1864801
9.56439 1865521
9.56771 1866241
9.57102 1866961
9.57433 1867681
9.57764 1868401
9.58095 1869121
9.58427 1869841
9.58758 1870561
9.59089 1871281
9.5942 1872001
9.59751 1872721
9.60083 1873441
9.60414 1874161
9.60745 1874881
9.61076 1875601
9.61407 1876321
9.61739 1877041
9.6207 1877761
9.62401 1878481
9.62732 1879201
9.63063 1879921
9.63395 1880641
9.63726 1881361
9.64057 1882081
9.64388 1882801
9.64719 1883521
9.65051 1884241
9.65382 1884961
9.65713 1885681
9.66044 1886401
9.66375 1887121
9.66707 1887841
9.67038 1888561
9.67369 1889281
9.677 1890001
9.68031 1890721
9.68363 1891441
9.68694 1892161
9.69025 1892881
9.69356 1893601
9.69687 1894321
9.70019 1895041
9.7035 1895761
9.70681 1896481
9.71012 1897201
9.71343 1897921
9.71675 1898641
9.72006 1899361
9.72337 1900081
9.72668 1900801
9.72999 1901521
9.73331 1902241
9.73662 1902961
9.73993 1903681
9.74324 1904401
9.74655 1905121
9.74987 1905841
9.75318 1906561
9.75649 1907281
9.7598 1908001
9.76311 1908721
9.76643 1909441
9.76974 1910161
9.77305 1910881
9.77636 1911601
9.77967 1912321
9.78299 1913041
9.7863 1913761
9.78961 1914481
9.79292 1915201
9.79623 1915921
9.79955 1916641
9.80286 1917361
9.80617 1918081
9.80948 1918801
9.81279 1919521
9.81611 1920241
9.81942 1920961
9.82273 1921681
9.82604 1922401
9.82935 1923121
9.83267 1923841
9.83598 1924561
9.83929 1925281
9.8426 1926001
9.84591 1926721
9.84923 1927441
9.85254 1928161
9.85585 1928881
9.85916 1929601
9.86247 1930321
9.86579 1931041
9.8691 1931761
9.87241 1932481
9.87572 1933201
9.87903 1933921
9.88235 1934641
9.88566 1935361
9.88897 1936081
9.89228 1936801
9.89559 1937521
9.89891 1938241
9.90222 1938961
9.90553 1939681
9.90884 1940401
9.91215 1941121
9.91547 1941841
9.91878 1942561
9.92209 1943281
9.9254 1944001
9.92871 1944721
9.93203 1945441
9.93534 1946161
9.93865 1946881
9.94196 1947601
9.94527 1948321
9.94859 1949041
9.9519 1949761
9.95521 1950481
9.95852 1951201
9.96183 1951921
9.96515 1952641
9.96846 1953361
9.97177 1954081
9.97508 1954801
9.97839 1955521
9.98171 1956241
9.98502 1956961
9.98833 1957681
9.99164 1958401
9.99495 1959121
9.99826 1959841
10.0016 1960561
10.0049 1961281
10.0082 1962001
10.0115 1962721
10.0148 1963441
10.0181 1964161
10.0214 1964881
10.0248 1965601
10.0281 1966321
10.0314 1967041
10.0347 1967761
10.038 1968481
10.0413 1969201
10.0446 1969921
10.0479 1970641
10.0513 1971361
10.0546 1972081
10.0579 1972801
10.0612 1973521
10.0645 1974241
10.0678 1974961
10.0711 1975681
10.0744 1976401
10.0778 1977121
10.0811 1977841
10.0844 1978561
10.0877 1979281
10.091 1980001
10.0943 1980721
10.0976 1981441
10.1009 1982161
10.1042 1982881
10.1076 1983601
10.1109 1984321
10.1142 1985041
10.1175 1985761
10.1208 1986481
10.1241 1987201
10.1274 1987921
10.1307 1988641
10.1341 1989361
10.1374 1990081
10.1407 1990801
10.144 1991521
10.4173 2013841
10.4587 2025001
10.51 2037601
10.568 2048761
10.6193 2094841
10.6226 2095561
10.6259 2096281
10.6292 2097001
10.6325 2097361
10.6358 2098081
10.6391 2098801
10.6424 2099521
10.6458 2100241
10.6491 2100961
10.6524 2101681
10.6557 2102401
10.659 2103121
10.6623 2103841
10.6656 2104561
10.6689 2105281
10.6723 2106001
10.6756 2106361
10.6789 2107081
10.6822 2107801
10.6855 2108521
10.6888 2109241
10.6921 2109961
10.6954 2110681
10.6988 2111401
10.7021 2112121
10.7054 2112841
10.7087 2113561
10.712 2114281
10.7153 2115001
10.7186 2115721
10.7219 2116441
10.7252 2117161
10.7286 2117521
10.7319 2118241
10.7352 2118961
10.7385 2119681
10.7418 2120401
10.7451 2121121
10.7484 2121841
10.7517 2122561
10.7551 2123281
10.7584 2124001
10.7617 2124721
10.765 2125441
10.7683 2126161
10.7716 2126881
10.7749 2127601
10.7782 2128321
10.7816 2129041
10.7849 2129761
10.7882 2130121
10.7915 2130841
10.7948 2131561
10.7981 2132281
10.8014 2133001
10.8047 2133721
10.808 2134441
10.8114 2135161
10.8147 2135881
10.818 2136601
10.8213 2137321
10.8246 2138041
10.8279 2138761
10.8312 2139481
10.8345 2140201
10.8379 2140921
10.8412 2141641
10.8445 2142361
10.8478 2143081
10.8511 2143801
10.8544 2144521
10.8577 2145241
10.861 2145961
10.8644 2146681
10.8677 2147401
10.871 2148121
10.8743 2148841
10.8776 2149561
10.8809 2150281
10.8842 2151001
10.8875 2151721
10.8908 2152441
10.8942 2153161
10.8975 2153881
10.9008 2154601
10.9041 2155321
10.9074 2156041
10.9107 2156761
10.914 2157481
10.9173 2158201
10.9207 2158921
10.924 2159641
10.9273 2160361
10.9306 2161081
10.9339 2161801
10.9372 2162521
10.9405 2163241
10.9438 2163961
10.9472 2164681
10.9505 2165401
10.9538 2166121
10.9571 2166841
10.9604 2167561
10.9637 2168281
10.967 2169001
10.9703 2169721
10.9736 2170441
10.977 2171161
10.9803 2171881
10.9836 2172601
10.9869 2173321
10.9902 2174041
10.9935 2174761
10.9968 2175481
11.0001 2176201
11.0035 2176921
11.0068 2177641
11.0101 2178361
11.0134 2179081
11.0167 2179801
11.02 2180521
11.0233 2181241
11.0266 2181961
11.03 2182681
11.0333 2183401
11.0366 2184121
11.0399 2184841
11.0432 2185561
11.0465 2186281
11.0498 2187001
11.0531 2187721
11.0564 2188441
11.0598 2189161
11.0631 2189881
11.0664 2190601
11.0697 2191321
11.073 2192041
11.0763 2192761
11.0796 2193481
11.0829 2194201
11.0863 2194921
11.0896 2195641
11.0929 2196361
11.0962 2197081
11.0995 2197801
11.1028 2198521
11.1061 2199241
11.1094 2199961
11.1128 2200681
11.1161 2201401
11.1194 2202121
11.1227 2202841
11.126 2203561
11.1293 2204281
11.1326 2205001
11.1359 2205721
11.1392 2206441
11.1426 2207161
11.1459 2207881
11.1492 2208601
11.1525 2209321
11.1558 2210041
11.1591 2210761
11.1624 2211481
11.1657 2212201
11.1691 2212921
11.1724 2213641
11.1757 2214361
11.179 2215081
11.1823 2215801
11.1856 2216521
11.1889 2217241
11.1922 2217961
11.1956 2218681
11.1989 2219401
11.2022 2220121
11.2055 2220841
11.2088 2221561
11.2121 2222281
11.2154 2223001
11.2187 2223721
11.222 2224441
11.2254 2225161
11.2287 2225881
11.232 2226601
11.2353 2227321
11.2386 2228041
11.2419 2228761
11.2452 2229481
11.2485 2230201
11.2519 2230921
11.2552 2231641
11.2585 2232361
11.2618 2233081
11.2651 2233801
11.2684 2234521
11.2717 2235241
11.275 2235961
11.2784 2236681
11.2817 2237401
11.285 2238121
11.2883 2238841
11.2916 2239561
11.2949 2240281
11.2982 2241001
11.3015 2241721
11.3048 2242441
11.3082 2243161
11.3115 2243881
11.3148 2244601
11.3181 2245321
11.3214 2246041
11.3247 2246761
11.328 2247481
11.3313 2248201
11.3347 2248921
11.338 2249641
11.3413 2250361
11.3446 2251081
11.3479 2251801
11.3512 2252521
11.3545 2253241
11.3578 2253961
11.3612 2254681
11.3645 2255401
11.3678 2256121
11.3711 2256841
11.3744 2257561
11.3777 2258281
11.381 2259001
11.3843 2259721
11.3876 2260441
11.391 2261161
11.3943 2261881
11.3976 2262601
11.4009 2263321
11.4042 2264041
11.4075 2264761
11.4108 2265481
11.4141 2266201
11.4175 2266921
11.4208 2267641
11.4241 2268361
11.4274 2269081
11.4307 2269801
11.434 2270521
11.4373 2271241
11.4406 2271961
11.444 2272681
11.4473 2273401
11.4506 2274121
11.4539 2274841
11.4572 2275561
11.4605 2276281
11.4638 2277001
11.4671 2277721
11.4704 2278441
11.4738 2279161
11.4771 2279881
11.4804 2280601
11.4837 2281321
11.487 2282041
11.4903 2282761
11.4936 2283481
11.4969 2284201
11.5003 2284921
11.5036 2285641
11.5069 2286361
11.5102 2287081
11.5135 2287801
11.5168 2288521
11.5201 2289241
11.5234 2289961
11.5268 2290681
11.5301 2291401
11.5334 2292121
11.5367 2292841
11.54 2293561
11.5433 2294281
11.5466 2295001
11.5499 2295721
11.5532 2296441
11.5566 2297161
11.5599 2297881
11.5632 2298601
11.5665 2299321
11.5698 2300041
11.5731 2300761
11.5764 2301481
11.5797 2302201
11.5831 2302921
11.5864 2303641
11.5897 2304361
11.593 2305081
11.5963 2305801
11.5996 2306521
11.6029 2307241
11.6062 2307961
11.6096 2308681
11.6129 2309401
11.6162 2310121
11.6195 2310841
11.6228 2311561
11.6261 2312281
11.6294 2313001
11.6327 2313721
11.636 2314441
11.6394 2315161
11.6427 2315881
11.646 2316601
11.6493 2317321
11.6526 2318041
11.6559 2318761
11.6592 2319481
11.6625 2320201
11.6659 2320921
11.6692 2321641
11.6725 2322361
11.6758 2323081
11.6791 2323801
11.6824 2324521
11.6857 2325241
11.689 2325961
11.6924 2326681
11.6957 2327401
11.699 2328121
11.7023 2328841
11.7056 2329561
11.7089 2330281
11.7122 2331001
11.7155 2331721
11.7188 2332441
11.7222 2333161
11.7255 2333881
11.7288 2334601
11.7321 2335321
11.7354 2336041
11.7387 2336761
11.742 2337481
11.7453 2338201
11.7487 2338921
11.752 2339641
11.7553 2340361
11.7586 2341081
11.7619 2341801
11.7652 2342521
11.7685 2343241
11.7718 2343961
11.7752 2344681
11.7785 2345401
11.7818 2346121
11.7851 2346841
11.7884 2347561
11.7917 2348281
11.795 2349001
11.7983 2349721
11.8016 2350441
11.805 2351161
11.8083 2351881
11.8116 2352601
11.8149 2353321
11.8182 2354041
11.8215 2354761
11.8248 2355481
11.8281 2356201
11.8315 2356921
11.8348 2357641
11.8381 2358361
11.8414 2359081
11.8447 2359801
11.848 2360521
11.8513 2361241
11.8546 2361961
11.858 2362681
11.8613 2363401
11.8646 2364121
11.8679 2364841
11.8712 2365561
11.8745 2366281
11.8778 2367001
11.8811 2367721
11.8844 2368441
11.8878 2369161
11.8911 2369881
11.8944 2370601
11.8977 2371321
11.901 2372041
11.9043 2372761
11.9076 2373481
11.9109 2374201
11.9143 2374921
11.9176 2375641
11.9209 2376361
11.9242 2377081
11.9275 2377801
11.9308 2378521
11.9341 2379241
11.9374 2379961
11.9408 2380681
11.9441 2381401
11.9474 2382121
11.9507 2382841
11.954 2383561
11.9573 2384281
11.9606 2385001
11.9639 2385721
11.9672 2386441
11.9706 2387161
11.9739 2387881
11.9772 2388601
11.9805 2389321
11.9838 2390041
11.9871 2390761
11.9904 2391481
11.9937 2392201
11.9971 2392921
12.0004 2393641
12.0037 2394361
12.007 2395081
12.0103 2395801
12.0136 2396521
12.0169 2397241
12.0202 2397961
12.0236 2398681
12.0269 2399401
12.0302 2400121
12.0335 2400841
12.0368 2401561
12.0401 2402281
12.0434 2403001
12.0467 2403721
12.05 2404441
12.0534 2405161
12.0567 2405881
12.06 2406601
12.0633 2407321
12.0666 2408041
12.0699 2408761
12.0732 2409481
12.0765 2410201
12.0799 2410921
12.0832 2411641
12.0865 2412361
12.0898 2413081
12.0931 2413801
12.0964 2414521
12.0997 2415241
12.103 2415961
12.1064 2416681
12.1097 2417401
12.113 2418121
12.1163 2418841
12.1196 2419561
12.1229 2420281
12.1262 2421001
12.1295 2421721
12.1328 2422441
12.1362 2423161
12.1395 2423881
12.1428 2424601
12.1461 2425321
12.1494 2426041
12.1527 2426761
12.156 2427481
12.1593 2428201
12.1627 2428921
12.166 2429641
12.1693 2430361
12.1726 2431081
12.1759 2431801
12.1792 2432521
12.1825 2433241
12.1858 2433961
12.1892 2434681
12.1925 2435401
12.1958 2436121
12.1991 2436841
12.2024 2437561
12.2057 2438281
12.209 2439001
12.2123 2439721
12.2156 2440441
12.219 2441161
12.2223 2441881
12.2256 2442601
12.2289 2443321
12.2322 2444041
12.2355 2444761
12.2388 2445481
12.2421 2446201
12.2455 2446921
12.2488 2447641
12.2521 2448361
12.2554 2449081
12.2587 2449801
12.262 2450521
12.2653 2451241
12.2686 2451961
12.272 2452681
12.2753 2453401
12.2786 2454121
12.2819 2454841
12.2852 2455561
12.2885 2456281
12.2918 2457001
12.2951 2457721
12.2984 2458441
12.3018 2459161
12.3051 2459881
12.3084 2460601
12.3117 2461321
12.315 2462041
12.3183 2462761
12.3216 2463481
12.3249 2464201
12.3283 2464921
12.3316 2465641
12.3349 2466361
12.3382 2467081
12.3415 2467801
12.3448 2468521
12.3481 2469241
12.3514 2469961
12.3548 2470681
12.3581 2471401
12.3614 2472121
12.3647 2472841
12.368 2473561
12.3713 2474281
12.3746 2475001
12.3779 2475721
12.3812 2476441
12.3846 2477161
12.3879 2477881
12.3912 2478601
12.3945 2479321
12.3978 2480041
12.4011 2480761
12.4044 2481481
12.4077 2482201
12.4111 2482921
12.4144 2483641
12.4177 2484361
12.421 2485081
12.4243 2485801
12.4276 2486521
12.4309 2487241
12.4342 2487961
12.4376 2488681
12.4409 2489401
12.4442 2490121
12.4475 2490841
12.4508 2491561
12.4541 2492281
12.4574 2493001
12.4607 2493721
12.464 2494441
12.4674 2495161
12.4707 2495881
12.474 2496601
12.4773 2497321
12.4806 2498041
12.4839 2498761
12.4872 2499481
12.4905 2500201
12.4939 2500921
12.4972 2501641
12.5005 2502361
12.5038 2503081
12.5071 2503801
12.5104 2504521
12.5137 2505241
12.517 2505961
12.5204 2506681
12.5237 2507401
12.527 2508121
12.5303 2508841
12.5336 2509561
12.5369 2510281
12.5402 2511001
12.5435 2511721
12.5468 2512441
12.5502 2513161
12.5535 2513881
12.5568 2514601
12.5601 2515321
12.5634 2516041
12.5667 2516761
12.57 2517481
12.5733 2518201
12.5767 2518921
12.58 2519641
12.5833 2520361
12.5866 2521081
12.5899 2521801
12.5932 2522521
12.5965 2523241
12.5998 2523962
