0.0 0
0.0905768 360
0.0905768 360
0.182886 720
0.276809 1080
0.370731 1440
0.462998 1800
0.46631 2160
0.55692 2520
0.560232 2880
0.563544 3240
0.650842 3600
0.654154 3960
0.657466 4320
0.660778 4680
0.743109 5040
0.746421 5400
0.749733 5760
0.753045 6120
0.756357 6480
0.759669 6840
0.835375 7200
0.838687 7560
0.841999 7920
0.845311 8280
0.848623 8640
0.851935 9000
0.855247 9360
0.858559 9720
0.861871 10080
0.927642 10440
0.930954 10800
0.934266 11160
0.937578 11520
0.94089 11880
0.944202 12240
0.947514 12600
0.950826 12960
0.954138 13320
0.95745 13680
0.960762 14040
0.964074 14400
0.967386 14760
0.970698 15120
1.02156 15480
1.02488 15840
1.02819 16200
1.0315 16560
1.03481 16920
1.03812 17280
1.04144 17640
1.04475 18000
1.04806 18360
1.05137 18720
1.05468 19080
1.058 19440
1.06131 19800
1.06462 20160
1.06793 20520
1.07124 20880
1.07456 21240
1.07787 21600
1.08118 21960
1.08449 22320
1.0878 22680
1.11549 23040
1.1188 23400
1.12211 23760
1.12542 24120
1.12873 24480
1.13205 24840
1.13536 25200
1.13867 25560
1.14198 25920
1.14529 26280
1.14861 26640
1.15192 27000
1.15523 27360
1.15854 27720
1.16185 28080
1.16517 28440
1.16848 28800
1.17179 29160
1.1751 29520
1.17841 29880
1.18173 30240
1.18504 30600
1.18835 30960
1.19166 31320
1.19497 31680
1.19829 32040
1.2016 32400
1.20491 32760
1.20822 33120
1.21153 33480
1.21485 33840
1.21816 34200
1.22147 34560
1.22478 34920
1.22809 35280
1.23141 35640
1.23472 36000
1.23803 36360
1.24134 36720
1.24465 37080
1.24797 37440
1.25128 37800
1.25459 38160
1.2579 38520
1.26121 38880
1.26453 39240
1.26784 39600
1.27115 39960
1.27446 40320
1.27777 40680
1.28109 41040
1.2844 41400
1.28771 41760
1.29102 42120
1.29433 42480
1.29765 42840
1.30096 43200
1.30427 43560
1.30758 43920
1.31089 44280
1.31421 44640
1.31752 45000
1.32083 45360
1.32414 45720
1.32745 46080
1.33077 46440
1.33408 46800
1.33739 47160
1.3407 47520
1.34401 47880
1.34733 48240
1.35064 48600
1.35395 48960
1.35726 49320
1.36057 49680
1.36389 50040
1.3672 50400
1.37051 50760
1.37382 51120
1.37713 51480
1.38045 51840
1.38376 52200
1.38707 52560
1.39038 52920
1.39369 53280
1.39701 53640
1.40032 54000
1.40363 54360
1.40694 54720
1.41025 55080
1.41357 55440
1.41688 55800
1.42019 56160
1.4235 56520
1.42681 56880
1.43013 57240
1.43344 57600
1.43675 57960
1.44006 58320
1.44337 58680
1.44669 59040
1.45 59400
1.45331 59760
1.45662 60120
1.45993 60480
1.46325 60840
1.46656 61200
1.46987 61560
1.47318 61920
1.47649 62280
1.47981 62640
1.48312 63000
1.48643 63360
1.48974 63720
1.49305 64080
1.49637 64440
1.49968 64800
1.50299 65160
1.5063 65520
1.50961 65880
1.51293 66240
1.51624 66600
1.51955 66960
1.52286 67320
1.52617 67680
1.52949 68040
1.5328 68400
1.53611 68760
1.53942 69120
1.54273 69480
1.54605 69840
1.54936 70200
1.55267 70560
1.55598 70920
1.55929 71280
1.56261 71640
1.56592 72000
1.56923 72360
1.57254 72720
1.57585 73080
1.57917 73440
1.58248 73800
1.58579 74160
1.5891 74520
1.59241 74880
1.59573 75240
1.59904 75600
1.60235 75960
1.60566 76320
1.60897 76680
1.61229 77040
1.6156 77400
1.61891 77760
1.62222 78120
1.62553 78480
1.62885 78840
1.63216 79200
1.63547 79560
1.63878 79920
1.64209 80280
1.64541 80640
1.64872 81000
1.65203 81360
1.65534 81720
1.65865 82080
1.66197 82440
1.66528 82800
1.66859 83160
1.6719 83520
1.67521 83880
1.67853 84240
1.68184 84600
1.68515 84960
1.68846 85320
1.69177 85680
1.69509 86040
1.6984 86400
1.70171 86760
1.70502 87120
1.70833 87480
1.71165 87840
1.71496 88200
1.71827 88560
1.72158 88920
1.72489 89280
1.72821 89640
1.73152 90000
1.73483 90360
1.73814 90720
1.74145 91080
1.74477 91440
1.74808 91800
1.75139 92160
1.7547 92520
1.75801 92880
1.76133 93240
1.76464 93600
1.76795 93960
1.77126 94320
1.77457 94680
1.77789 95040
1.7812 95400
1.78451 95760
1.78782 96120
1.79113 96480
1.79445 96840
1.7978 97200
1.80111 97200
1.80111 48240
2.4585 48243
2.46181 48246
2.46513 48249
2.46844 48252
2.47175 48255
2.47506 48258
2.47837 48261
2.48169 48264
2.485 48267
2.48831 48270
2.49162 48273
2.49493 48276
2.49825 48279
2.50321 48282
2.50653 48285
2.50984 48288
2.51315 48291
2.51646 48294
2.51977 48297
2.52309 48300
2.5264 48303
2.52971 48306
2.53302 48309
2.53633 48312
2.53965 48315
2.54296 48318
2.54627 48321
2.54958 48324
2.55289 48327
2.55621 48330
2.55952 48333
2.56283 48336
2.56614 48339
2.56945 48342
2.57277 48345
2.57608 48348
2.57939 48351
2.5827 48354
2.58601 48357
2.58933 48360
2.59429 48363
2.59761 48366
2.60092 48369
2.60423 48372
2.60754 48375
2.61085 48378
2.61417 48381
2.61748 48384
2.62079 48387
2.6241 48390
2.62741 48393
2.63073 48396
2.63404 48399
2.63735 48402
2.64066 48405
2.64397 48408
2.64729 48411
2.6506 48414
2.65391 48417
2.65722 48420
2.66053 48423
2.66385 48426
2.66716 48429
2.67047 48432
2.67378 48435
2.67709 48438
2.68041 48441
2.68372 48444
2.68703 48447
2.69034 48450
2.69365 48453
2.69697 48456
2.70028 48459
2.70359 48462
2.7069 48465
2.71021 48468
2.71353 48471
2.71684 48474
2.72015 48477
2.72346 48480
2.72677 48483
2.73009 48486
2.7334 48489
2.73671 48492
2.74002 48495
2.74333 48498
2.74665 48501
2.74996 48504
2.75327 48507
2.75658 48510
2.75989 48513
2.76321 48516
2.76652 48519
2.76983 48522
2.77314 48525
2.77645 48528
2.77977 48531
2.78308 48534
2.78639 48537
2.7897 48540
2.79301 48543
2.79633 48546
2.79964 48549
2.80295 48552
2.80626 48555
2.80957 48558
2.81289 48561
2.8162 48564
2.81951 48567
2.82282 48570
2.82613 48573
2.82945 48576
2.83276 48579
2.83607 48583
2.83938 48587
2.84269 48591
2.84601 48595
2.84932 48599
2.85263 48603
2.85594 48607
2.85925 48611
2.86257 48615
2.86588 48619
2.86919 48623
2.8725 48627
2.87581 48631
2.87913 48635
2.88244 48639
2.88575 48643
2.88906 48647
2.89237 48651
2.89569 48655
2.899 48659
2.90231 48663
2.90562 48667
2.90893 48671
2.91225 48675
2.91556 48679
2.91887 48683
2.92218 48687
2.92549 48691
2.92881 48695
2.93212 48699
2.93543 48704
2.93874 48709
2.94205 48714
2.94537 48719
2.94868 48724
2.95199 48729
2.9553 48734
2.95861 48739
2.96193 48744
2.96524 48749
2.96855 48754
2.97186 48759
2.97517 48764
2.97849 48769
2.9818 48774
2.98511 48779
2.98842 48784
2.99173 48789
2.99505 48794
2.99836 48799
3.00167 48804
3.00498 48809
3.00829 48814
3.01161 48819
3.01492 48824
3.01823 48829
3.02154 48834
3.02485 48839
3.02817 48844
3.03148 48849
3.03479 48855
3.0381 48861
3.04141 48867
3.04473 48873
3.04804 48879
3.05135 48885
3.05466 48891
3.05797 48897
3.06129 48903
3.0646 48909
3.06791 48915
3.07122 48921
3.07453 48927
3.07785 48933
3.08116 48939
3.08447 48945
3.08778 48951
3.09109 48957
3.09441 48963
3.09772 48969
3.10103 48975
3.10434 48981
3.10765 48987
3.11097 48993
3.11428 48999
3.11759 49005
3.1209 49011
3.12421 49017
3.12753 49023
3.13084 49029
3.13415 49036
3.13746 49043
3.14077 49050
3.14409 49057
3.1474 49064
3.15071 49071
3.15402 49078
3.15733 49085
3.16065 49092
3.16396 49099
3.16727 49106
3.17058 49113
3.17389 49120
3.17721 49127
3.18052 49134
3.18383 49141
3.18714 49148
3.19045 49155
3.19377 49162
3.19708 49169
3.20039 49176
3.2037 49183
3.20701 49190
3.21033 49197
3.21364 49204
3.21695 49211
3.22026 49218
3.22357 49225
3.22689 49232
3.2302 49239
3.23351 49247
3.23682 49255
3.24013 49263
3.24345 49271
3.24676 49279
3.25007 49287
3.25338 49295
3.25669 49303
3.26001 49311
3.26332 49319
3.26663 49327
3.26994 49335
3.27325 49343
3.27657 49351
3.27988 49359
3.28319 49367
3.2865 49375
3.28981 49383
3.29313 49391
3.29644 49399
3.29975 49407
3.30306 49415
3.30637 49423
3.30969 49431
3.313 49439
3.31631 49447
3.31962 49455
3.32293 49463
3.32625 49471
3.32956 49479
3.33287 49488
3.33618 49497
3.33949 49506
3.34281 49515
3.34612 49524
3.34943 49533
3.35274 49542
3.35605 49551
3.35937 49560
3.36268 49569
3.36599 49578
3.3693 49587
3.37261 49596
3.37592 49605
3.37924 49614
3.38255 49623
3.38586 49632
3.38917 49641
3.39248 49650
3.3958 49659
3.39911 49668
3.40242 49677
3.40573 49686
3.40904 49695
3.41236 49704
3.41567 49713
3.41898 49722
3.42229 49731
3.4256 49740
3.42892 49749
3.43223 49759
3.43554 49769
3.43885 49779
3.44216 49789
3.44548 49799
3.44879 49809
3.4521 49819
3.45541 49829
3.45872 49839
3.46204 49849
3.46535 49859
3.46866 49869
3.47197 49879
3.47528 49889
3.4786 49899
3.48191 49909
3.48522 49919
3.48853 49929
3.49184 49939
3.49516 49949
3.49847 49959
3.50178 49969
3.50509 49979
3.5084 49989
3.51172 49999
3.51503 50009
3.51834 50019
3.52165 50029
3.52496 50039
3.52828 50049
3.53159 50060
3.5349 50071
3.53821 50082
3.54152 50093
3.54484 50104
3.54815 50115
3.55146 50126
3.55477 50137
3.55808 50148
3.5614 50159
3.56471 50170
3.56802 50181
3.57133 50192
3.57464 50203
3.57796 50214
3.58127 50225
3.58458 50236
3.58789 50247
3.5912 50258
3.59452 50269
3.59783 50280
3.60114 50291
3.60445 50302
3.60776 50313
3.61108 50324
3.61439 50335
3.6177 50346
3.62101 50357
3.62432 50368
3.62764 50380
3.63095 50392
3.63426 50404
3.63757 50416
3.64088 50428
3.6442 50440
3.64751 50452
3.65082 50464
3.65413 50476
3.65744 50488
3.66076 50500
3.66407 50512
3.66738 50524
3.67069 50536
3.674 50548
3.67732 50560
3.68063 50572
3.68394 50584
3.68725 50596
3.69056 50608
3.69388 50620
3.69719 50632
3.7005 50644
3.70381 50656
3.70712 50668
3.71044 50680
3.71375 50692
3.71706 50704
3.72037 50716
3.72368 50728
3.727 50741
3.73031 50754
3.73362 50767
3.73693 50780
3.74024 50793
3.74356 50806
3.74687 50819
3.75018 50832
3.75349 50845
3.7568 50858
3.76012 50871
3.76343 50884
3.76674 50897
3.77005 50910
3.77336 50923
3.77668 50936
3.77999 50949
3.7833 50962
3.78661 50975
3.78992 50988
3.79324 51001
3.79655 51014
3.79986 51027
3.80317 51040
3.80648 51053
3.8098 51066
3.81311 51079
3.81642 51092
3.81973 51105
3.82304 51119
3.82636 51133
3.82967 51147
3.83298 51161
3.83629 51175
3.8396 51189
3.84292 51203
3.84623 51217
3.84954 51231
3.85285 51245
3.85616 51259
3.85948 51273
3.86279 51287
3.8661 51301
3.86941 51315
3.87272 51329
3.87604 51343
3.87935 51357
3.88266 51371
3.88597 51385
3.88928 51399
3.8926 51413
3.89591 51427
3.89922 51441
3.90253 51455
3.90584 51469
3.90916 51483
3.91247 51497
3.91578 51511
3.91909 51526
3.9224 51541
3.92572 51556
3.92903 51571
3.93234 51586
3.93565 51601
3.93896 51616
3.94228 51631
3.94559 51646
3.9489 51661
3.95221 51676
3.95552 51691
3.95884 51706
3.96215 51721
3.96546 51736
3.96877 51751
3.97208 51766
3.9754 51781
3.97871 51796
3.98202 51811
3.98533 51826
3.98864 51841
3.99196 51856
3.99527 51871
3.99858 51886
4.00189 51901
4.0052 51916
4.00852 51931
4.01183 51946
4.01514 51962
4.01845 51978
4.02176 51994
4.02508 52010
4.02839 52026
4.0317 52042
4.03501 52058
4.03832 52074
4.04164 52090
4.04495 52106
4.04826 52122
4.05157 52138
4.05488 52154
4.0582 52170
4.06151 52186
4.06482 52202
4.06813 52218
4.07144 52234
4.07476 52250
4.07807 52266
4.08138 52282
4.08469 52298
4.088 52314
4.09132 52330
4.09463 52346
4.09794 52362
4.10125 52378
4.10456 52394
4.10788 52410
4.11119 52427
4.1145 52444
4.11781 52461
4.12112 52478
4.12444 52495
4.12775 52512
4.13106 52529
4.13437 52546
4.13768 52563
4.141 52580
4.14431 52597
4.14762 52614
4.15093 52631
4.15424 52648
4.15756 52665
4.16087 52682
4.16418 52699
4.16749 52716
4.1708 52733
4.17412 52750
4.17743 52767
4.18074 52784
4.18405 52801
4.18736 52818
4.19068 52835
4.19399 52852
4.1973 52869
4.20061 52886
4.20392 52903
4.20724 52921
4.21055 52939
4.21386 52957
4.21717 52975
4.22048 52993
4.2238 53011
4.22711 53029
4.23042 53047
4.23373 53065
4.23704 53083
4.24036 53101
4.24367 53119
4.24698 53137
4.25029 53155
4.2536 53173
4.25692 53191
4.26023 53209
4.26354 53227
4.26685 53245
4.27016 53263
4.27348 53281
4.27679 53299
4.2801 53317
4.28341 53335
4.28672 53353
4.29004 53371
4.29335 53389
4.29666 53407
4.29997 53425
4.30328 53444
4.3066 53463
4.30991 53482
4.31322 53501
4.31653 53520
4.31984 53539
4.32316 53558
4.32647 53577
4.32978 53596
4.33309 53615
4.3364 53634
4.33972 53653
4.34303 53672
4.34634 53691
4.34965 53710
4.35296 53729
4.35628 53748
4.35959 53767
4.3629 53786
4.36621 53805
4.36952 53824
4.37284 53843
4.37615 53862
4.37946 53881
4.38277 53900
4.38608 53919
4.3894 53938
4.39271 53957
4.39602 53976
4.39933 53996
4.40264 54016
4.40596 54036
4.40927 54056
4.41258 54076
4.41589 54096
4.4192 54116
4.42252 54136
4.42583 54156
4.42914 54176
4.43245 54196
4.43576 54216
4.43908 54236
4.44239 54256
4.4457 54276
4.44901 54296
4.45232 54316
4.45564 54336
4.45895 54356
4.46226 54376
4.46557 54396
4.46888 54416
4.4722 54436
4.47551 54456
4.47882 54476
4.48213 54496
4.48544 54516
4.48876 54536
4.49207 54557
4.49538 54578
4.49869 54599
4.502 54620
4.50532 54641
4.50863 54662
4.51194 54683
4.51525 54704
4.51856 54725
4.52188 54746
4.52519 54767
4.5285 54788
4.53181 54809
4.53512 54830
4.53844 54851
4.54175 54872
4.54506 54893
4.54837 54914
4.55168 54935
4.555 54956
4.55831 54977
4.56162 54998
4.56493 55019
4.56824 55040
4.57156 55061
4.57487 55082
4.57818 55103
4.58149 55124
4.5848 55145
4.58812 55167
4.59143 55189
4.59474 55211
4.59805 55233
4.60136 55255
4.60468 55277
4.60799 55299
4.6113 55321
4.61461 55343
4.61792 55365
4.62124 55387
4.62455 55409
4.62786 55431
4.63117 55453
4.63448 55475
4.6378 55497
4.64111 55519
4.64442 55541
4.64773 55563
4.65104 55585
4.65436 55607
4.65767 55629
4.66098 55651
4.66429 55673
4.6676 55695
4.67092 55717
4.67423 55739
4.67754 55761
4.68085 55784
4.68416 55807
4.68748 55830
4.69079 55853
4.6941 55876
4.69741 55899
4.70072 55922
4.70404 55945
4.70735 55968
4.71066 55991
4.71397 56014
4.71728 56037
4.7206 56060
4.72391 56083
4.72722 56106
4.73053 56129
4.73384 56152
4.73716 56175
4.74047 56198
4.74378 56221
4.74709 56244
4.7504 56267
4.75372 56290
4.75703 56313
4.76034 56336
4.76365 56359
4.76696 56382
4.77028 56405
4.77359 56428
4.7769 56452
4.78021 56476
4.78352 56500
4.78684 56524
4.79015 56548
4.79346 56572
4.79677 56596
4.80008 56620
4.8034 56644
4.80671 56668
4.81002 56692
4.81333 56716
4.81664 56740
4.81996 56764
4.82327 56788
4.82658 56812
4.82989 56836
4.8332 56860
4.83652 56884
4.83983 56908
4.84314 56932
4.84645 56956
4.84976 56980
4.85308 57004
4.85639 57028
4.8597 57052
4.86301 57076
4.86632 57100
4.86964 57125
4.87295 57150
4.87626 57175
4.87957 57200
4.88288 57225
4.8862 57250
4.88951 57275
4.89282 57300
4.89613 57325
4.89944 57350
4.90276 57375
4.90607 57400
4.90938 57425
4.91269 57450
4.916 57475
4.91932 57500
4.92263 57525
4.92594 57550
4.92925 57575
4.93256 57600
4.93588 57625
4.93919 57650
4.9425 57675
4.94581 57700
4.94912 57725
4.95244 57750
4.95575 57775
4.95906 57800
4.96237 57826
4.96568 57852
4.969 57878
4.97231 57904
4.97562 57930
4.97893 57956
4.98224 57982
4.98556 58008
4.98887 58034
4.99218 58060
4.99549 58086
4.9988 58112
5.00212 58138
5.00543 58164
5.00874 58190
5.01205 58216
5.01536 58242
5.01868 58268
5.02199 58294
5.0253 58320
5.02861 58346
5.03192 58372
5.03524 58398
5.03855 58424
5.04186 58450
5.04517 58476
5.04848 58502
5.0518 58528
5.05511 58555
5.05842 58582
5.06173 58609
5.06504 58636
5.06836 58663
5.07167 58690
5.07498 58717
5.07829 58744
5.0816 58771
5.08492 58798
5.08823 58825
5.09154 58852
5.09485 58879
5.09816 58906
5.10148 58933
5.10479 58960
5.1081 58987
5.11141 59014
5.11472 59041
5.11804 59068
5.12135 59095
5.12466 59122
5.12797 59149
5.13128 59176
5.1346 59203
5.13791 59230
5.14122 59257
5.14453 59284
5.14784 59312
5.15116 59340
5.15447 59368
5.15778 59396
5.16109 59424
5.1644 59452
5.16772 59480
5.17103 59508
5.17434 59536
5.17765 59564
5.18096 59592
5.18428 59620
5.18759 59648
5.1909 59676
5.19421 59704
5.19752 59732
5.20084 59760
5.20415 59788
5.20746 59816
5.21077 59844
5.21408 59872
5.2174 59900
5.22071 59928
5.22402 59956
5.22733 59984
5.23064 60012
5.23396 60040
5.23727 60069
5.24058 60098
5.24389 60127
5.2472 60156
5.25052 60185
5.25383 60214
5.25714 60243
5.26045 60272
5.26376 60301
5.26708 60330
5.27039 60359
5.2737 60388
5.27701 60417
5.28032 60446
5.28364 60475
5.28695 60504
5.29026 60533
5.29357 60562
5.29688 60591
5.3002 60620
5.30351 60649
5.30682 60678
5.31013 60707
5.31344 60736
5.31676 60765
5.32007 60794
5.32338 60823
5.32669 60852
5.33 60882
5.33332 60912
5.33663 60942
5.33994 60972
5.34495 60972
5.34495 45917
5.81356 45920
5.81687 45923
5.82018 45926
5.82349 45929
5.8268 45932
5.83012 45935
5.83343 45938
5.83674 45941
5.84005 45944
5.84336 45947
5.84668 45950
5.84999 45953
5.8533 45956
5.85661 45959
5.85992 45962
5.86489 45965
5.8682 45968
5.87152 45971
5.87483 45974
5.87814 45977
5.88145 45980
5.88476 45983
5.88808 45986
5.89139 45989
5.8947 45992
5.89801 45995
5.90132 45998
5.90464 46001
5.90795 46004
5.91126 46007
5.91457 46010
5.91788 46013
5.9212 46016
5.92451 46019
5.92782 46022
5.93113 46025
5.93444 46028
5.93776 46031
5.94107 46034
5.94438 46037
5.94769 46040
5.951 46043
5.95432 46046
5.95763 46049
5.96094 46052
5.96425 46055
5.96756 46058
5.97088 46061
5.97419 46064
5.9775 46067
5.98081 46070
5.98412 46073
5.98744 46076
5.99075 46079
5.99406 46082
5.99737 46085
6.00068 46088
6.004 46091
6.00731 46094
6.01062 46097
6.01393 46100
6.01724 46103
6.02056 46106
6.02387 46109
6.02718 46112
6.03049 46115
6.0338 46118
6.03712 46121
6.04043 46124
6.04374 46127
6.04705 46130
6.05036 46133
6.05368 46136
6.05699 46139
6.0603 46142
6.06361 46145
6.06692 46148
6.07024 46151
6.07355 46154
6.07686 46157
6.08017 46160
6.08348 46163
6.0868 46166
6.09011 46169
6.09342 46172
6.09673 46175
6.10004 46178
6.10336 46181
6.10667 46184
6.10998 46187
6.11329 46190
6.1166 46193
6.11992 46196
6.12323 46199
6.12654 46202
6.12985 46205
6.13316 46208
6.13648 46211
6.13979 46214
6.1431 46217
6.14641 46220
6.14972 46223
6.15304 46226
6.15635 46229
6.15966 46232
6.16297 46235
6.16628 46238
6.1696 46241
6.17291 46244
6.17622 46247
6.17953 46250
6.18284 46253
6.18616 46256
6.18947 46259
6.19278 46262
6.19609 46265
6.1994 46268
6.20272 46271
6.20603 46274
6.20934 46277
6.21265 46280
6.21596 46283
6.21928 46286
6.22259 46289
6.2259 46292
6.22921 46295
6.23252 46298
6.23584 46301
6.23915 46304
6.24246 46307
6.24577 46310
6.24908 46313
6.2524 46316
6.25571 46319
6.25902 46322
6.26233 46325
6.26564 46328
6.26896 46331
6.27227 46334
6.27558 46337
6.27889 46340
6.2822 46343
6.28552 46346
6.28883 46349
6.29214 46352
6.29545 46355
6.29876 46358
6.30208 46361
6.30539 46364
6.3087 46367
6.31201 46370
6.31532 46373
6.31864 46376
6.32195 46379
6.32526 46382
6.32857 46385
6.33188 46388
6.3352 46391
6.33851 46394
6.34182 46397
6.34513 46400
6.34844 46403
6.35176 46406
6.35507 46409
6.35838 46412
6.36169 46415
6.365 46418
6.36832 46421
6.37163 46424
6.37494 46427
6.37825 46430
6.38156 46433
6.38488 46436
6.38819 46439
6.3915 46442
6.39481 46445
6.39812 46448
6.40144 46451
6.40475 46454
6.40806 46457
6.41137 46460
6.41468 46463
6.418 46466
6.42131 46469
6.42462 46472
6.42793 46475
6.43124 46478
6.43456 46481
6.43787 46484
6.44118 46487
6.44449 46490
6.4478 46493
6.45112 46496
6.45443 46499
6.45774 46502
6.46105 46505
6.46436 46508
6.46768 46511
6.47099 46514
6.4743 46517
6.47761 46520
6.48092 46523
6.48424 46526
6.48755 46529
6.49086 46532
6.49417 46535
6.49748 46538
6.5008 46541
6.50411 46545
6.50742 46549
6.51073 46553
6.51404 46557
6.51736 46561
6.52067 46565
6.52398 46569
6.52729 46573
6.5306 46577
6.53392 46581
6.53723 46585
6.54054 46589
6.54385 46593
6.54716 46597
6.55048 46601
6.55379 46605
6.5571 46609
6.56041 46613
6.56372 46617
6.56704 46621
6.57035 46625
6.57366 46629
6.57697 46633
6.58028 46637
6.5836 46641
6.58691 46645
6.59022 46649
6.59353 46653
6.59684 46657
6.60016 46661
6.60347 46665
6.60678 46669
6.61009 46673
6.6134 46677
6.61672 46681
6.62003 46685
6.62334 46689
6.62665 46693
6.62996 46697
6.63328 46701
6.63659 46705
6.6399 46709
6.64321 46713
6.64652 46717
6.64984 46721
6.65315 46725
6.65646 46729
6.65977 46733
6.66308 46737
6.6664 46741
6.66971 46745
6.67302 46749
6.67633 46753
6.67964 46757
6.68295 46761
6.68627 46765
6.68958 46769
6.69289 46773
6.6962 46777
6.69951 46781
6.70283 46785
6.70614 46789
6.70945 46793
6.71276 46797
6.71607 46802
6.71939 46807
6.7227 46812
6.72601 46817
6.72932 46822
6.73263 46827
6.73595 46832
6.73926 46837
6.74257 46842
6.74588 46847
6.74919 46852
6.75251 46857
6.75582 46862
6.75913 46867
6.76244 46872
6.76575 46877
6.76907 46882
6.77238 46887
6.77569 46892
6.779 46897
6.78231 46902
6.78563 46907
6.78894 46912
6.79225 46917
6.79556 46922
6.79887 46927
6.80219 46932
6.8055 46937
6.80881 46942
6.81212 46947
6.81543 46952
6.81875 46957
6.82206 46962
6.82537 46967
6.82868 46972
6.83199 46977
6.83531 46982
6.83862 46987
6.84193 46992
6.84524 46997
6.84855 47002
6.85187 47007
6.85518 47012
6.85849 47017
6.8618 47022
6.86511 47027
6.86843 47032
6.87174 47037
6.87505 47042
6.87836 47047
6.88167 47052
6.88499 47057
6.8883 47062
6.89161 47067
6.89492 47072
6.89823 47077
6.90155 47082
6.90486 47087
6.90817 47092
6.91148 47097
6.91479 47102
6.91811 47107
6.92142 47112
6.92473 47118
6.92804 47124
6.93135 47130
6.93467 47136
6.93798 47142
6.94129 47148
6.9446 47154
6.94791 47160
6.95123 47166
6.95454 47172
6.95785 47178
6.96116 47184
6.96447 47190
6.96779 47196
6.9711 47202
6.97441 47208
6.97772 47214
6.98103 47220
6.98435 47226
6.98766 47232
6.99097 47238
6.99428 47244
6.99759 47250
7.00091 47256
7.00422 47262
7.00753 47268
7.01084 47274
7.01415 47280
7.01747 47286
7.02078 47292
7.02409 47298
7.0274 47304
7.03071 47310
7.03403 47316
7.03734 47322
7.04065 47328
7.04396 47334
7.04727 47340
7.05059 47346
7.0539 47352
7.05721 47358
7.06052 47364
7.06383 47370
7.06715 47376
7.07046 47382
7.07377 47388
7.07708 47394
7.08039 47400
7.08371 47406
7.08702 47412
7.09033 47418
7.09364 47424
7.09695 47430
7.10027 47436
7.10358 47442
7.10689 47448
7.1102 47454
7.11351 47460
7.11683 47466
7.12014 47472
7.12345 47478
7.12676 47484
7.13007 47490
7.13339 47496
7.1367 47503
7.14001 47510
7.14332 47517
7.14663 47524
7.14995 47531
7.15326 47538
7.15657 47545
7.15988 47552
7.16319 47559
7.16651 47566
7.16982 47573
7.17313 47580
7.17644 47587
7.17975 47594
7.18307 47601
7.18638 47608
7.18969 47615
7.193 47622
7.19631 47629
7.19963 47636
7.20294 47643
7.20625 47650
7.20956 47657
7.21287 47664
7.21619 47671
7.2195 47678
7.22281 47685
7.22612 47692
7.22943 47699
7.23275 47706
7.23606 47713
7.23937 47720
7.24268 47727
7.24599 47734
7.24931 47741
7.25262 47748
7.25593 47755
7.25924 47762
7.26255 47769
7.26587 47776
7.26918 47783
7.27249 47790
7.2758 47797
7.27911 47804
7.28243 47811
7.28574 47818
7.28905 47825
7.29236 47832
7.29567 47839
7.29899 47846
7.3023 47853
7.30561 47860
7.30892 47867
7.31223 47874
7.31555 47881
7.31886 47888
7.32217 47895
7.32548 47902
7.32879 47909
7.33211 47916
7.33542 47923
7.33873 47930
7.34204 47938
7.34535 47946
7.34867 47954
7.35198 47962
7.35529 47970
7.3586 47978
7.36191 47986
7.36523 47994
7.36854 48002
7.37185 48010
7.37516 48018
7.37847 48026
7.38179 48034
7.3851 48042
7.38841 48050
7.39172 48058
7.39503 48066
7.39835 48074
7.40166 48082
7.40497 48090
7.40828 48098
7.41159 48106
7.41491 48114
7.41822 48122
7.42153 48130
7.42484 48138
7.42815 48146
7.43147 48154
7.43478 48162
7.43809 48170
7.4414 48178
7.44471 48186
7.44803 48194
7.45134 48202
7.45465 48210
7.45796 48218
7.46127 48226
7.46459 48234
7.4679 48242
7.47121 48250
7.47452 48258
7.47783 48266
7.48115 48274
7.48446 48282
7.48777 48290
7.49108 48298
7.49439 48306
7.49771 48314
7.50102 48322
7.50433 48330
7.50764 48338
7.51095 48346
7.51427 48354
7.51758 48362
7.52089 48370
7.5242 48378
7.52751 48386
7.53083 48394
7.53414 48402
7.53745 48410
7.54076 48418
7.54407 48426
7.54739 48435
7.5507 48444
7.55401 48453
7.55732 48462
7.56063 48471
7.56395 48480
7.56726 48489
7.57057 48498
7.57388 48507
7.57719 48516
7.58051 48525
7.58382 48534
7.58713 48543
7.59044 48552
7.59375 48561
7.59707 48570
7.60038 48579
7.60369 48588
7.607 48597
7.61031 48606
7.61363 48615
7.61694 48624
7.62025 48633
7.62356 48642
7.62687 48651
7.63019 48660
7.6335 48669
7.63681 48678
7.64012 48687
7.64343 48696
7.64675 48705
7.65006 48714
7.65337 48723
7.65668 48732
7.65999 48741
7.66331 48750
7.66662 48759
7.66993 48768
7.67324 48777
7.67655 48786
7.67987 48795
7.68318 48804
7.68649 48813
7.6898 48822
7.69311 48831
7.69643 48840
7.69974 48849
7.70305 48858
7.70636 48867
7.70967 48876
7.71299 48885
7.7163 48894
7.71961 48903
7.72292 48912
7.72623 48921
7.72955 48930
7.73286 48939
7.73617 48948
7.73948 48957
7.74279 48966
7.74611 48975
7.74942 48984
7.75273 48994
7.75604 49004
7.75935 49014
7.76267 49024
7.76598 49034
7.76929 49044
7.7726 49054
7.77591 49064
7.77923 49074
7.78254 49084
7.78585 49094
7.78916 49104
7.79247 49114
7.79579 49124
7.7991 49134
7.80241 49144
7.80572 49154
7.80903 49164
7.81235 49174
7.81566 49184
7.81897 49194
7.82228 49204
7.82559 49214
7.82891 49224
7.83222 49234
7.83553 49244
7.83884 49254
7.84215 49264
7.84547 49274
7.84878 49284
7.85209 49294
7.8554 49304
7.85871 49314
7.86203 49324
7.86534 49334
7.86865 49344
7.87196 49354
7.87527 49364
7.87859 49374
7.8819 49384
7.88521 49394
7.88852 49404
7.89183 49414
7.89515 49424
7.89846 49434
7.90177 49444
7.90508 49454
7.90839 49464
7.91171 49474
7.91502 49484
7.91833 49494
7.92164 49504
7.92495 49514
7.92827 49524
7.93158 49534
7.93489 49544
7.9382 49554
7.94151 49564
7.94483 49574
7.94814 49584
7.95145 49594
7.95476 49604
7.95807 49615
7.96139 49626
7.9647 49637
7.96801 49648
7.97132 49659
7.97463 49670
7.97795 49681
7.98126 49692
7.98457 49703
7.98788 49714
7.99119 49725
7.99451 49736
7.99782 49747
8.00113 49758
8.00444 49769
8.00775 49780
8.01107 49791
8.01438 49802
8.01769 49813
8.021 49824
8.02431 49835
8.02763 49846
8.03094 49857
8.03425 49868
8.03756 49879
8.04087 49890
8.04419 49901
8.0475 49912
8.05081 49923
8.05412 49934
8.05743 49945
8.06075 49956
8.06406 49967
8.06737 49978
8.07068 49989
8.07399 50000
8.07731 50011
8.08062 50022
8.08393 50033
8.08724 50044
8.09055 50055
8.09387 50066
8.09718 50077
8.10049 50088
8.1038 50099
8.10711 50110
8.11043 50121
8.11374 50132
8.11705 50143
8.12036 50154
8.12367 50165
8.12699 50176
8.1303 50187
8.13361 50198
8.13692 50209
8.14023 50220
8.14355 50231
8.14686 50242
8.15017 50253
8.15348 50264
8.15679 50275
8.16011 50287
8.16342 50299
8.16673 50311
8.17004 50323
8.17335 50335
8.17667 50347
8.17998 50359
8.18329 50371
8.1866 50383
8.18991 50395
8.19323 50407
8.19654 50419
8.19985 50431
8.20316 50443
8.20647 50455
8.20979 50467
8.2131 50479
8.21641 50491
8.21972 50503
8.22303 50515
8.22635 50527
8.22966 50539
8.23297 50551
8.23628 50563
8.23959 50575
8.24291 50587
8.24622 50599
8.24953 50611
8.25284 50623
8.25615 50635
8.25947 50647
8.26278 50659
8.26609 50671
8.2694 50683
8.27271 50695
8.27603 50707
8.27934 50719
8.28265 50731
8.28596 50743
8.28927 50755
8.29259 50767
8.2959 50779
8.29921 50791
8.30252 50803
8.30583 50815
8.30915 50827
8.31246 50839
8.31577 50851
8.31908 50863
8.32239 50875
8.32571 50887
8.32902 50899
8.33233 50911
8.33564 50923
8.33895 50935
8.34227 50947
8.34558 50959
8.34889 50971
8.3522 50983
8.35551 50995
8.35883 51008
8.36214 51021
8.36545 51034
8.36876 51047
8.37207 51060
8.37539 51073
8.3787 51086
8.38201 51099
8.38532 51112
8.38863 51125
8.39195 51138
8.39526 51151
8.39857 51164
8.40188 51177
8.40519 51190
8.40851 51203
8.41182 51216
8.41513 51229
8.41844 51242
8.42175 51255
8.42507 51268
8.42838 51281
8.43169 51294
8.435 51307
8.43831 51320
8.44163 51333
8.44494 51346
8.44825 51359
8.45156 51372
8.45487 51385
8.45819 51398
8.4615 51411
8.46481 51424
8.46812 51437
8.47143 51450
8.47475 51463
8.47806 51476
8.48137 51489
8.48468 51502
8.48799 51515
8.49131 51528
8.49462 51541
8.49793 51554
8.50124 51567
8.50455 51580
8.50787 51593
8.51118 51606
8.51449 51619
8.5178 51632
8.52111 51645
8.52443 51658
8.52774 51671
8.53105 51684
8.53436 51697
8.53767 51710
8.54099 51723
8.5443 51736
8.54761 51749
8.55092 51762
8.55423 51775
8.55755 51789
8.56086 51803
8.56417 51817
8.56748 51831
8.57079 51845
8.57411 51859
8.57742 51873
8.58073 51887
8.58404 51901
8.58735 51915
8.59067 51929
8.59398 51943
8.59729 51957
8.6006 51971
8.60391 51985
8.60723 51999
8.61054 52013
8.61385 52027
8.61716 52041
8.62047 52055
8.62379 52069
8.6271 52083
8.63041 52097
8.63372 52111
8.63703 52125
8.64035 52139
8.64366 52153
8.64697 52167
8.65028 52181
8.65359 52195
8.65691 52209
8.66022 52223
8.66353 52237
8.66684 52251
8.67015 52265
8.67347 52279
8.67678 52293
8.68009 52307
8.6834 52321
8.68671 52335
8.69003 52349
8.69334 52363
8.69665 52377
8.69996 52391
8.70327 52405
8.70659 52419
8.7099 52433
8.71321 52447
8.71652 52461
8.71983 52475
8.72315 52489
8.72646 52503
8.72977 52517
8.73308 52531
8.73639 52545
8.73971 52559
8.74302 52573
8.74633 52587
8.74964 52601
8.75295 52615
8.75627 52630
8.75958 52645
8.76289 52660
8.7662 52675
8.76951 52690
8.77283 52705
8.77614 52720
8.77945 52735
8.78276 52750
8.78607 52765
8.78939 52780
8.7927 52795
8.79601 52810
8.79932 52825
8.80263 52840
8.80595 52855
8.80926 52870
8.81257 52885
8.81588 52900
8.81919 52915
8.82251 52930
8.82582 52945
8.82913 52960
8.83244 52975
8.83575 52990
8.83907 53005
8.84238 53020
8.84569 53035
8.849 53050
8.85231 53065
8.85563 53080
8.85894 53095
8.86225 53110
8.86556 53125
8.86887 53140
8.87219 53155
8.8755 53170
8.87881 53185
8.88212 53200
8.88543 53215
8.88875 53230
8.89206 53245
8.89537 53260
8.89868 53275
8.90199 53290
8.90531 53305
8.90862 53320
8.91193 53335
8.91524 53350
8.91855 53365
8.92187 53380
8.92518 53395
8.92849 53410
8.9318 53425
8.93511 53440
8.93843 53455
8.94174 53470
8.94505 53485
8.94836 53500
8.95167 53516
8.95499 53532
8.9583 53548
8.96161 53564
8.96492 53580
8.96823 53596
8.97155 53612
8.97486 53628
8.97817 53644
8.98148 53660
8.98479 53676
8.98811 53692
8.99142 53708
8.99473 53724
8.99804 53740
9.00135 53756
9.00467 53772
9.00798 53788
9.01129 53804
9.0146 53820
9.01791 53836
9.02123 53852
9.02454 53868
9.02785 53884
9.03116 53900
9.03447 53916
9.03779 53932
9.0411 53948
9.04441 53964
9.04772 53980
9.05103 53996
9.05435 54012
9.05766 54028
9.06097 54044
9.06428 54060
9.06759 54076
9.07091 54092
9.07422 54108
9.07753 54124
9.08084 54140
9.08415 54156
9.08747 54172
9.09078 54188
9.09409 54204
9.0974 54220
9.10071 54236
9.10403 54252
9.10734 54268
9.11065 54284
9.11396 54300
9.11727 54316
9.12059 54332
9.1239 54348
9.12721 54364
9.13052 54380
9.13383 54396
9.13715 54412
9.14046 54428
9.14377 54445
9.14708 54462
9.15039 54479
9.15371 54496
9.15702 54513
9.16033 54530
9.16364 54547
9.16695 54564
9.17027 54581
9.17358 54598
9.17689 54615
9.1802 54632
9.18351 54649
9.18683 54666
9.19014 54683
9.19345 54700
9.19676 54717
9.20007 54734
9.20339 54751
9.2067 54768
9.21001 54785
9.21332 54802
9.21663 54819
9.21995 54836
9.22326 54853
9.22657 54870
9.22988 54887
9.23319 54904
9.23651 54921
9.23982 54938
9.24313 54955
9.24644 54972
9.24975 54989
9.25307 55006
9.25638 55023
9.25969 55040
9.263 55057
9.26631 55074
9.26963 55091
9.27294 55108
9.27625 55125
9.27956 55142
9.28287 55159
9.28619 55176
9.2895 55193
9.29281 55210
9.29612 55227
9.29943 55244
9.30275 55261
9.30606 55278
9.30937 55295
9.31268 55312
9.31599 55329
9.31931 55346
9.32262 55363
9.32593 55380
9.32924 55397
9.33255 55414
9.33587 55431
9.33918 55449
9.34249 55467
9.3458 55485
9.34911 55503
9.35243 55521
9.35574 55539
9.35905 55557
9.36236 55575
9.36567 55593
9.36899 55611
9.3723 55629
9.37561 55647
9.37892 55665
9.38223 55683
9.38555 55701
9.38886 55719
9.39217 55737
9.39548 55755
9.39879 55773
9.40211 55791
9.40542 55809
9.40873 55827
9.41204 55845
9.41535 55863
9.41867 55881
9.42198 55899
9.42529 55917
9.4286 55935
9.43191 55953
9.43523 55971
9.43854 55989
9.44185 56007
9.44516 56025
9.44847 56043
9.45179 56061
9.4551 56079
9.45841 56097
9.46172 56115
9.46503 56133
9.46835 56151
9.47166 56169
9.47497 56187
9.47828 56205
9.48159 56223
9.48491 56241
9.48822 56259
9.49153 56277
9.49484 56295
9.49815 56313
9.50147 56331
9.50478 56349
9.50809 56367
9.5114 56385
9.51471 56403
9.51803 56421
9.52134 56439
9.52465 56457
9.52796 56476
9.53127 56495
9.53459 56514
9.5379 56533
9.54121 56552
9.54452 56571
9.54783 56590
9.55115 56609
9.55446 56628
9.55777 56647
9.56108 56666
9.56439 56685
9.56771 56704
9.57102 56723
9.57433 56742
9.57764 56761
9.58095 56780
9.58427 56799
9.58758 56818
9.59089 56837
9.5942 56856
9.59751 56875
9.60083 56894
9.60414 56913
9.60745 56932
9.61076 56951
9.61407 56970
9.61739 56989
9.6207 57008
9.62401 57027
9.62732 57046
9.63063 57065
9.63395 57084
9.63726 57103
9.64057 57122
9.64388 57141
9.64719 57160
9.65051 57179
9.65382 57198
9.65713 57217
9.66044 57236
9.66375 57255
9.66707 57274
9.67038 57293
9.67369 57312
9.677 57331
9.68031 57350
9.68363 57369
9.68694 57388
9.69025 57407
9.69356 57426
9.69687 57445
9.70019 57464
9.7035 57483
9.70681 57502
9.71012 57521
9.71343 57540
9.71675 57559
9.72006 57579
9.72337 57599
9.72668 57619
9.72999 57639
9.73331 57659
9.73662 57679
9.73993 57699
9.74324 57719
9.74655 57739
9.74987 57759
9.75318 57779
9.75649 57799
9.7598 57819
9.76311 57839
9.76643 57859
9.76974 57879
9.77305 57899
9.77636 57919
9.77967 57939
9.78299 57959
9.7863 57979
9.78961 57999
9.79292 58019
9.79623 58039
9.79955 58059
9.80286 58079
9.80617 58099
9.80948 58119
9.81279 58139
9.81611 58159
9.81942 58179
9.82273 58199
9.82604 58219
9.82935 58239
9.83267 58259
9.83598 58279
9.83929 58299
9.8426 58319
9.84591 58339
9.84923 58359
9.85254 58379
9.85585 58399
9.85916 58419
9.86247 58439
9.86579 58459
9.8691 58479
9.87241 58499
9.87572 58519
9.87903 58539
9.88235 58559
9.88566 58579
9.88897 58599
9.89228 58619
9.89559 58639
9.89891 58659
9.90222 58679
9.90553 58700
9.90884 58721
9.91215 58742
9.91547 58763
9.91878 58784
9.92209 58805
9.9254 58826
9.92871 58847
9.93203 58868
9.93534 58889
9.93865 58910
9.94196 58931
9.94527 58952
9.94859 58973
9.9519 58994
9.95521 59015
9.95852 59036
9.96183 59057
9.96515 59078
9.96846 59099
9.97177 59120
9.97508 59141
9.97839 59162
9.98171 59183
9.98502 59204
9.98833 59225
9.99164 59246
9.99495 59267
9.99826 59288
10.0016 59309
10.0049 59330
10.0082 59351
10.0115 59372
10.0148 59393
10.0181 59414
10.0214 59435
10.0248 59456
10.0281 59477
10.0314 59498
10.0347 59519
10.038 59540
10.0413 59561
10.0446 59582
10.0479 59603
10.0513 59624
10.0546 59645
10.0579 59666
10.0612 59687
10.0645 59708
10.0678 59729
10.0711 59750
10.0744 59771
10.0778 59792
10.0811 59813
10.0844 59834
10.0877 59855
10.091 59876
10.0943 59898
10.0976 59920
10.1009 59942
10.1042 59964
10.1076 59986
10.1109 60008
10.1142 60030
10.1175 60052
10.1208 60074
10.1241 60096
10.1274 60118
10.1307 60140
10.1341 60162
10.1374 60184
10.1407 60206
10.144 60228
10.149 60228
10.149 46913
10.6226 46916
10.6259 46919
10.6292 46922
10.6325 46925
10.6358 46928
10.6391 46931
10.6424 46934
10.6458 46937
10.6491 46940
10.6524 46943
10.6557 46946
10.659 46949
10.6623 46952
10.6656 46955
10.6689 46958
10.6723 46961
10.6756 46964
10.6789 46967
10.6822 46970
10.6855 46973
10.6888 46976
10.6921 46979
10.6954 46982
10.6988 46985
10.7021 46988
10.7054 46991
10.7087 46994
10.712 46997
10.7153 47000
10.7186 47003
10.7219 47006
10.7252 47009
10.7286 47012
10.7319 47015
10.7352 47018
10.7385 47021
10.7418 47024
10.7451 47027
10.7484 47030
10.7517 47033
10.7551 47036
10.7584 47039
10.7617 47042
10.765 47045
10.7683 47048
10.7716 47051
10.7749 47054
10.7782 47057
10.7816 47060
10.7849 47063
10.7882 47066
10.7915 47069
10.7948 47072
10.7981 47075
10.8014 47078
10.8047 47081
10.808 47084
10.8114 47087
10.8147 47090
10.818 47093
10.8213 47096
10.8246 47099
10.8279 47102
10.8312 47105
10.8345 47108
10.8379 47111
10.8412 47114
10.8445 47117
10.8478 47120
10.8511 47123
10.8544 47126
10.8577 47129
10.861 47132
10.8644 47135
10.8677 47138
10.871 47141
10.8743 47144
10.8776 47147
10.8809 47150
10.8842 47153
10.8875 47156
10.8908 47159
10.8942 47162
10.8975 47165
10.9008 47168
10.9041 47171
10.9074 47174
10.9107 47177
10.914 47180
10.9173 47183
10.9207 47186
10.924 47189
10.9273 47192
10.9306 47195
10.9339 47198
10.9372 47201
10.9405 47204
10.9438 47207
10.9472 47210
10.9505 47213
10.9538 47216
10.9571 47219
10.9604 47222
10.9637 47225
10.967 47228
10.9703 47231
10.9736 47234
10.977 47237
10.9803 47240
10.9836 47243
10.9869 47246
10.9902 47249
10.9935 47252
10.9968 47255
11.0001 47258
11.0035 47261
11.0068 47264
11.0101 47267
11.0134 47270
11.0167 47273
11.02 47276
11.0233 47279
11.0266 47282
11.03 47285
11.0333 47288
11.0366 47291
11.0399 47294
11.0432 47297
11.0465 47300
11.0498 47303
11.0531 47306
11.0564 47309
11.0598 47312
11.0631 47315
11.0664 47318
11.0697 47321
11.073 47324
11.0763 47327
11.0796 47330
11.0829 47333
11.0863 47336
11.0896 47339
11.0929 47342
11.0962 47345
11.0995 47348
11.1028 47351
11.1061 47354
11.1094 47357
11.1128 47360
11.1161 47363
11.1194 47366
11.1227 47369
11.126 47372
11.1293 47375
11.1326 47378
11.1359 47381
11.1392 47384
11.1426 47387
11.1459 47390
11.1492 47393
11.1525 47396
11.1558 47399
11.1591 47402
11.1624 47405
11.1657 47408
11.1691 47411
11.1724 47414
11.1757 47417
11.179 47420
11.1823 47423
11.1856 47426
11.1889 47429
11.1922 47432
11.1956 47435
11.1989 47438
11.2022 47441
11.2055 47444
11.2088 47447
11.2121 47450
11.2154 47453
11.2187 47456
11.222 47459
11.2254 47462
11.2287 47465
11.232 47468
11.2353 47471
11.2386 47474
11.2419 47477
11.2452 47480
11.2485 47483
11.2519 47486
11.2552 47489
11.2585 47492
11.2618 47495
11.2651 47498
11.2684 47501
11.2717 47504
11.275 47507
11.2784 47510
11.2817 47513
11.285 47516
11.2883 47519
11.2916 47522
11.2949 47525
11.2982 47528
11.3015 47531
11.3048 47534
11.3082 47537
11.3115 47540
11.3148 47543
11.3181 47546
11.3214 47549
11.3247 47552
11.328 47555
11.3313 47558
11.3347 47561
11.338 47564
11.3413 47567
11.3446 47570
11.3479 47573
11.3512 47576
11.3545 47580
11.3578 47584
11.3612 47588
11.3645 47592
11.3678 47596
11.3711 47600
11.3744 47604
11.3777 47608
11.381 47612
11.3843 47616
11.3876 47620
11.391 47624
11.3943 47628
11.3976 47632
11.4009 47636
11.4042 47640
11.4075 47644
11.4108 47648
11.4141 47652
11.4175 47656
11.4208 47660
11.4241 47664
11.4274 47668
11.4307 47672
11.434 47676
11.4373 47680
11.4406 47684
11.444 47688
11.4473 47692
11.4506 47696
11.4539 47700
11.4572 47704
11.4605 47708
11.4638 47712
11.4671 47716
11.4704 47720
11.4738 47724
11.4771 47728
11.4804 47732
11.4837 47736
11.487 47740
11.4903 47744
11.4936 47748
11.4969 47752
11.5003 47756
11.5036 47760
11.5069 47764
11.5102 47768
11.5135 47772
11.5168 47776
11.5201 47780
11.5234 47784
11.5268 47788
11.5301 47792
11.5334 47796
11.5367 47800
11.54 47804
11.5433 47808
11.5466 47812
11.5499 47816
11.5532 47820
11.5566 47824
11.5599 47828
11.5632 47832
11.5665 47836
11.5698 47840
11.5731 47844
11.5764 47848
11.5797 47852
11.5831 47856
11.5864 47860
11.5897 47865
11.593 47870
11.5963 47875
11.5996 47880
11.6029 47885
11.6062 47890
11.6096 47895
11.6129 47900
11.6162 47905
11.6195 47910
11.6228 47915
11.6261 47920
11.6294 47925
11.6327 47930
11.636 47935
11.6394 47940
11.6427 47945
11.646 47950
11.6493 47955
11.6526 47960
11.6559 47965
11.6592 47970
11.6625 47975
11.6659 47980
11.6692 47985
11.6725 47990
11.6758 47995
11.6791 48000
11.6824 48005
11.6857 48010
11.689 48015
11.6924 48020
11.6957 48025
11.699 48030
11.7023 48035
11.7056 48040
11.7089 48045
11.7122 48050
11.7155 48055
11.7188 48060
11.7222 48065
11.7255 48070
11.7288 48075
11.7321 48080
11.7354 48085
11.7387 48090
11.742 48095
11.7453 48100
11.7487 48105
11.752 48110
11.7553 48115
11.7586 48120
11.7619 48125
11.7652 48130
11.7685 48135
11.7718 48140
11.7752 48145
11.7785 48150
11.7818 48155
11.7851 48160
11.7884 48165
11.7917 48170
11.795 48175
11.7983 48180
11.8016 48185
11.805 48190
11.8083 48195
11.8116 48200
11.8149 48205
11.8182 48210
11.8215 48215
11.8248 48220
11.8281 48226
11.8315 48232
11.8348 48238
11.8381 48244
11.8414 48250
11.8447 48256
11.848 48262
11.8513 48268
11.8546 48274
11.858 48280
11.8613 48286
11.8646 48292
11.8679 48298
11.8712 48304
11.8745 48310
11.8778 48316
11.8811 48322
11.8844 48328
11.8878 48334
11.8911 48340
11.8944 48346
11.8977 48352
11.901 48358
11.9043 48364
11.9076 48370
11.9109 48376
11.9143 48382
11.9176 48388
11.9209 48394
11.9242 48400
11.9275 48406
11.9308 48412
11.9341 48418
11.9374 48424
11.9408 48430
11.9441 48436
11.9474 48442
11.9507 48448
11.954 48454
11.9573 48460
11.9606 48466
11.9639 48472
11.9672 48478
11.9706 48484
11.9739 48490
11.9772 48496
11.9805 48502
11.9838 48508
11.9871 48514
11.9904 48520
11.9937 48526
11.9971 48532
12.0004 48538
12.0037 48544
12.007 48550
12.0103 48556
12.0136 48562
12.0169 48568
12.0202 48574
12.0236 48580
12.0269 48586
12.0302 48592
12.0335 48598
12.0368 48604
12.0401 48610
12.0434 48616
12.0467 48622
12.05 48628
12.0534 48634
12.0567 48640
12.06 48647
12.0633 48654
12.0666 48661
12.0699 48668
12.0732 48675
12.0765 48682
12.0799 48689
12.0832 48696
12.0865 48703
12.0898 48710
12.0931 48717
12.0964 48724
12.0997 48731
12.103 48738
12.1064 48745
12.1097 48752
12.113 48759
12.1163 48766
12.1196 48773
12.1229 48780
12.1262 48787
12.1295 48794
12.1328 48801
12.1362 48808
12.1395 48815
12.1428 48822
12.1461 48829
12.1494 48836
12.1527 48843
12.156 48850
12.1593 48857
12.1627 48864
12.166 48871
12.1693 48878
12.1726 48885
12.1759 48892
12.1792 48899
12.1825 48906
12.1858 48913
12.1892 48920
12.1925 48927
12.1958 48934
12.1991 48941
12.2024 48948
12.2057 48955
12.209 48962
12.2123 48969
12.2156 48976
12.219 48983
12.2223 48990
12.2256 48997
12.2289 49004
12.2322 49011
12.2355 49018
12.2388 49025
12.2421 49032
12.2455 49039
12.2488 49046
12.2521 49053
12.2554 49060
12.2587 49067
12.262 49074
12.2653 49081
12.2686 49088
12.272 49095
12.2753 49102
12.2786 49109
12.2819 49116
12.2852 49123
12.2885 49130
12.2918 49138
12.2951 49146
12.2984 49154
12.3018 49162
12.3051 49170
12.3084 49178
12.3117 49186
12.315 49194
12.3183 49202
12.3216 49210
12.3249 49218
12.3283 49226
12.3316 49234
12.3349 49242
12.3382 49250
12.3415 49258
12.3448 49266
12.3481 49274
12.3514 49282
12.3548 49290
12.3581 49298
12.3614 49306
12.3647 49314
12.368 49322
12.3713 49330
12.3746 49338
12.3779 49346
12.3812 49354
12.3846 49362
12.3879 49370
12.3912 49378
12.3945 49386
12.3978 49394
12.4011 49402
12.4044 49410
12.4077 49418
12.4111 49426
12.4144 49434
12.4177 49442
12.421 49450
12.4243 49458
12.4276 49466
12.4309 49474
12.4342 49482
12.4376 49490
12.4409 49498
12.4442 49506
12.4475 49514
12.4508 49522
12.4541 49530
12.4574 49538
12.4607 49546
12.464 49554
12.4674 49562
12.4707 49570
12.474 49578
12.4773 49586
12.4806 49594
12.4839 49602
12.4872 49610
12.4905 49618
12.4939 49626
12.4972 49634
12.5005 49642
12.5038 49650
12.5071 49658
12.5104 49666
12.5137 49674
12.517 49682
12.5204 49690
12.5237 49699
12.527 49708
12.5303 49717
12.5336 49726
12.5369 49735
12.5402 49744
12.5435 49753
12.5468 49762
12.5502 49771
12.5535 49780
12.5568 49789
12.5601 49798
12.5634 49807
12.5667 49816
12.57 49825
12.5733 49834
12.5767 49843
12.58 49852
12.5833 49861
12.5866 49870
12.5899 49879
12.5932 49888
12.5965 49897
12.5998 49906
