0.0 0
0.180557 0.18
0.362846 0.18025
0.546749 0.180719
0.730651 0.181129
0.912898 0.204238
0.91621 0.201958
1.0968 0.199713
1.10011 0.198249
1.10342 0.196843
1.2807 0.195238
1.28401 0.194333
1.28733 0.193416
1.29064 0.192614
1.46295 0.213412
1.46626 0.209986
1.46957 0.206863
1.47288 0.204505
1.4762 0.202567
1.47951 0.200871
1.6452 0.220137
1.64851 0.21587
1.65182 0.212011
1.65513 0.209135
1.65844 0.206618
1.66176 0.204416
1.66507 0.202989
1.66838 0.201615
1.67169 0.200413
1.82744 0.218862
1.83075 0.214629
1.83407 0.21105
1.83738 0.208294
1.84069 0.205882
1.844 0.203772
1.84731 0.2023
1.85063 0.201013
1.85394 0.199886
1.85725 0.199401
1.86056 0.19885
1.86387 0.198369
1.86719 0.198448
1.8705 0.198517
2.01134 0.196702
2.01466 0.19549
2.01797 0.194428
2.02128 0.1935
2.02459 0.193062
2.0279 0.19268
2.03122 0.19247
2.03453 0.192661
2.03784 0.192703
2.04115 0.192865
2.04446 0.193382
2.04778 0.193834
2.05109 0.194355
2.0544 0.195186
2.05771 0.195788
2.06102 0.196439
2.06434 0.197384
2.06765 0.198211
2.07096 0.19881
2.07427 0.199834
2.07758 0.200729
2.19525 0.198638
2.19856 0.197183
2.20187 0.19591
2.20518 0.194922
2.20849 0.194431
2.21181 0.193878
2.21512 0.193518
2.21843 0.193578
2.22174 0.193631
2.22505 0.193677
2.22837 0.194092
2.23168 0.194456
2.23499 0.194774
2.2383 0.195552
2.24161 0.196108
2.24493 0.196595
2.24824 0.19752
2.25155 0.19833
2.25486 0.198914
2.25817 0.199925
2.26149 0.200809
2.2648 0.201583
2.26811 0.20276
2.27142 0.203665
2.27473 0.204457
2.27805 0.20565
2.28136 0.206694
2.28467 0.207607
2.28798 0.208781
2.29129 0.209808
2.29461 0.210707
2.37749 0.221869
2.3808 0.21726
2.38412 0.213353
2.38743 0.210309
2.39074 0.207645
2.39405 0.205314
2.39736 0.20365
2.40068 0.202194
2.40399 0.20092
2.4073 0.200305
2.41061 0.199642
2.41392 0.199061
2.41724 0.199054
2.42055 0.199047
2.42386 0.198916
2.42717 0.199302
2.43048 0.199639
2.4338 0.199934
2.43711 0.200692
2.44042 0.201356
2.44373 0.201811
2.44704 0.20271
2.45036 0.203496
2.45367 0.204184
2.45698 0.205161
2.46029 0.206016
2.4636 0.206764
2.46692 0.207793
2.47023 0.208819
2.47354 0.209592
2.47685 0.210643
2.48016 0.211688
2.48348 0.212602
2.48679 0.213776
2.4901 0.214804
2.49341 0.215704
2.49672 0.216866
2.50004 0.218008
2.50335 0.218882
2.50666 0.220021
2.50997 0.221019
2.51328 0.222016
2.5166 0.223264
2.51991 0.224356
2.52322 0.225312
2.52653 0.226523
2.52984 0.227582
2.5614 0.222135
2.56471 0.217743
2.56802 0.214025
2.57133 0.210647
2.57464 0.208066
2.57796 0.205808
2.58127 0.203957
2.58458 0.202712
2.58789 0.201498
2.5912 0.200561
2.59452 0.200116
2.59783 0.199726
2.60114 0.199511
2.60445 0.199697
2.60776 0.199735
2.61108 0.199893
2.61439 0.200406
2.6177 0.200855
2.62101 0.201248
2.62432 0.201967
2.62764 0.202596
2.63095 0.203147
2.63426 0.204129
2.63757 0.204862
2.64088 0.205505
2.6442 0.206567
2.64751 0.207496
2.65082 0.208184
2.65413 0.209286
2.65744 0.21025
2.66076 0.211094
2.66407 0.212332
2.66738 0.213291
2.67069 0.214129
2.674 0.215363
2.67732 0.216443
2.68063 0.217387
2.68394 0.218589
2.68725 0.21964
2.69056 0.22056
2.69388 0.22174
2.69719 0.222898
2.7005 0.223786
2.70381 0.224937
2.70712 0.22607
2.71044 0.227061
2.71375 0.228304
2.71706 0.229391
2.72037 0.230342
2.72368 0.231549
2.727 0.232606
2.73031 0.23353
2.73362 0.234714
2.73693 0.235749
2.74024 0.236781
2.74356 0.238058
2.74687 0.239051
2.75018 0.240045
2.75349 0.241289
2.7568 0.242378
2.76012 0.243456
2.76343 0.244774
2.76674 0.245802
2.77005 0.246827
2.77336 0.248098
2.77668 0.249211
2.77999 0.25006
2.7833 0.251302
2.78661 0.252389
2.78992 0.253341
2.79324 0.254673
2.79655 0.252214
2.79986 0.250062
2.80317 0.248679
2.80648 0.247345
2.8098 0.246176
2.81311 0.245654
2.81642 0.245198
2.81973 0.244798
2.82304 0.244948
2.82635 0.244955
2.82967 0.24496
2.83298 0.24534
2.83629 0.245798
2.8396 0.246073
2.84291 0.246689
2.84623 0.247353
2.84954 0.247934
2.85285 0.248817
2.85616 0.24959
2.85947 0.250266
2.86279 0.251233
2.8661 0.252204
2.86941 0.252928
2.87272 0.253937
2.87603 0.254945
2.87935 0.255827
2.88266 0.256974
2.88597 0.257852
2.88928 0.258745
2.89259 0.259902
2.89591 0.260914
2.89922 0.261925
2.90253 0.263184
2.90584 0.264161
2.90915 0.265141
2.91247 0.266374
2.91578 0.267452
2.91909 0.268395
2.9224 0.269596
2.92571 0.270646
2.92903 0.271691
2.93234 0.272979
2.93565 0.273982
2.93896 0.274859
2.94227 0.276127
2.94559 0.277236
2.9489 0.278081
2.95221 0.279321
2.95552 0.280406
2.95883 0.281355
2.96215 0.282686
2.96546 0.283725
2.96877 0.284635
2.97208 0.28593
2.97539 0.287064
2.97871 0.288056
2.98202 0.289424
2.98533 0.290496
2.98864 0.291434
2.99195 0.29263
2.99527 0.293801
2.99858 0.294701
3.00189 0.295863
3.0052 0.297005
3.00851 0.298005
3.01183 0.299254
3.01514 0.300347
3.01845 0.301304
3.02176 0.302516
3.02507 0.303701
3.02839 0.304614
3.0317 0.305787
3.03501 0.306939
3.03832 0.307946
3.04163 0.309203
3.04495 0.310303
3.04826 0.311265
3.05157 0.312482
3.05488 0.313547
3.05819 0.314603
3.06151 0.315903
3.06482 0.316915
3.06813 0.317926
3.07144 0.319185
3.07475 0.320287
3.07807 0.321251
3.08138 0.32247
3.08469 0.323536
3.088 0.324594
3.09131 0.325895
3.09463 0.326908
3.09794 0.327794
3.10125 0.32907
3.10456 0.330186
3.10787 0.331038
3.11119 0.332283
3.1145 0.333373
3.11781 0.334326
3.12112 0.33566
3.12443 0.336828
3.12775 0.337724
3.13106 0.339009
3.13437 0.340133
3.13768 0.341116
3.14099 0.342352
3.14431 0.343433
3.14762 0.344379
3.15093 0.345581
3.15424 0.346759
3.15755 0.347664
3.16087 0.348831
3.16418 0.349977
3.16749 0.35098
3.1708 0.352232
3.17411 0.353328
3.17743 0.354287
3.18074 0.355501
3.18405 0.356689
3.18736 0.357603
3.19067 0.358777
3.19399 0.359805
3.1973 0.360829
3.20061 0.362101
3.20392 0.363213
3.20723 0.364187
3.21055 0.365413
3.21386 0.366487
3.21717 0.367551
3.22048 0.368857
3.22379 0.369875
3.22711 0.37089
3.23042 0.372154
3.23373 0.37326
3.23704 0.374227
3.24035 0.375449
3.24367 0.376518
3.24698 0.377453
3.25029 0.378771
3.2536 0.3798
3.25691 0.3807
4.11638 0.369738
4.11969 0.36027
4.123 0.352362
4.12631 0.345566
4.12963 0.339746
4.13294 0.334652
4.13625 0.330321
4.13956 0.326656
4.14287 0.323824
4.14619 0.321846
4.1495 0.32049
4.15281 0.319679
4.15612 0.319469
4.15943 0.31966
4.16275 0.320203
4.16606 0.321177
4.16937 0.32203
4.17268 0.322776
4.17599 0.323304
4.17931 0.320766
4.18262 0.318921
4.18593 0.31768
4.18924 0.317095
4.19255 0.316959
4.19587 0.317214
4.19918 0.317937
4.20249 0.318945
4.2058 0.320202
4.20911 0.321802
4.21243 0.323576
4.21739 0.321254
4.22071 0.319598
4.22402 0.318648
4.22733 0.318192
4.23064 0.318168
4.23395 0.318522
4.23727 0.319332
4.24058 0.320415
4.24389 0.321738
4.2472 0.323396
4.25051 0.325221
4.25548 0.322819
4.25879 0.321091
4.26211 0.32008
4.26542 0.31957
4.26873 0.319499
4.27204 0.319936
4.27535 0.320694
4.27867 0.321733
4.28198 0.323016
4.28529 0.324639
4.2886 0.326434
4.29191 0.324005
4.29523 0.322379
4.29854 0.321332
4.30185 0.32079
4.30516 0.320817
4.30847 0.321214
4.31179 0.321938
4.3151 0.32307
4.31841 0.324437
4.32172 0.326007
4.32503 0.327881
4.32835 0.325646
4.33166 0.324065
4.33497 0.323057
4.33828 0.322675
4.34159 0.322716
4.34491 0.323126
4.34822 0.323985
4.35153 0.325112
4.35484 0.326473
4.35815 0.328164
4.36147 0.326019
4.36478 0.324516
4.36809 0.323702
4.3714 0.323364
4.37471 0.323443
4.37803 0.324013
4.38134 0.324886
4.38465 0.326026
4.38796 0.327397
4.39127 0.325473
4.39459 0.324164
4.3979 0.323393
4.40121 0.323219
4.40452 0.323442
4.40783 0.324011
4.41115 0.32501
4.41446 0.326259
4.41777 0.327726
4.42108 0.329511
4.42439 0.326822
4.42771 0.323969
4.43102 0.321223
4.43433 0.31882
4.43764 0.316593
4.44095 0.314643
4.44427 0.313063
4.44758 0.311555
4.45089 0.310236
4.4542 0.309206
4.45751 0.308181
4.46083 0.307283
4.46414 0.306623
4.46745 0.30592
4.47076 0.305305
4.47407 0.304892
4.47739 0.30403
4.4807 0.303276
4.48401 0.302742
4.48732 0.302149
4.49063 0.301631
4.49395 0.301177
4.49726 0.30078
4.50057 0.300432
4.50388 0.300128
4.50719 0.299862
4.51051 0.299629
4.51382 0.299176
4.51713 0.298904
4.52044 0.298541
4.52375 0.298223
4.52707 0.29807
4.53038 0.297936
4.53369 0.297694
4.537 0.297608
4.54031 0.297532
4.54363 0.29734
4.54694 0.297173
4.55025 0.296901
4.55356 0.296663
4.55687 0.296331
4.56019 0.296164
4.5635 0.296019
4.56681 0.295766
4.57012 0.295671
4.57343 0.295587
4.57675 0.295513
4.58006 0.295449
4.58337 0.295393
4.58668 0.295344
4.58999 0.295176
4.59331 0.295154
4.59662 0.295135
4.59993 0.294993
4.60324 0.294994
4.60655 0.294995
4.60987 0.29487
4.61318 0.294886
4.61649 0.294901
4.6198 0.294413
4.62311 0.294111
4.62643 0.293847
4.62974 0.293492
4.63305 0.293305
4.63636 0.293142
4.63967 0.292874
4.64299 0.29264
4.6463 0.29256
4.64961 0.292365
4.65292 0.292194
4.65623 0.29217
4.65955 0.292024
4.66286 0.291896
4.66617 0.291909
4.66948 0.291795
4.67279 0.291696
4.67611 0.291734
4.67942 0.291767
4.68273 0.291671
4.68604 0.291712
4.68935 0.291748
4.69267 0.291655
4.69598 0.291573
4.69929 0.291626
4.7026 0.291548
4.70591 0.29148
4.70923 0.291545
4.71254 0.291476
4.71585 0.291417
4.71916 0.29149
4.72247 0.291429
4.72579 0.291375
4.7291 0.291453
4.73241 0.291521
4.73572 0.291456
4.73903 0.291524
4.74235 0.291584
4.74566 0.291511
4.74897 0.291447
4.75228 0.291516
4.75559 0.291452
4.75891 0.291395
4.76222 0.291471
4.76553 0.291412
4.76884 0.29136
4.77215 0.29144
4.77547 0.291385
4.77878 0.291337
4.78209 0.29142
4.7854 0.291492
4.78871 0.291431
4.79203 0.291502
4.79534 0.291564
4.79865 0.291494
4.80196 0.291432
4.80527 0.291503
4.80859 0.29144
4.8119 0.291385
4.81521 0.291462
4.81852 0.291404
4.82183 0.291354
4.82515 0.291435
4.82846 0.29138
4.83177 0.291333
4.83508 0.291416
4.83839 0.291489
4.84171 0.291428
4.84502 0.291499
4.84833 0.291562
4.85164 0.291492
4.85495 0.29143
4.85827 0.291502
4.86158 0.291439
4.86489 0.291384
4.8682 0.291461
4.87151 0.291403
4.87483 0.291353
4.87814 0.291434
4.88145 0.291505
4.88476 0.291442
4.88807 0.291511
4.89139 0.291572
4.8947 0.291501
4.89801 0.291563
4.90132 0.291618
4.90463 0.291541
4.90795 0.291473
4.91126 0.291539
4.91457 0.291472
4.91788 0.291413
4.92119 0.291486
4.92451 0.291425
4.92782 0.291372
4.93113 0.291451
4.93444 0.291519
4.93775 0.291454
4.94107 0.291523
4.94438 0.291582
4.94769 0.291509
4.951 0.291571
4.95431 0.291624
4.95763 0.291546
4.96094 0.291478
4.96425 0.291543
4.96756 0.291475
4.97087 0.291416
4.97419 0.291864
4.9775 0.292256
4.98081 0.292474
4.98412 0.29279
4.98743 0.293066
4.99075 0.293308
4.99406 0.293519
4.99737 0.293704
5.00068 0.293866
5.00399 0.293883
5.00731 0.294023
5.01062 0.294145
5.01393 0.294127
5.01724 0.294236
5.02055 0.294331
5.02387 0.29429
5.02718 0.294379
5.03049 0.294456
5.0338 0.294399
5.03711 0.294474
5.04043 0.29454
5.04374 0.294598
5.04705 0.294648
5.05036 0.294692
5.05367 0.29473
5.05699 0.294639
5.0603 0.294684
5.06361 0.294724
5.06692 0.294633
5.07023 0.294679
5.07355 0.294719
5.07686 0.294629
5.08017 0.294676
5.08348 0.294716
5.08679 0.294627
5.09011 0.294673
5.09342 0.294714
5.09673 0.29475
5.10004 0.294781
5.10335 0.294809
5.10667 0.294832
5.10998 0.294728
5.11329 0.294762
5.1166 0.294792
5.11991 0.294693
5.12323 0.294731
5.12654 0.294765
5.12985 0.294669
5.13316 0.294711
5.13647 0.294747
5.13979 0.294653
5.1431 0.294697
5.14641 0.294735
5.14972 0.294768
5.15303 0.294797
5.15635 0.294822
5.15966 0.294844
5.16297 0.294739
5.16628 0.294772
5.16959 0.2948
5.17291 0.2947
5.17622 0.294738
5.17953 0.29477
5.18284 0.294674
5.18615 0.294715
5.18947 0.29475
5.19278 0.294657
5.19609 0.2947
5.1994 0.294737
5.20271 0.29477
5.20603 0.294799
5.20934 0.294824
5.21265 0.294846
5.21596 0.29474
5.21927 0.294773
5.22259 0.294801
5.2259 0.294701
5.22921 0.294738
5.23252 0.294771
5.23583 0.294675
5.23915 0.294715
5.24246 0.294751
5.24577 0.294657
5.24908 0.2947
5.25239 0.294737
5.25571 0.29477
5.25902 0.294799
5.26233 0.294824
5.26564 0.294846
5.26895 0.29524
5.27227 0.295585
5.27558 0.295887
5.27889 0.296151
5.2822 0.296382
5.28551 0.296585
5.28883 0.296761
5.29214 0.296916
5.29545 0.297052
5.29876 0.29717
5.30207 0.297399
5.30539 0.297474
5.3087 0.29754
5.31201 0.297722
5.31532 0.297757
5.31863 0.297787
5.32195 0.297814
5.32526 0.297837
5.32857 0.297858
5.33188 0.297875
5.33519 0.297891
5.33851 0.297905
5.34182 0.297917
5.34513 0.297927
5.34844 0.297936
5.35175 0.297944
5.35507 0.298076
5.35838 0.298067
5.36169 0.298058
5.365 0.298176
5.36831 0.298154
5.37163 0.298135
5.37494 0.298118
5.37825 0.298103
5.38156 0.29809
5.38487 0.298079
5.38819 0.298069
5.3915 0.29806
5.39481 0.298053
5.39812 0.298046
5.40143 0.298041
5.40475 0.298035
5.40806 0.298156
5.41137 0.298137
5.41468 0.298119
5.41799 0.298105
5.42131 0.298091
5.42462 0.29808
5.42793 0.29807
5.43124 0.298061
5.43455 0.298054
5.43787 0.298047
5.44118 0.298041
5.44449 0.298036
5.4478 0.298031
5.45111 0.298027
5.45443 0.298024
5.45774 0.298021
5.46105 0.298143
5.46436 0.298125
5.46767 0.29811
5.47099 0.298096
5.4743 0.298084
5.47761 0.298074
5.48092 0.298064
5.48423 0.298056
5.48755 0.298049
5.49086 0.298418
5.49417 0.298866
5.49748 0.299133
5.50079 0.299366
5.50411 0.299695
5.50742 0.299858
5.51073 0.300001
5.51404 0.300251
5.51735 0.30047
5.52067 0.300536
5.52398 0.300594
5.52729 0.30077
5.5306 0.300798
5.53391 0.300824
5.53723 0.300971
5.54054 0.300974
5.54385 0.300978
5.54716 0.301105
5.55047 0.301092
5.55379 0.301081
5.5571 0.301196
5.56041 0.301171
5.56372 0.30115
5.56703 0.301256
5.57035 0.301349
5.57366 0.301305
5.57697 0.301267
5.58028 0.301359
5.58359 0.301314
5.58691 0.301275
5.59022 0.301365
5.59353 0.30132
5.59684 0.30128
5.60015 0.30137
5.60347 0.301324
5.60678 0.301283
5.61009 0.301373
5.6134 0.301326
5.61671 0.301285
5.62003 0.301375
5.62334 0.301453
5.62665 0.301396
5.62996 0.301347
5.63327 0.301428
5.63659 0.301375
5.6399 0.301328
5.64321 0.301412
5.64652 0.30136
5.64983 0.301315
5.65315 0.301401
5.65646 0.301351
5.65977 0.301307
5.66308 0.301394
5.66639 0.301344
5.66971 0.301301
5.67302 0.301389
5.67633 0.301465
5.67964 0.301907
5.68295 0.302169
5.68627 0.302523
5.68958 0.302832
5.69289 0.302978
5.6962 0.303231
5.69951 0.303452
5.70283 0.303521
5.70614 0.303705
5.70945 0.303867
5.71276 0.303884
5.71607 0.304023
5.71939 0.304145
5.7227 0.304252
5.72601 0.304346
5.72932 0.304428
5.73263 0.304499
5.73595 0.304437
5.73926 0.304507
5.74257 0.304569
5.74588 0.304498
5.74919 0.30456
5.75251 0.304615
5.75582 0.304538
5.75913 0.304596
5.76244 0.304647
5.76575 0.304566
5.76907 0.30462
5.77238 0.304668
5.77569 0.304709
5.779 0.304745
5.78231 0.304777
5.78563 0.304805
5.78894 0.304704
5.79225 0.304741
5.79556 0.304774
5.79887 0.304677
5.80219 0.304717
5.8055 0.304753
5.80881 0.304659
5.81212 0.304701
5.81543 0.304739
5.81875 0.304646
5.82206 0.304691
5.82537 0.304729
5.82868 0.304763
5.83199 0.304668
5.83531 0.304709
5.83862 0.304746
5.84193 0.304652
5.84524 0.305071
5.84855 0.305437
5.85187 0.305757
5.85518 0.306038
5.85849 0.306283
5.8618 0.306498
5.86511 0.306685
5.86843 0.30685
5.87174 0.306994
5.87505 0.307119
5.87836 0.307229
5.88167 0.307326
5.88499 0.30741
5.8883 0.307484
5.89161 0.307548
5.89492 0.307605
5.89823 0.307654
5.90155 0.307697
5.90486 0.307735
5.90817 0.307768
5.91148 0.307797
5.91479 0.307823
5.91811 0.307845
5.92142 0.307864
5.92473 0.307881
5.92804 0.307896
5.93135 0.307909
5.93467 0.30792
5.93798 0.30793
5.94129 0.307939
5.9446 0.307947
5.94791 0.307953
5.95123 0.307959
5.95454 0.307964
5.95785 0.307969
5.96116 0.307973
5.96447 0.307976
5.96779 0.307979
5.9711 0.307982
5.97441 0.307984
5.97772 0.307986
5.98103 0.307988
5.98435 0.307989
5.98766 0.307991
5.99097 0.308367
5.99428 0.308821
5.99759 0.309093
6.00091 0.309332
6.00422 0.309665
6.00753 0.309832
6.01084 0.309978
6.01415 0.310231
6.01747 0.310327
6.02078 0.310411
6.02409 0.31061
6.0274 0.310658
6.03071 0.310701
6.03403 0.310864
6.03734 0.310881
6.04065 0.310896
6.04396 0.310909
6.04727 0.311045
6.05059 0.311039
6.0539 0.311034
6.05721 0.311155
6.06052 0.311136
6.06383 0.311119
6.06715 0.311229
6.07046 0.3112
6.07377 0.311175
6.07708 0.311278
6.08039 0.311244
6.08371 0.311213
6.08702 0.311311
6.09033 0.311273
6.09364 0.311238
6.09695 0.311209
6.10027 0.311308
6.10358 0.311269
6.10689 0.311235
6.1102 0.311331
6.11351 0.31129
6.11683 0.311253
6.12014 0.311347
6.12345 0.311303
6.12676 0.311266
6.13007 0.311732
6.13338 0.312141
6.1367 0.312373
6.14001 0.312702
6.14332 0.312989
6.14663 0.31324
6.14994 0.313335
6.15326 0.313543
6.15657 0.313725
6.15988 0.31376
6.16319 0.313915
6.1665 0.31405
6.16982 0.314044
6.17313 0.314164
6.17644 0.314268
6.17975 0.314235
6.18306 0.31433
6.18638 0.314414
6.18969 0.314362
6.193 0.314442
6.19631 0.314512
6.19962 0.314573
6.20294 0.314501
6.20625 0.314564
6.20956 0.314618
6.21287 0.314541
6.21618 0.314598
6.2195 0.314648
6.22281 0.314567
6.22612 0.314621
6.22943 0.314669
6.23274 0.314585
6.23606 0.314637
6.23937 0.314682
6.24268 0.314597
6.24599 0.314522
6.2493 0.314582
6.25262 0.314634
6.25593 0.315055
6.25924 0.315423
6.26255 0.315745
6.26586 0.316027
6.26918 0.316274
6.27249 0.31649
6.2758 0.316678
6.27911 0.316844
6.28242 0.316988
6.28574 0.317115
6.28905 0.317225
6.29236 0.317322
6.29567 0.317407
6.29898 0.317356
6.3023 0.317436
6.30561 0.317507
6.30892 0.317569
6.31223 0.317622
6.31554 0.31767
6.31886 0.317711
6.32217 0.317747
6.32548 0.317779
6.32879 0.317806
6.3321 0.317831
6.33542 0.317852
6.33873 0.31787
6.34204 0.317886
6.34535 0.317901
6.34866 0.317913
6.35198 0.317799
6.35529 0.317824
6.3586 0.317846
6.36191 0.317865
6.36522 0.317882
6.36854 0.317897
6.37185 0.31791
6.37516 0.317921
6.37847 0.318306
6.38178 0.318643
6.3851 0.319062
6.38841 0.319305
6.39172 0.319516
6.39503 0.319827
6.39834 0.319974
6.40166 0.320102
6.40497 0.320214
6.40828 0.320312
6.41159 0.320398
6.4149 0.320474
6.41822 0.320664
6.42153 0.320706
6.42484 0.320743
6.42815 0.3209
6.43146 0.320913
6.43478 0.320924
6.43809 0.321058
6.4414 0.321051
6.44471 0.321044
6.44802 0.321164
6.45134 0.321143
6.45465 0.321125
6.45796 0.32111
6.46127 0.321096
6.46458 0.321084
6.4679 0.321074
6.47121 0.321189
6.47452 0.321166
6.47783 0.321145
6.48114 0.321252
6.48446 0.32122
6.48777 0.321193
6.49108 0.321669
6.49439 0.322085
6.4977 0.322324
6.50102 0.322659
6.50433 0.322952
6.50764 0.323083
6.51095 0.323197
6.51426 0.323423
6.51758 0.323495
6.52089 0.323558
6.5242 0.323738
6.52751 0.323896
6.53082 0.323909
6.53414 0.324045
6.53745 0.324165
6.54076 0.324144
6.54407 0.324251
6.54738 0.324345
6.5507 0.324302
6.55401 0.324389
6.55732 0.324465
6.56063 0.324407
6.56394 0.324356
6.56726 0.324437
6.57057 0.324507
6.57388 0.324444
6.57719 0.324513
6.5805 0.324574
6.58382 0.324502
6.58713 0.324565
6.59044 0.324619
6.59375 0.324542
6.59706 0.324974
6.60038 0.325352
6.60369 0.325683
6.607 0.325973
6.61031 0.326226
6.61362 0.326448
6.61694 0.326517
6.62025 0.326702
6.62356 0.326865
6.62687 0.327006
6.63018 0.327131
6.6335 0.327239
6.63681 0.327334
6.64012 0.327418
6.64343 0.32749
6.64674 0.327554
6.65006 0.32761
6.65337 0.327659
6.65668 0.327701
6.65999 0.327614
6.6633 0.327662
6.66662 0.327704
6.66993 0.327616
6.67324 0.327664
6.67655 0.327706
6.67986 0.327743
6.68318 0.327775
6.68649 0.327803
6.6898 0.327828
6.69311 0.327849
6.69642 0.327868
6.69974 0.32826
6.70305 0.328727
6.70636 0.329011
6.70967 0.32926
6.71298 0.329477
6.7163 0.329668
6.71961 0.329834
6.72292 0.32998
6.72623 0.330107
6.72954 0.330219
6.73286 0.330317
6.73617 0.330527
6.73948 0.330586
6.74279 0.330638
6.7461 0.330808
6.74942 0.330832
6.75273 0.330853
6.75604 0.330996
6.75935 0.330997
6.76266 0.330997
6.76598 0.330998
6.76929 0.330998
6.7726 0.330998
6.77591 0.330998
6.77922 0.330999
6.78254 0.330999
6.78585 0.330999
6.78916 0.331124
6.79247 0.331109
6.79578 0.331095
6.7991 0.331583
6.80241 0.33201
6.80572 0.332259
6.80903 0.332602
6.81234 0.332901
6.81566 0.333039
6.81897 0.333159
6.82228 0.333389
6.82559 0.333465
6.8289 0.333532
6.83222 0.333716
6.83553 0.333751
6.83884 0.333782
6.84215 0.333935
6.84546 0.334068
6.84878 0.334059
6.85209 0.334177
6.8554 0.33428
6.85871 0.334245
6.86202 0.334339
6.86534 0.334422
6.86865 0.334369
6.87196 0.334323
6.87527 0.334408
6.87858 0.334357
6.8819 0.334312
6.88521 0.334398
6.88852 0.334348
6.89183 0.334305
6.89514 0.334767
6.89846 0.335171
6.90177 0.335524
6.90508 0.335834
6.90839 0.336105
6.9117 0.336342
6.91502 0.336549
6.91833 0.33673
6.92164 0.336889
6.92495 0.336903
6.92826 0.33704
6.93158 0.33716
6.93489 0.33714
6.9382 0.337248
6.94151 0.337342
6.94482 0.337299
6.94814 0.337387
6.95145 0.337463
6.95476 0.33753
6.95807 0.337589
6.96138 0.33764
6.9647 0.337685
6.96801 0.337725
6.97132 0.337759
6.97463 0.337789
6.97794 0.337691
6.98126 0.337729
6.98457 0.338138
6.98788 0.338496
6.99119 0.338809
6.9945 0.339083
6.99782 0.339322
7.00113 0.339657
7.00444 0.339825
7.00775 0.339972
7.01106 0.340225
7.01438 0.340322
7.01769 0.340407
7.021 0.340606
7.02431 0.340655
7.02762 0.340698
7.03094 0.340736
7.03425 0.340769
7.03756 0.340798
7.04087 0.340823
7.04418 0.340845
7.0475 0.340865
7.05081 0.340882
7.05412 0.341021
7.05743 0.341019
7.06074 0.341016
7.06406 0.341139
7.06737 0.341122
7.07068 0.341107
7.07399 0.341468
7.0773 0.34191
7.08062 0.342171
7.08393 0.3424
7.08724 0.342725
7.09055 0.342884
7.09386 0.343024
7.09718 0.343271
7.10049 0.343362
7.1038 0.343442
7.10711 0.343636
7.11042 0.343807
7.11374 0.343831
7.11705 0.343977
7.12036 0.344105
7.12367 0.344092
7.12698 0.34408
7.1303 0.344195
7.13361 0.344171
7.13692 0.34415
7.14023 0.344256
7.14354 0.344224
7.14686 0.344196
7.15017 0.344296
7.15348 0.344259
7.15679 0.344227
7.1601 0.344699
7.16342 0.345111
7.16673 0.345472
7.17004 0.345788
7.17335 0.346065
7.17666 0.346307
7.17998 0.346393
7.18329 0.346594
7.1866 0.34677
7.18991 0.346799
7.19322 0.346949
7.19654 0.34708
7.19985 0.34707
7.20316 0.347186
7.20647 0.347288
7.20978 0.347252
7.2131 0.347346
7.21641 0.347427
7.21972 0.347499
7.22303 0.347562
7.22634 0.347616
7.22966 0.347664
7.23297 0.347581
7.23628 0.347634
7.23959 0.347679
7.2429 0.348095
7.24622 0.348458
7.24953 0.348775
7.25284 0.349054
7.25615 0.349297
7.25946 0.34951
7.26278 0.349696
7.26609 0.349859
7.2694 0.350002
7.27271 0.350126
7.27602 0.350361
7.27934 0.350441
7.28265 0.35051
7.28596 0.350572
7.28927 0.350625
7.29258 0.350672
7.2959 0.350713
7.29921 0.350749
7.30252 0.35078
7.30583 0.350808
7.30914 0.350832
7.31246 0.350853
7.31577 0.350871
7.31908 0.350887
7.32239 0.350901
7.3257 0.351289
7.32902 0.351753
7.33233 0.352159
7.33564 0.352389
7.33895 0.35259
7.34226 0.352891
7.34558 0.35303
7.34889 0.353151
7.3522 0.353382
7.35551 0.35346
7.35882 0.353527
7.36214 0.353711
7.36545 0.353747
7.36876 0.353779
7.37207 0.353932
7.37538 0.35394
7.3787 0.353948
7.38201 0.354079
7.38532 0.354194
7.38863 0.35417
7.39194 0.354149
7.39526 0.354255
7.39857 0.354223
7.40188 0.35457
7.40519 0.354999
7.4085 0.355374
7.41182 0.355577
7.41513 0.35588
7.41844 0.356145
7.42175 0.356252
7.42506 0.356471
7.42838 0.356662
7.43169 0.356829
7.435 0.356975
7.43831 0.357103
7.44162 0.357216
7.44494 0.357189
7.44825 0.35729
7.45156 0.357379
7.45487 0.357331
7.45818 0.357415
7.4615 0.357488
7.46481 0.357427
7.46812 0.357499
7.47143 0.357561
7.47474 0.357491
7.47806 0.357555
7.48137 0.357985
7.48468 0.358362
7.48799 0.358692
7.4913 0.35898
7.49462 0.359233
7.49793 0.359454
7.50124 0.359647
7.50455 0.359816
7.50786 0.359964
7.51118 0.360094
7.51449 0.360207
7.5178 0.360306
7.52111 0.360393
7.52442 0.360469
7.52774 0.360535
7.53105 0.360593
7.5344 0.360644
8.06945 0.339439
8.07276 0.320759
8.07607 0.304539
8.07939 0.290347
8.0827 0.277803
8.08601 0.266953
8.08932 0.257459
8.09263 0.249026
8.0976 0.241898
8.10091 0.235661
8.10423 0.230453
8.10754 0.225897
8.11085 0.221784
8.11416 0.218311
8.11747 0.215273
8.12244 0.212738
8.12575 0.210521
8.12907 0.208706
8.13238 0.206993
8.13569 0.205494
8.139 0.204307
8.14231 0.203144
8.14563 0.202126
8.14894 0.201235
8.15225 0.200581
8.15556 0.199883
8.15887 0.199273
8.16219 0.198864
8.1655 0.198381
8.16881 0.197958
8.17212 0.197713
8.17543 0.197624
8.17875 0.197546
8.18206 0.197478
8.18537 0.197418
8.18868 0.197366
8.19199 0.197195
8.19531 0.197171
8.19862 0.197149
8.20193 0.197131
8.20524 0.197114
8.20855 0.1971
8.21187 0.197088
8.21518 0.197077
8.21849 0.197067
8.2218 0.197184
8.22511 0.197411
8.22843 0.197609
8.23174 0.197658
8.23505 0.197826
8.23836 0.197973
8.24167 0.198101
8.24499 0.198088
8.2483 0.198202
8.25161 0.198302
8.25492 0.198264
8.25823 0.198356
8.26155 0.198437
8.26486 0.198382
8.26817 0.198459
8.27148 0.198527
8.27479 0.198461
8.27811 0.198528
8.28142 0.198587
8.28473 0.198514
8.28804 0.198575
8.29135 0.198628
8.29467 0.198049
8.29798 0.197418
8.30129 0.196991
8.3046 0.196617
8.30791 0.196165
8.31123 0.195894
8.31454 0.195408
8.31785 0.194982
8.32116 0.194609
8.32447 0.194283
8.32779 0.193997
8.3311 0.193748
8.33441 0.193529
8.33772 0.193338
8.34103 0.193296
8.34435 0.193134
8.34766 0.192992
8.35097 0.192868
8.35428 0.19276
8.35759 0.192665
8.36091 0.192582
8.36422 0.192134
8.36753 0.191742
8.37084 0.191274
8.37415 0.19099
8.37747 0.190741
8.38078 0.190524
8.38409 0.190333
8.3874 0.190167
8.39071 0.190021
8.39403 0.189893
8.39734 0.189781
8.40065 0.189684
8.40396 0.189473
8.40727 0.189414
8.41059 0.189362
8.4139 0.189192
8.41721 0.189168
8.42052 0.189147
8.42383 0.189004
8.42715 0.189003
8.43046 0.189003
8.43377 0.189002
8.43708 0.189002
8.44039 0.189002
8.44371 0.189002
8.44702 0.189001
8.45033 0.189001
8.45364 0.189001
8.45695 0.188876
8.46027 0.188891
8.46358 0.188905
8.46689 0.188792
8.4702 0.188818
8.47351 0.188841
8.47683 0.188736
8.48014 0.188769
8.48345 0.188798
8.48676 0.188823
8.49007 0.188845
8.49339 0.188864
8.4967 0.188881
8.50001 0.188896
8.50332 0.188909
8.50663 0.188921
8.50995 0.188805
8.51326 0.18883
8.51657 0.188851
8.51988 0.188745
8.52319 0.188777
8.52651 0.188805
8.52982 0.188704
8.53313 0.188741
8.53644 0.188773
8.53975 0.188802
8.54307 0.188826
8.54638 0.188848
8.54969 0.188867
8.553 0.188884
8.55631 0.188898
8.55963 0.188911
8.56294 0.188797
8.56625 0.188822
8.56956 0.188845
8.57287 0.188739
8.57619 0.188772
8.5795 0.1888
8.58281 0.1887
8.58612 0.188738
8.58943 0.18877
8.59275 0.188799
8.59606 0.188824
8.59937 0.188846
8.60268 0.188865
8.60599 0.188757
8.60931 0.188788
8.61262 0.188814
8.61593 0.188712
8.61924 0.188748
8.62255 0.18878
8.62587 0.188682
8.62918 0.188722
8.63249 0.188757
8.6358 0.188662
8.63911 0.188704
8.64243 0.188741
8.64574 0.188774
8.64905 0.188802
8.65236 0.188827
8.65567 0.188848
8.65899 0.188742
8.6623 0.188775
8.66561 0.188803
8.66892 0.188702
8.67223 0.18874
8.67555 0.188772
8.67886 0.188676
8.68217 0.188716
8.68548 0.188752
8.68879 0.188658
8.69211 0.1887
8.69542 0.188738
8.69873 0.188771
8.70204 0.188799
8.70535 0.188824
8.70867 0.189221
8.71198 0.189569
8.71529 0.189873
8.7186 0.190139
8.72191 0.190371
8.72523 0.190575
8.72854 0.190753
8.73185 0.190909
8.73516 0.191045
8.73847 0.191165
8.74179 0.191269
8.7451 0.19136
8.74841 0.19144
8.75172 0.19151
8.75503 0.191697
8.75835 0.191734
8.76166 0.191768
8.76497 0.191797
8.76828 0.191822
8.77159 0.191844
8.77491 0.191864
8.77822 0.191881
8.78153 0.191896
8.78484 0.191909
8.78815 0.19192
8.79147 0.19193
8.79478 0.191939
8.79809 0.192072
8.8014 0.192063
8.80471 0.192055
8.80803 0.192173
8.81134 0.192151
8.81465 0.192132
8.81796 0.192116
8.82127 0.192101
8.82459 0.192089
8.8279 0.192078
8.83121 0.192068
8.83452 0.192059
8.83783 0.192052
8.84115 0.192045
8.84446 0.19204
8.84777 0.192035
8.85108 0.192155
8.85439 0.192136
8.85771 0.192119
8.86102 0.192229
8.86433 0.192201
8.86764 0.192175
8.87095 0.192154
8.87427 0.192134
8.87758 0.192118
8.88089 0.192103
8.8842 0.19209
8.88751 0.192079
8.89083 0.192069
8.89414 0.19206
8.89745 0.192053
8.90076 0.192046
8.90407 0.192165
8.90739 0.192145
8.9107 0.192127
8.91401 0.192236
8.91732 0.192206
8.92063 0.192181
8.92395 0.192158
8.92726 0.192138
8.93057 0.192121
8.93388 0.192106
8.93719 0.192093
8.94051 0.192081
8.94382 0.192071
8.94713 0.192062
8.95044 0.192054
8.95375 0.192047
8.95706 0.192167
8.96038 0.192146
8.96369 0.192128
8.967 0.192237
8.97031 0.192207
8.97362 0.192181
8.97694 0.192158
8.98025 0.192139
8.98356 0.192121
8.98687 0.192106
8.99018 0.192093
8.9935 0.192081
8.99681 0.192071
9.00012 0.192062
9.00343 0.192054
9.00674 0.192048
9.01006 0.192167
9.01337 0.192146
9.01668 0.192128
9.01999 0.192112
9.0233 0.192098
9.02662 0.192085
9.02993 0.192075
9.03324 0.192065
9.03655 0.192057
9.03986 0.19205
9.04318 0.192044
9.04649 0.192038
9.0498 0.192034
9.05311 0.192029
9.05642 0.192026
9.05974 0.192022
9.06305 0.192145
9.06636 0.192127
9.06967 0.192111
9.07298 0.192097
9.0763 0.192085
9.07961 0.192074
9.08292 0.192065
9.08623 0.192057
9.08954 0.19205
9.09286 0.192043
9.09617 0.192038
9.09948 0.192033
9.10279 0.192029
9.1061 0.192025
9.10942 0.192022
9.11273 0.19202
9.11604 0.192142
9.11935 0.192124
9.12266 0.192109
9.12598 0.192095
9.12929 0.192083
9.1326 0.192073
9.13591 0.192064
9.13922 0.192556
9.14254 0.192861
9.14585 0.193129
9.14916 0.193488
9.15247 0.193677
9.15578 0.193842
9.1591 0.194112
9.16241 0.194223
9.16572 0.19432
9.16903 0.19453
9.17234 0.194714
9.17566 0.19475
9.17897 0.194781
9.18228 0.194933
9.18559 0.194942
9.1889 0.194949
9.19222 0.19508
9.19553 0.19507
9.19884 0.195061
9.20215 0.195179
9.20546 0.195156
9.20878 0.195137
9.21209 0.195245
9.2154 0.195339
9.21871 0.195297
9.22202 0.195385
9.22534 0.195462
9.22865 0.195404
9.23196 0.195353
9.23527 0.195434
9.23858 0.19538
9.2419 0.195332
9.24521 0.195416
9.24852 0.195364
9.25183 0.195318
9.25514 0.195404
9.25846 0.195353
9.26177 0.195309
9.26508 0.195395
9.26839 0.195471
9.2717 0.195412
9.27502 0.195486
9.27833 0.19555
9.28164 0.195481
9.28495 0.195421
9.28826 0.195493
9.29158 0.195432
9.29489 0.195378
9.2982 0.195456
9.30151 0.195399
9.30482 0.195349
9.30814 0.19543
9.31145 0.195376
9.31476 0.195329
9.31807 0.195413
9.32138 0.195487
9.3247 0.195426
9.32801 0.195497
9.33132 0.19556
9.33463 0.19549
9.33794 0.195429
9.34126 0.1955
9.34457 0.195438
9.34788 0.195383
9.35119 0.19546
9.3545 0.195403
9.35782 0.195352
9.36113 0.195433
9.36444 0.195379
9.36775 0.195332
9.37106 0.195415
9.37438 0.195488
9.37769 0.195427
9.381 0.195499
9.38431 0.195562
9.38762 0.195491
9.39094 0.19543
9.39425 0.195501
9.39756 0.195439
9.40087 0.195384
9.40418 0.195461
9.4075 0.195903
9.41081 0.196165
9.41412 0.19652
9.41743 0.19683
9.42074 0.196976
9.42406 0.197229
9.42737 0.19745
9.43068 0.197644
9.43399 0.197689
9.4373 0.197852
9.44062 0.197996
9.44393 0.197996
9.44724 0.198122
9.45055 0.198232
9.45386 0.198203
9.45718 0.198302
9.46049 0.19839
9.4638 0.198341
9.46711 0.198423
9.47042 0.198495
9.47374 0.198433
9.47705 0.198504
9.48036 0.198566
9.48367 0.19862
9.48698 0.198543
9.4903 0.1986
9.49361 0.19865
9.49692 0.198569
9.50023 0.198623
9.50354 0.19867
9.50686 0.198586
9.51017 0.198638
9.51348 0.198683
9.51679 0.198598
9.5201 0.198648
9.52342 0.198692
9.52673 0.198606
9.53004 0.198655
9.53335 0.198698
9.53666 0.198736
9.53998 0.198644
9.54329 0.198688
9.5466 0.198727
9.54991 0.198636
9.55322 0.198682
9.55654 0.198722
9.55985 0.198631
9.56316 0.198677
9.56647 0.198718
9.56978 0.198628
9.5731 0.198675
9.57641 0.198715
9.57972 0.198626
9.58303 0.198673
9.58634 0.198714
9.58966 0.198749
9.59297 0.198656
9.59628 0.198699
9.59959 0.198736
9.6029 0.198644
9.60622 0.198689
9.60953 0.198728
9.61284 0.198637
9.61615 0.198682
9.61946 0.199097
9.62278 0.19946
9.62609 0.199777
9.6294 0.200055
9.63271 0.200298
9.63602 0.200636
9.63934 0.200806
9.64265 0.200956
9.64596 0.201086
9.64927 0.2012
9.65258 0.2013
9.6559 0.201388
9.65921 0.201464
9.66252 0.201531
9.66583 0.20159
9.66914 0.201641
9.67246 0.201686
9.67577 0.201725
9.67908 0.20176
9.68239 0.20179
9.6857 0.201816
9.68902 0.201964
9.69233 0.201968
9.69564 0.201972
9.69895 0.201976
9.70226 0.201979
9.70558 0.201982
9.70889 0.201984
9.7122 0.201986
9.71551 0.201988
9.71882 0.201989
9.72214 0.201991
9.72545 0.201992
9.72876 0.201993
9.73207 0.201994
9.73538 0.201994
9.7387 0.201995
9.74201 0.202121
9.74532 0.202106
9.74863 0.202092
9.75194 0.202081
9.75526 0.202071
9.75857 0.202062
9.76188 0.202054
9.76519 0.202047
9.7685 0.202041
9.77182 0.202036
9.77513 0.202032
9.77844 0.202028
9.78175 0.202024
9.78506 0.202021
9.78838 0.202019
9.79169 0.202016
9.795 0.202139
9.79831 0.202122
9.80162 0.202482
9.80494 0.202796
9.80825 0.203197
9.81156 0.203422
9.81487 0.203619
9.81818 0.203917
9.8215 0.204052
9.82481 0.204171
9.82812 0.204399
9.83143 0.204475
9.83474 0.20454
9.83806 0.204723
9.84137 0.204757
9.84468 0.204788
9.84799 0.204814
9.8513 0.204962
9.85462 0.204967
9.85793 0.204971
9.86124 0.2051
9.86455 0.205087
9.86786 0.205076
9.87118 0.205192
9.87449 0.205168
9.8778 0.205147
9.88111 0.205254
9.88442 0.205222
9.88774 0.205194
9.89105 0.205295
9.89436 0.205258
9.89767 0.205226
9.90098 0.205198
9.9043 0.205298
9.90761 0.205261
9.91092 0.205228
9.91423 0.205325
9.91754 0.205284
9.92086 0.205248
9.92417 0.205342
9.92748 0.2053
9.93079 0.205262
9.9341 0.205354
9.93742 0.20531
9.94073 0.205271
9.94404 0.205362
9.94735 0.205317
9.95066 0.205277
9.95398 0.205243
9.95729 0.205337
9.9606 0.205295
9.96391 0.205633
9.96722 0.206054
9.97054 0.206422
9.97385 0.20662
9.97716 0.206917
9.98047 0.207178
9.98378 0.20728
9.9871 0.207495
9.99041 0.207683
9.99372 0.207723
9.99703 0.207883
10.0003 0.208022
10.0037 0.208019
10.007 0.208017
10.0103 0.20814
10.0136 0.208247
10.0169 0.208216
10.0202 0.208314
10.0235 0.2084
10.0268 0.20835
10.0302 0.208431
10.0335 0.208502
10.0368 0.20844
10.0401 0.20851
10.0434 0.208571
10.0467 0.2085
10.05 0.208562
10.0533 0.208617
10.0566 0.208665
10.06 0.208582
10.0633 0.208634
10.0666 0.20868
10.0699 0.208595
10.0732 0.208645
10.0765 0.20869
10.0798 0.208604
10.0831 0.208653
10.0865 0.208696
10.0898 0.208609
10.0931 0.208658
10.0964 0.208701
10.0997 0.208613
10.103 0.208662
10.1063 0.208704
10.1096 0.209116
10.113 0.209476
10.1163 0.209792
10.1196 0.210068
10.1229 0.210309
10.1262 0.210521
10.1295 0.210706
10.1328 0.210867
10.1361 0.211009
10.1394 0.211133
10.1428 0.211241
10.1461 0.211336
10.1494 0.211419
10.1527 0.211492
10.156 0.211555
10.1593 0.211611
10.1626 0.211659
10.1659 0.211702
10.1693 0.211739
10.1726 0.211772
10.1759 0.2118
10.1792 0.211825
10.1825 0.211847
10.1858 0.211866
10.1891 0.211883
10.1924 0.211898
10.1958 0.21191
10.1991 0.211922
10.2024 0.211931
10.2057 0.21194
10.209 0.211947
10.2123 0.211954
10.2156 0.21196
10.2189 0.211965
10.2222 0.211969
10.2256 0.211973
10.2289 0.211976
10.2322 0.211979
10.2355 0.211982
10.2388 0.211984
10.2421 0.211986
10.2454 0.212363
10.2487 0.212693
10.2521 0.213106
10.2554 0.213343
10.2587 0.21355
10.262 0.213731
10.2653 0.21389
10.2686 0.214029
10.2719 0.21415
10.2752 0.214381
10.2786 0.214459
10.2819 0.214526
10.2852 0.21471
10.2885 0.214747
10.2918 0.214778
10.2951 0.214931
10.2984 0.21494
10.3017 0.214947
10.305 0.215079
10.3084 0.215069
10.3117 0.21506
10.315 0.215053
10.3183 0.215046
10.3216 0.21504
10.3249 0.215035
10.3282 0.215156
10.3315 0.215136
10.3349 0.215119
10.3382 0.215229
10.3415 0.215201
10.3448 0.215176
10.3481 0.215279
10.3514 0.215244
10.3547 0.215213
10.358 0.215312
10.3614 0.215273
10.3647 0.215239
10.368 0.215209
10.3713 0.215683
10.3746 0.215972
10.3779 0.216226
10.3812 0.216573
10.3845 0.216876
10.3878 0.217017
10.3912 0.217264
10.3945 0.217481
10.3978 0.217546
10.4011 0.217728
10.4044 0.217887
10.4077 0.217901
10.411 0.218038
10.4143 0.218159
10.4177 0.218139
10.421 0.218121
10.4243 0.218231
10.4276 0.218202
10.4309 0.218177
10.4342 0.21828
10.4375 0.21837
10.4408 0.218324
10.4442 0.218408
10.4475 0.218482
10.4508 0.218422
10.4541 0.218494
10.4574 0.218557
10.4607 0.218488
10.464 0.218552
10.4673 0.218608
10.4706 0.218532
10.474 0.218465
10.4773 0.218532
10.4806 0.218591
10.4839 0.218517
10.4872 0.218577
10.4905 0.219005
10.4938 0.219379
10.4971 0.219707
10.5005 0.219994
10.5038 0.220244
10.5071 0.220464
10.5104 0.220656
10.5137 0.220824
10.517 0.220971
10.5203 0.2211
10.5236 0.221212
10.527 0.221186
10.5303 0.221287
10.5336 0.221376
10.5369 0.221454
10.5402 0.221523
10.5435 0.221582
10.5468 0.221634
10.5501 0.22168
10.5534 0.22172
10.5568 0.221755
10.5601 0.221786
10.5634 0.221813
10.5667 0.221836
10.57 0.221856
10.5733 0.221874
10.5766 0.22189
10.5799 0.221779
10.5833 0.221806
10.5866 0.221831
10.5899 0.221852
10.5932 0.22187
10.5965 0.221887
10.5998 0.221901
10.6031 0.222413
10.6064 0.222737
10.6098 0.223019
10.6131 0.223392
10.6164 0.223593
10.6197 0.223769
10.623 0.223923
10.6263 0.224057
10.6296 0.224175
10.6329 0.224278
10.6362 0.224369
10.6396 0.224447
10.6429 0.224517
10.6462 0.224702
10.6495 0.224739
10.6528 0.224772
10.6561 0.224925
10.6594 0.224935
10.6627 0.224943
10.6661 0.225075
10.6694 0.225066
10.6727 0.225057
10.676 0.22505
10.6793 0.225044
10.6826 0.225038
10.6859 0.225034
10.6892 0.225029
10.6926 0.225026
10.6959 0.225023
10.6992 0.225145
10.7025 0.225127
10.7058 0.225111
10.7091 0.225597
10.7124 0.226022
10.7157 0.22627
10.719 0.226611
10.7224 0.226909
10.7257 0.227046
10.729 0.227165
10.7323 0.227394
10.7356 0.22747
10.7389 0.227536
10.7422 0.227719
10.7455 0.227754
10.7489 0.227785
10.7522 0.227937
10.7555 0.22807
10.7588 0.228061
10.7621 0.228178
10.7654 0.228281
10.7687 0.228246
10.772 0.22834
10.7754 0.228423
10.7787 0.22837
10.782 0.228324
10.7853 0.228408
10.7886 0.228357
10.7919 0.228313
10.7952 0.228398
10.7985 0.228349
10.8018 0.228305
10.8052 0.228392
10.8085 0.228468
10.8118 0.228909
10.8151 0.229296
10.8184 0.229634
10.8217 0.22993
10.825 0.230188
10.8283 0.230415
10.8317 0.230613
10.835 0.230661
10.8383 0.230829
10.8416 0.230975
10.8449 0.230978
10.8482 0.231106
10.8515 0.231218
10.8548 0.231315
10.8582 0.231401
10.8615 0.231476
10.8648 0.231541
10.8681 0.231599
10.8714 0.231649
10.8747 0.231693
10.878 0.231731
10.8813 0.231765
10.8846 0.231794
10.888 0.231695
10.8913 0.231733
10.8946 0.231766
10.8979 0.231671
10.9012 0.231712
10.9045 0.231748
10.9078 0.231779
10.9111 0.232307
10.9145 0.232644
10.9178 0.232938
10.9211 0.233321
10.9244 0.233531
10.9277 0.233714
10.931 0.234
10.9343 0.234125
10.9376 0.234234
10.941 0.23433
10.9443 0.234414
10.9476 0.234487
10.9509 0.234551
10.9542 0.234607
10.9575 0.234656
10.9608 0.234699
10.9641 0.234862
10.9674 0.234879
10.9708 0.234894
10.9741 0.235033
10.9774 0.235028
10.9807 0.235025
10.984 0.235147
10.9873 0.235128
10.9906 0.235112
10.9939 0.235098
10.9973 0.235086
11.0006 0.235075
11.0039 0.235441
11.0072 0.235886
11.0105 0.23615
11.0138 0.236381
11.0171 0.236709
11.0204 0.236995
11.0238 0.237121
11.0271 0.237356
11.0304 0.237561
11.0337 0.237616
11.037 0.237664
11.0403 0.237831
11.0436 0.237852
11.0469 0.237871
11.0502 0.238012
11.0536 0.23801
11.0569 0.238009
11.0602 0.238133
11.0635 0.238116
11.0668 0.238102
11.0701 0.238214
11.0734 0.238312
11.0767 0.238273
11.0801 0.238364
11.0834 0.238444
11.0867 0.238388
11.09 0.23834
11.0933 0.238422
11.0966 0.238869
11.0999 0.239136
11.1032 0.239494
11.1066 0.239807
11.1099 0.239956
11.1132 0.240212
11.1165 0.240435
11.1198 0.240506
11.1231 0.240693
11.1264 0.240856
11.1297 0.240999
11.133 0.241124
11.1364 0.241234
11.1397 0.241329
11.143 0.241288
11.1463 0.241377
11.1496 0.241455
11.1529 0.241398
11.1562 0.241473
11.1595 0.241539
11.1629 0.241472
11.1662 0.241538
11.1695 0.241596
11.1728 0.241521
11.1761 0.241581
11.1794 0.241633
11.1827 0.241679
11.186 0.242219
11.1894 0.242567
11.1927 0.242871
11.196 0.243137
11.1993 0.24337
11.2026 0.243574
11.2059 0.243752
11.2092 0.243908
11.2125 0.244045
11.2158 0.244164
11.2192 0.244268
11.2225 0.24436
11.2258 0.24444
11.2291 0.24451
11.2324 0.244571
11.2357 0.244625
11.239 0.244797
11.2423 0.244822
11.2457 0.244844
11.249 0.244864
11.2523 0.244881
11.2556 0.244896
11.2589 0.244909
11.2622 0.24492
11.2655 0.24493
11.2688 0.244939
11.2722 0.245447
11.2755 0.245766
11.2788 0.246045
11.2821 0.246414
11.2854 0.246738
11.2887 0.246895
11.292 0.247158
11.2953 0.247389
11.2986 0.247465
11.302 0.247532
11.3053 0.247715
11.3086 0.247751
11.3119 0.247782
11.3152 0.247934
11.3185 0.247943
11.3218 0.24795
11.3251 0.248081
11.3285 0.248071
11.3318 0.248062
11.3351 0.248179
11.3384 0.248282
11.3417 0.248247
11.345 0.248341
11.3483 0.248423
11.3516 0.24837
11.355 0.248699
11.3583 0.249112
11.3616 0.249473
11.3649 0.249664
11.3682 0.249956
11.3715 0.250211
11.3748 0.25031
11.3781 0.250521
11.3814 0.250706
11.3848 0.250743
11.3881 0.2509
11.3914 0.251037
11.3947 0.251158
11.398 0.251263
11.4013 0.251355
11.4046 0.251436
11.4079 0.251381
11.4113 0.251459
11.4146 0.251526
11.4179 0.25146
11.4212 0.251528
11.4245 0.251587
11.4278 0.251514
11.4311 0.251574
11.4344 0.252003
11.4378 0.252377
11.4411 0.252705
11.4444 0.252992
11.4477 0.253243
11.451 0.253463
11.4543 0.253655
11.4576 0.253823
11.4609 0.25397
11.4642 0.254099
11.4676 0.254211
11.4709 0.25431
11.4742 0.254396
11.4775 0.254472
11.4808 0.254538
11.4841 0.254596
11.4874 0.254646
11.4907 0.25469
11.4941 0.254729
11.4974 0.254763
11.5007 0.254793
11.504 0.254818
11.5073 0.254841
11.5106 0.254861
11.5139 0.255253
11.5172 0.255722
11.5206 0.256007
11.5239 0.256256
11.5272 0.256599
11.5305 0.256774
11.5338 0.256927
11.5371 0.257186
11.5404 0.257288
11.5437 0.257377
11.547 0.25758
11.5504 0.257632
11.5537 0.257678
11.557 0.257719
11.5603 0.257879
11.5636 0.257894
11.5669 0.257907
11.5702 0.258044
11.5735 0.258038
11.5769 0.258033
11.5802 0.258154
11.5835 0.258135
11.5868 0.258118
11.5901 0.258228
11.5934 0.2587
11.5967 0.258987
11.6 0.259364
11.6034 0.259693
11.6067 0.259857
11.61 0.26
11.6133 0.26025
11.6166 0.260468
11.6199 0.260535
11.6232 0.260718
11.6265 0.260878
11.6298 0.260894
11.6332 0.261032
11.6365 0.261153
11.6398 0.261134
11.6431 0.261242
11.6464 0.261337
11.6497 0.261295
11.653 0.261383
11.6563 0.26146
11.6597 0.261402
11.663 0.261352
11.6663 0.261808
11.6696 0.262207
11.6729 0.262556
11.6762 0.262862
11.6795 0.263129
11.6828 0.263363
11.6862 0.263568
11.6895 0.263747
11.6928 0.263903
11.6961 0.26404
11.6994 0.26416
11.7027 0.264265
11.706 0.264357
11.7093 0.264437
11.7126 0.264508
11.716 0.264569
11.7193 0.264623
11.7226 0.26467
11.7259 0.264711
11.7292 0.264748
11.7325 0.264779
11.7358 0.264807
11.7391 0.264831
11.7425 0.265227
11.7458 0.265574
11.7491 0.266002
11.7524 0.266252
11.7557 0.26647
11.759 0.266786
11.7623 0.266938
11.7656 0.267071
11.769 0.267187
11.7723 0.267414
11.7756 0.267487
11.7789 0.267551
11.7822 0.267732
11.7855 0.267766
11.7888 0.267795
11.7921 0.267946
11.7954 0.267952
11.7988 0.267958
11.8021 0.268089
11.8054 0.268077
11.8087 0.268068
11.812 0.268559
11.8153 0.268989
11.8186 0.269241
11.8219 0.269461
11.8253 0.269778
11.8286 0.270056
11.8319 0.270174
11.8352 0.270402
11.8385 0.270602
11.8418 0.270652
11.8451 0.27082
11.8484 0.270968
11.8518 0.270972
11.8551 0.2711
11.8584 0.271213
11.8617 0.271186
11.865 0.271163
11.8683 0.271267
11.8716 0.271234
11.8749 0.271205
11.8782 0.271304
11.8816 0.271391
11.8849 0.271842
11.8882 0.272237
11.8915 0.272582
11.8948 0.272885
11.8981 0.273149
11.9014 0.27338
11.9047 0.273583
11.9081 0.27376
11.9114 0.273915
11.9147 0.274051
11.918 0.274044
11.9213 0.274164
11.9246 0.274268
11.9279 0.274235
11.9312 0.27433
11.9346 0.274414
11.9379 0.274487
11.9412 0.274551
11.9445 0.274607
11.9478 0.274657
11.9511 0.274699
11.9544 0.275112
11.9577 0.275473
11.961 0.275914
11.9644 0.276175
11.9677 0.276403
11.971 0.276602
11.9743 0.276777
11.9776 0.27693
11.9809 0.277064
11.9842 0.277181
11.9875 0.277283
11.9909 0.277373
11.9942 0.277576
11.9975 0.277629
12.0008 0.277676
12.0041 0.277841
12.0074 0.277861
12.0107 0.277878
12.014 0.278019
12.0174 0.278016
12.0207 0.278389
12.024 0.278716
12.0273 0.279126
12.0306 0.27936
12.0339 0.279565
12.0372 0.27987
12.0405 0.280011
12.0438 0.280135
12.0472 0.280368
12.0505 0.280572
12.0538 0.280625
12.0571 0.280797
12.0604 0.280947
12.0637 0.280954
12.067 0.281085
12.0703 0.281199
12.0737 0.281174
12.077 0.281153
12.0803 0.281258
12.0836 0.281226
12.0869 0.281573
12.0902 0.282001
12.0935 0.282376
12.0968 0.282579
12.1002 0.282882
12.1035 0.283146
12.1068 0.283378
12.1101 0.283581
12.1134 0.283758
12.1167 0.283914
12.12 0.284049
12.1233 0.284168
12.1266 0.284272
12.13 0.284238
12.1333 0.284333
12.1366 0.284417
12.1399 0.284365
12.1432 0.284444
12.1465 0.284514
12.1498 0.284574
12.1531 0.285128
12.1565 0.285487
12.1598 0.285801
12.1631 0.286201
12.1664 0.286426
12.1697 0.286622
12.173 0.28692
12.1763 0.287055
12.1796 0.287173
12.183 0.287276
12.1863 0.287367
12.1896 0.287446
12.1929 0.287515
12.1962 0.287576
12.1995 0.287629
12.2028 0.287675
12.2061 0.287841
12.2094 0.287861
12.2128 0.287878
12.2161 0.288018
12.2194 0.288516
12.2227 0.288827
12.226 0.289223
12.2293 0.28957
12.2326 0.289749
12.2359 0.289905
12.2393 0.290167
12.2426 0.290271
12.2459 0.290362
12.2492 0.290567
12.2525 0.290621
12.2558 0.290669
12.2591 0.290835
12.2624 0.290981
12.2658 0.290983
12.2691 0.29111
12.2724 0.291221
12.2757 0.291194
12.279 0.29117
12.2823 0.291648
12.2856 0.292067
12.2889 0.292309
12.2922 0.292645
12.2956 0.29294
12.2989 0.293072
12.3022 0.293313
12.3055 0.293524
12.3088 0.293583
12.3121 0.293761
12.3154 0.293915
12.3187 0.294051
12.3221 0.29417
12.3254 0.294273
12.3287 0.294364
12.332 0.294319
12.3353 0.294404
12.3386 0.294478
12.3419 0.294419
12.3452 0.294866
12.3486 0.295258
12.3519 0.295601
12.3552 0.295901
12.3585 0.296163
12.3618 0.296393
12.3651 0.296594
12.3684 0.296769
12.3717 0.296923
12.375 0.297183
12.3784 0.297285
12.3817 0.297374
12.385 0.297453
12.3883 0.297521
12.3916 0.297581
12.3949 0.297633
12.3982 0.297679
12.4015 0.297719
12.4049 0.298129
12.4082 0.298613
12.4115 0.298911
12.4148 0.299173
12.4181 0.299526
12.4214 0.29971
12.4247 0.299871
12.428 0.300138
12.4314 0.30037
12.4347 0.300449
12.438 0.300518
12.4413 0.300703
12.4446 0.30074
12.4479 0.300773
12.4512 0.300926
12.4545 0.300935
12.4578 0.300943
12.4612 0.301076
12.4645 0.301566
12.4678 0.30187
12.4711 0.302262
12.4744 0.302604
12.4777 0.302778
12.481 0.303056
12.4843 0.303299
12.4877 0.303512
12.491 0.303573
12.4943 0.303751
12.4976 0.303907
12.5009 0.303919
12.5042 0.304054
12.5075 0.304172
12.5108 0.304151
12.5142 0.304257
12.5175 0.30435
12.5208 0.304306
12.5241 0.304393
12.5274 0.304844
12.5307 0.305238
12.534 0.305583
12.5373 0.305886
12.5406 0.30615
12.544 0.306381
12.5473 0.306583
12.5506 0.306761
12.5539 0.306915
12.5572 0.307051
12.5605 0.30717
12.5638 0.307273
12.5671 0.307364
12.5705 0.307444
12.5738 0.307513
12.5771 0.307574
12.5804 0.307627
12.5837 0.308049
12.587 0.308543
12.5903 0.308975
12.5936 0.309228
12.597 0.30945
12.6003 0.309768
12.6036 0.309922
12.6069 0.310057
12.6102 0.3103
12.6135 0.310387
12.6168 0.310464
12.6201 0.310656
12.6234 0.310699
12.6268 0.310737
12.6301 0.310895
12.6334 0.310908
12.6367 0.310919
12.64 0.311054
12.6433 0.311548
12.6466 0.311979
12.6499 0.312232
12.6533 0.312578
12.6566 0.312881
12.6599 0.31302
12.6632 0.313268
12.6665 0.313484
12.6698 0.313549
12.6731 0.31373
12.6764 0.313889
12.6798 0.313903
12.6831 0.31404
12.6864 0.31416
12.6897 0.31414
12.693 0.314122
12.6963 0.314232
12.6996 0.314703
12.7029 0.315115
12.7062 0.315476
12.7096 0.315791
12.7129 0.316067
12.7162 0.316309
12.7195 0.31652
12.7228 0.316705
12.7261 0.316867
12.7294 0.317009
12.7327 0.317133
12.7361 0.317241
12.7394 0.317336
12.7427 0.317419
12.746 0.317367
12.7493 0.317446
12.7526 0.317515
12.7559 0.317951
12.7592 0.318457
12.7626 0.318775
12.7659 0.319053
12.7692 0.319421
12.7725 0.319619
12.7758 0.319791
12.7791 0.320067
12.7824 0.320184
12.7857 0.320286
12.789 0.3205
12.7924 0.320563
12.7957 0.320617
12.799 0.320665
12.8023 0.320707
12.8056 0.320744
12.8089 0.320776
12.8122 0.321304
12.8155 0.321766
12.8189 0.322045
12.8222 0.322414
12.8255 0.322738
12.8288 0.322895
12.8321 0.323158
12.8354 0.323389
12.8387 0.323465
12.842 0.323657
12.8454 0.323825
12.8487 0.323847
12.852 0.323866
12.8553 0.324008
12.8586 0.324007
12.8619 0.324006
12.8652 0.32413
12.8685 0.324614
12.8718 0.325037
12.8752 0.325407
12.8785 0.325732
12.8818 0.326015
12.8851 0.326263
12.8884 0.32648
12.8917 0.32667
12.895 0.326836
12.8983 0.326982
12.9017 0.327109
12.905 0.327096
12.9083 0.327209
12.9116 0.327308
12.9149 0.327269
12.9182 0.32736
12.9215 0.327815
12.9248 0.328213
12.9282 0.328687
12.9315 0.328976
12.9348 0.329229
12.9381 0.329575
12.9414 0.329753
12.9447 0.329909
12.948 0.330171
12.9513 0.330274
12.9546 0.330365
12.958 0.330444
12.9613 0.330514
12.9646 0.330575
12.9679 0.330628
12.9712 0.330674
12.9745 0.33109
12.9778 0.331454
12.9811 0.331897
12.9845 0.332285
12.9878 0.332499
12.9911 0.332812
12.9944 0.333085
12.9977 0.3332
13.001 0.333425
13.0043 0.333622
13.0076 0.333669
13.011 0.33371
13.0143 0.333872
13.0176 0.333888
13.0209 0.333902
13.0242 0.334039
13.0275 0.334534
13.0308 0.334967
13.0341 0.335346
13.0374 0.335678
13.0408 0.335968
13.0441 0.336222
13.0474 0.336445
13.0507 0.336639
13.054 0.336809
13.0573 0.336958
13.0606 0.337088
13.0639 0.337077
13.0673 0.337193
13.0706 0.337293
13.0739 0.337257
13.0772 0.33735
13.0805 0.337806
13.0838 0.338205
13.0871 0.33868
13.0904 0.33897
13.0938 0.339223
13.0971 0.33957
13.1004 0.339749
13.1037 0.339906
13.107 0.340042
13.1103 0.340162
13.1136 0.340267
13.1169 0.340358
13.1202 0.340439
13.1236 0.340509
13.1269 0.34057
13.1302 0.340624
13.1335 0.341046
13.1368 0.341415
13.1401 0.341863
13.1434 0.342255
13.1467 0.342473
13.1501 0.342789
13.1534 0.343066
13.1567 0.343182
13.16 0.343285
13.1633 0.343499
13.1666 0.343562
13.1699 0.343616
13.1732 0.343789
13.1766 0.343816
13.1799 0.343839
13.1832 0.344359
13.1865 0.344814
13.1898 0.345087
13.1931 0.345451
13.1964 0.34577
13.1997 0.346049
13.203 0.346293
13.2064 0.346506
13.2097 0.346693
13.213 0.346731
13.2163 0.34689
13.2196 0.347029
13.2229 0.347025
13.2262 0.347147
13.2295 0.347254
13.2329 0.347222
13.2362 0.347694
13.2395 0.348107
13.2428 0.348469
13.2461 0.348785
13.2494 0.349062
13.2527 0.349304
13.256 0.349641
13.2594 0.349811
13.2627 0.34996
13.266 0.35009
13.2693 0.350204
13.2726 0.350303
13.2759 0.35039
13.2792 0.350466
13.2825 0.350533
13.2858 0.350967
13.2892 0.351471
13.2925 0.351787
13.2958 0.352063
13.2991 0.352431
13.3024 0.352627
13.3057 0.352798
13.309 0.353074
13.3123 0.353314
13.3157 0.3534
13.319 0.353475
13.3223 0.353666
13.3256 0.353707
13.3289 0.353744
13.3322 0.353901
13.3355 0.354413
13.3388 0.354737
13.3422 0.355145
13.3455 0.355502
13.3488 0.355689
13.3521 0.355978
13.3554 0.356231
13.3587 0.356327
13.362 0.356536
13.3653 0.356719
13.3686 0.356879
13.372 0.356894
13.3753 0.357032
13.3786 0.357153
13.3819 0.357134
13.3852 0.357617
13.3885 0.35804
13.3918 0.35841
13.3951 0.358734
13.3985 0.359017
13.4018 0.359265
13.4051 0.359482
13.4084 0.359672
13.4117 0.359838
13.415 0.359983
13.4183 0.36011
13.4216 0.360221
13.425 0.360319
13.4283 0.360404
13.4316 0.360478
13.4349 0.360919
13.4382 0.361429
13.4415 0.36175
13.4448 0.362031
13.4481 0.362402
13.4515 0.362602
13.9979 0.342402
14.0012 0.324852
14.0045 0.309495
14.0079 0.296058
14.0112 0.284301
14.0145 0.274013
14.0178 0.265012
14.0211 0.257135
14.0244 0.250243
14.0277 0.244213
14.031 0.238936
14.0344 0.234319
14.0377 0.230404
14.041 0.227229
14.0443 0.2247
14.0476 0.222488
14.0509 0.220427
14.0542 0.218748
14.0575 0.21728
14.0609 0.215995
14.0642 0.21512
14.0675 0.214355
14.0708 0.213561
14.0741 0.212991
14.0774 0.212492
14.0807 0.211931
14.084 0.211564
14.0873 0.211244
14.0907 0.210838
14.094 0.210483
14.0973 0.210298
14.1006 0.210011
14.1039 0.209759
14.1072 0.209664
14.1105 0.209581
14.1138 0.209384
14.1172 0.209586
14.1205 0.209638
14.1238 0.209683
14.1271 0.209848
14.1304 0.209867
14.1337 0.209883
14.137 0.210023
14.1403 0.21002
14.1437 0.210017
14.147 0.210015
14.1503 0.210013
14.1536 0.210012
14.1569 0.21001
14.1602 0.210134
14.1635 0.210367
14.1668 0.210571
14.1701 0.21075
14.1735 0.210906
14.1768 0.211043
14.1801 0.211163
14.1834 0.211267
14.1867 0.211359
14.19 0.211439
14.1933 0.211509
14.1966 0.21157
14.2 0.211499
14.2033 0.211562
14.2066 0.211617
14.2099 0.211664
14.2132 0.211706
14.2165 0.211743
14.2198 0.211775
14.2231 0.211803
14.2265 0.211828
14.2298 0.211849
14.2331 0.211868
14.2364 0.211885
14.2397 0.211899
14.243 0.211912
14.2463 0.211548
14.2496 0.210729
14.2529 0.210013
14.2563 0.209511
14.2596 0.208948
14.2629 0.208454
14.2662 0.208147
14.2695 0.207754
14.2728 0.20741
14.2761 0.207233
14.2794 0.206954
14.2828 0.20671
14.2861 0.206621
14.2894 0.206419
14.2927 0.206241
14.296 0.206211
14.2993 0.206185
14.3026 0.206037
14.3059 0.205907
14.3093 0.205919
14.3126 0.205804
14.3159 0.205703
14.3192 0.20574
14.3225 0.205648
14.3258 0.205567
14.3291 0.205621
14.3324 0.205543
14.3357 0.205475
14.3391 0.205541
14.3424 0.205473
14.3457 0.205414
14.349 0.205362
14.3523 0.205442
14.3556 0.205387
14.3589 0.205339
14.3622 0.205421
14.3656 0.204994
14.3689 0.204619
14.3722 0.204292
14.3755 0.204005
14.3788 0.203755
14.3821 0.203535
14.3854 0.203343
14.3887 0.203176
14.3921 0.203029
14.3954 0.2029
14.3987 0.202788
14.402 0.202689
14.4053 0.202603
14.4086 0.202528
14.4119 0.202462
14.4152 0.202404
14.4185 0.202353
14.4219 0.202309
14.4252 0.202271
14.4285 0.202237
14.4318 0.202207
14.4351 0.202181
14.4384 0.202159
14.4417 0.202139
14.445 0.202121
14.4484 0.202106
14.4517 0.202093
14.455 0.202081
14.4583 0.202071
14.4616 0.202062
14.4649 0.202054
14.4682 0.202048
14.4715 0.202042
14.4749 0.202037
14.4782 0.202032
14.4815 0.202028
14.4848 0.202024
14.4881 0.202021
14.4914 0.202019
14.4947 0.202016
14.498 0.202014
14.5013 0.202013
14.5047 0.202011
14.508 0.20201
14.5113 0.202008
14.5146 0.202007
14.5179 0.202006
14.5212 0.202006
14.5245 0.202005
14.5278 0.202004
14.5312 0.202004
14.5345 0.202003
14.5378 0.202003
14.5411 0.202003
14.5444 0.202002
14.5477 0.202002
14.551 0.202127
14.5543 0.202111
14.5577 0.202097
14.561 0.202085
14.5643 0.202074
14.5676 0.202065
14.5709 0.202057
14.5742 0.20205
14.5775 0.202044
14.5808 0.202038
14.5841 0.202033
14.5875 0.202029
14.5908 0.202026
14.5941 0.202022
14.5974 0.20202
14.6007 0.202017
14.604 0.20214
14.6073 0.202122
14.6106 0.202107
14.614 0.202094
14.6173 0.202082
14.6206 0.202072
14.6239 0.202063
14.6272 0.202055
14.6305 0.202048
14.6338 0.202042
14.6371 0.202037
14.6405 0.202032
14.6438 0.202028
14.6471 0.202025
14.6504 0.202022
14.6537 0.202019
14.657 0.202142
14.6603 0.202124
14.6636 0.202108
14.6669 0.202095
14.6703 0.202083
14.6736 0.202073
14.6769 0.202064
14.6802 0.202056
14.6835 0.202049
14.6868 0.202043
14.6901 0.202037
14.6934 0.202408
14.6968 0.202732
14.7001 0.20314
14.7034 0.203373
14.7067 0.203576
14.71 0.203879
14.7133 0.204144
14.7166 0.204251
14.7199 0.204345
14.7233 0.204552
14.7266 0.204608
14.7299 0.204657
14.7332 0.204825
14.7365 0.204847
14.7398 0.204866
14.7431 0.205008
14.7464 0.205007
14.7497 0.205006
14.7531 0.20513
14.7564 0.205114
14.7597 0.2051
14.763 0.205087
14.7663 0.205201
14.7696 0.205176
14.7729 0.205154
14.7762 0.20526
14.7796 0.205227
14.7829 0.205199
14.7862 0.205299
14.7895 0.205262
14.7928 0.205229
14.7961 0.205325
14.7994 0.205285
14.8027 0.205249
14.8061 0.205343
14.8094 0.2053
14.8127 0.205263
14.816 0.20523
14.8193 0.205326
14.8226 0.205285
14.8259 0.20525
14.8292 0.205343
14.8325 0.2053
14.8359 0.205263
14.8392 0.205355
14.8425 0.205311
14.8458 0.205272
14.8491 0.205363
14.8524 0.205318
14.8557 0.205278
14.859 0.205368
14.8624 0.205322
14.8657 0.205282
14.869 0.205247
14.8723 0.205341
14.8756 0.205298
14.8789 0.205261
14.8822 0.205353
14.8855 0.205309
14.8889 0.20527
14.8922 0.205362
14.8955 0.205316
14.8988 0.205277
14.9021 0.205367
14.9054 0.205321
14.9087 0.205281
14.912 0.205371
14.9153 0.205325
14.9187 0.205284
14.922 0.205249
14.9253 0.205343
14.9286 0.2053
14.9319 0.205262
14.9352 0.205354
14.9385 0.20531
14.9418 0.205271
14.9452 0.205362
14.9485 0.205317
14.9518 0.205278
14.9551 0.205368
14.9584 0.205322
14.9617 0.205282
14.965 0.205371
14.9683 0.20545
14.9717 0.205394
14.975 0.205345
14.9783 0.205426
14.9816 0.205373
14.9849 0.205326
14.9882 0.205411
14.9915 0.205359
14.9948 0.205314
14.9981 0.2054
