0.0 0
0.0905768 4294967295
0.182886 4294967295
0.276809 4294967295
0.370731 4294967295
0.462998 4294967295
0.46631 4294967295
0.55692 4294967295
0.560232 4294967295
0.563544 4294967295
0.650842 4294967295
0.654154 4294967295
0.657466 4294967295
0.660778 4294967295
0.743109 4294967295
0.746421 4294967295
0.749733 4294967295
0.753045 4294967295
0.756357 4294967295
0.759669 4294967295
0.835375 4294967295
0.838687 4294967295
0.841999 4294967295
0.845311 4294967295
0.848623 4294967295
0.851935 4294967295
0.855247 4294967295
0.858559 4294967295
0.861871 4294967295
0.927642 4294967295
0.930954 4294967295
0.934266 4294967295
0.937578 4294967295
0.94089 4294967295
0.944202 4294967295
0.947514 4294967295
0.950826 4294967295
0.954138 4294967295
0.95745 4294967295
0.960762 4294967295
0.964074 4294967295
0.967386 4294967295
0.970698 4294967295
1.02156 4294967295
1.02488 4294967295
1.02819 4294967295
1.0315 4294967295
1.03481 4294967295
1.03812 4294967295
1.04144 4294967295
1.04475 4294967295
1.04806 4294967295
1.05137 4294967295
1.05468 4294967295
1.058 4294967295
1.06131 4294967295
1.06462 4294967295
1.06793 4294967295
1.07124 4294967295
1.07456 4294967295
1.08118 4294967295
1.08449 4294967295
1.0878 4294967295
1.11549 4294967295
1.1188 4294967295
1.12211 4294967295
1.12542 4294967295
1.12873 4294967295
1.13205 4294967295
1.13536 4294967295
1.13867 4294967295
1.14198 4294967295
1.14529 4294967295
1.14861 4294967295
1.15192 4294967295
1.15523 4294967295
1.15854 4294967295
1.16185 4294967295
1.16517 4294967295
1.16848 4294967295
1.17179 4294967295
1.1751 4294967295
1.17841 4294967295
1.18173 4294967295
1.18504 4294967295
1.18835 4294967295
1.19166 4294967295
1.19497 4294967295
1.19829 4294967295
1.2016 4294967295
1.20491 4294967295
1.20822 4294967295
1.21153 4294967295
1.21485 4294967295
1.21816 4294967295
1.22147 4294967295
1.22478 4294967295
1.22809 4294967295
1.23141 4294967295
1.23472 4294967295
1.23803 4294967295
1.24134 4294967295
1.24465 4294967295
1.24797 4294967295
1.25128 4294967295
1.25459 4294967295
1.2579 4294967295
1.26121 4294967295
1.26453 4294967295
1.26784 4294967295
1.27115 4294967295
1.27446 4294967295
1.27777 4294967295
1.28109 4294967295
1.2844 4294967295
1.28771 4294967295
1.29102 4294967295
1.29433 4294967295
1.29765 4294967295
1.30096 4294967295
1.30427 4294967295
1.30758 4294967295
1.31089 4294967295
1.31421 4294967295
1.31752 4294967295
1.32083 4294967295
1.32749 22140
1.32749 22140
1.53611 22140
1.53942 22140
1.54273 22140
1.54605 22140
1.54936 22140
1.55267 22140
1.55598 22140
1.55929 22140
1.56261 22140
1.56592 22140
1.56923 22140
1.57254 22140
1.57585 22140
1.57917 22140
1.58248 22140
1.58579 22140
1.5891 22140
1.59241 22140
1.59573 22140
1.59904 22140
1.60235 22140
1.60901 10620
1.60901 10620
1.75593 10620
1.75924 10620
1.76255 10620
1.76586 10620
1.76917 10620
1.77249 10620
1.7758 10620
1.77911 10620
1.78242 10620
1.78573 10620
1.78905 10620
1.79236 10620
1.79567 10620
1.79898 10620
1.84819 10620
1.85151 10620
1.85482 10620
1.85813 10620
1.86144 10620
1.86475 10620
1.86807 10620
1.87138 10620
1.87469 10620
1.878 10620
1.88131 10620
1.88463 10620
1.88794 10620
1.89125 10620
1.89456 10620
1.94212 10620
1.94543 10620
1.94874 10620
1.95205 10620
1.95536 10620
1.95868 10620
1.96199 10620
1.9653 10620
1.96861 10620
1.97192 10620
1.97524 10620
1.97855 10620
1.98186 10620
1.98517 10620
1.98848 10620
2.03604 10620
2.03935 10620
2.04266 10620
2.04597 10620
2.0526 10620
2.05591 10620
2.05922 10620
2.06253 10620
2.06585 10620
2.06916 10620
2.07247 10620
2.07578 10620
2.07909 10620
2.08241 10620
2.1283 10620
2.13162 10620
2.13493 10620
2.13824 10620
2.14486 10620
2.14818 10620
2.15149 10620
2.1548 10620
2.15811 10620
2.16142 10620
2.16474 10620
2.16805 10620
2.17136 10620
2.17467 10620
2.17798 10620
2.22057 10620
2.22388 10620
2.22719 10620
2.23051 10620
2.23713 10620
2.24044 10620
2.24375 10620
2.24707 10620
2.25038 10620
2.25369 10620
2.257 10620
2.26031 10620
2.26363 10620
2.26694 10620
2.27025 10620
2.31284 10620
2.31615 10620
2.31946 10620
2.32277 10620
2.32609 10620
2.33105 10620
2.33437 10620
2.33768 10620
2.34099 10620
2.3443 10620
2.34761 10620
2.35093 10620
2.35424 10620
2.35755 10620
2.36086 10620
2.36417 10620
2.40676 10620
2.41007 10620
2.41338 10620
2.4167 10620
2.42001 10620
2.42498 10620
2.42829 10620
2.4316 10620
2.43491 10620
2.43822 10620
2.44154 10620
2.44485 10620
2.44816 10620
2.45147 10620
2.45478 10620
2.4581 10620
2.50068 10620
2.50399 10620
2.50731 10620
2.51062 10620
2.51393 10620
2.51724 10620
2.52055 10620
2.52387 10620
2.52718 10620
2.53049 10620
2.5338 10620
2.53711 10620
2.54043 10620
2.54374 10620
2.54705 10620
2.55036 10620
2.59295 10620
2.59626 10620
2.59957 10620
2.60288 10620
2.6062 10620
2.60951 10620
2.61282 10620
2.61613 10620
2.61944 10620
2.62276 10620
2.62607 10620
2.62938 10620
2.63269 10620
2.636 10620
2.63932 10620
2.64263 10620
2.68521 10620
2.68853 10620
2.69184 10620
2.69515 10620
2.69846 10620
2.70177 10620
2.70509 10620
2.7084 10620
2.71171 10620
2.71502 10620
2.71833 10620
2.72165 10620
2.72496 10620
2.72827 10620
2.73158 10620
2.73489 10620
2.73821 10620
2.77914 10620
2.78245 10620
2.78576 10620
2.78907 10620
2.79239 10620
2.7957 10620
2.79901 10620
2.80232 10620
2.80563 10620
2.80895 10620
2.81226 10620
2.81557 10620
2.81888 10620
2.82219 10620
2.82551 10620
2.82882 10620
2.83213 10620
2.8714 10620
2.87472 10620
2.87803 10620
2.88134 10620
2.88465 10620
2.88796 10620
2.89128 10620
2.89459 10620
2.8979 10620
2.90121 10620
2.90452 10620
2.90784 10620
2.91115 10620
2.91446 10620
2.91777 10620
2.92108 10620
2.9244 10620
2.96367 10620
2.96698 10620
2.97029 10620
2.97361 10620
2.97692 10620
2.98023 10620
2.98354 10620
2.98685 10620
2.99017 10620
2.99348 10620
2.99679 10620
3.0001 10620
3.00341 10620
3.00673 10620
3.01004 10620
3.01335 10620
3.01666 10620
3.01997 10620
3.05759 10620
3.0609 10620
3.06422 10620
3.06753 10620
3.07084 10620
3.07415 10620
3.07746 10620
3.08078 10620
3.08409 10620
3.0874 10620
3.09071 10620
3.09402 10620
3.09734 10620
3.10065 10620
3.10396 10620
3.10727 10620
3.11058 10620
3.1139 10620
3.15151 10620
3.15483 10620
3.15814 10620
3.16145 10620
3.16476 10620
3.16807 10620
3.17139 10620
3.1747 10620
3.17801 10620
3.18132 10620
3.18463 10620
3.18795 10620
3.19126 10620
3.19457 10620
3.19788 10620
3.20119 10620
3.20451 10620
3.20782 10620
3.24378 10620
3.24709 10620
3.25041 10620
3.25372 10620
3.25703 10620
3.26034 10620
3.26365 10620
3.26697 10620
3.27028 10620
3.27359 10620
3.2769 10620
3.28021 10620
3.28353 10620
3.28684 10620
3.29015 10620
3.29346 10620
3.29677 10620
3.30009 10620
3.3034 10620
3.3377 10620
3.34102 10620
3.34433 10620
3.34764 10620
3.35095 10620
3.35426 10620
3.35758 10620
3.36089 10620
3.3642 10620
3.36751 10620
3.37082 10620
3.37414 10620
3.37745 10620
3.38076 10620
3.38407 10620
3.38738 10620
3.3907 10620
3.39401 10620
3.39732 10620
3.42997 10620
3.43328 10620
3.43659 10620
3.43991 10620
3.44322 10620
3.44653 10620
3.44984 10620
3.45315 10620
3.45647 10620
3.45978 10620
3.46309 10620
3.4664 10620
3.46971 10620
3.47303 10620
3.47634 10620
3.47965 10620
3.48296 10620
3.48627 10620
3.48959 10620
3.4929 10620
3.52389 10620
3.5272 10620
3.53052 10620
3.53383 10620
3.53714 10620
3.54045 10620
3.54376 10620
3.54708 10620
3.55039 10620
3.5537 10620
3.55701 10620
3.56032 10620
3.56364 10620
3.56695 10620
3.57026 10620
3.57357 10620
3.57688 10620
3.5802 10620
3.58351 10620
3.58682 10620
3.61616 10620
3.61947 10620
3.62278 10620
3.62609 10620
3.62941 10620
3.63272 10620
3.63603 10620
3.63934 10620
3.64265 10620
3.64597 10620
3.64928 10620
3.65259 10620
3.6559 10620
3.65921 10620
3.66253 10620
3.66584 10620
3.66915 10620
3.67246 10620
3.67577 10620
3.67909 10620
3.6824 10620
3.71008 10620
3.71339 10620
3.71671 10620
3.72002 10620
3.72333 10620
3.72664 10620
3.72995 10620
3.73327 10620
3.73658 10620
3.73989 10620
3.7432 10620
3.74651 10620
3.74983 10620
3.75314 10620
3.75645 10620
3.75976 10620
3.76307 10620
3.76639 10620
3.7697 10620
3.77301 10620
3.77632 10620
3.80235 10620
3.80566 10620
3.80897 10620
3.81228 10620
3.8156 10620
3.81891 10620
3.82222 10620
3.82553 10620
3.82884 10620
3.83216 10620
3.83547 10620
3.83878 10620
3.84209 10620
3.8454 10620
3.84872 10620
3.85203 10620
3.85534 10620
3.85865 10620
3.86196 10620
3.86528 10620
3.86859 10620
3.8719 10620
3.89627 10620
3.89958 10620
3.90289 10620
3.90621 10620
3.90952 10620
3.91283 10620
3.91614 10620
3.91945 10620
3.92277 10620
3.92608 10620
3.92939 10620
3.9327 10620
3.93601 10620
3.93933 10620
3.94264 10620
3.94595 10620
3.94926 10620
3.95257 10620
3.95589 10620
3.9592 10620
3.96251 10620
3.96582 10620
3.98854 10620
3.99185 10620
3.99516 10620
3.99847 10620
4.00178 10620
4.0051 10620
4.00841 10620
4.01172 10620
4.01503 10620
4.01834 10620
4.02166 10620
4.02497 10620
4.02828 10620
4.03159 10620
4.0349 10620
4.03822 10620
4.04153 10620
4.04484 10620
4.04815 10620
4.05146 10620
4.05478 10620
4.05809 10620
4.0614 10620
4.0808 10620
4.08411 10620
4.08743 10620
4.09074 10620
4.09405 10620
4.09736 10620
4.10067 10620
4.10399 10620
4.1073 10620
4.11061 10620
4.11392 10620
4.11723 10620
4.12055 10620
4.12386 10620
4.12717 10620
4.13048 10620
4.13379 10620
4.13711 10620
4.14042 10620
4.14373 10620
4.14704 10620
4.15035 10620
4.15367 10620
4.15698 10620
4.17473 10620
4.17804 10620
4.18135 10620
4.18466 10620
4.18797 10620
4.19129 10620
4.1946 10620
4.19791 10620
4.20122 10620
4.20453 10620
4.20785 10620
4.21116 10620
4.21447 10620
4.21778 10620
4.22109 10620
4.22441 10620
4.22772 10620
4.23103 10620
4.23434 10620
4.23765 10620
4.24097 10620
4.24428 10620
4.24759 10620
4.2509 10620
4.25421 10620
4.26865 10620
4.27196 10620
4.27527 10620
4.27858 10620
4.2819 10620
4.28521 10620
4.28852 10620
4.29183 10620
4.29514 10620
4.29846 10620
4.30177 10620
4.30508 10620
4.30839 10620
4.3117 10620
4.31502 10620
4.31833 10620
4.32164 10620
4.32495 10620
4.32826 10620
4.33158 10620
4.33489 10620
4.3382 10620
4.34151 10620
4.34482 10620
4.34814 10620
4.36091 10620
4.36423 10620
4.36754 10620
4.37085 10620
4.37416 10620
4.37747 10620
4.38079 10620
4.3841 10620
4.38741 10620
4.39072 10620
4.39403 10620
4.39735 10620
4.40066 10620
4.40397 10620
4.40728 10620
4.41059 10620
4.41391 10620
4.41722 10620
4.42053 10620
4.42384 10620
4.42715 10620
4.43047 10620
4.43378 10620
4.43709 10620
4.4404 10620
4.44371 10620
4.45318 10620
4.45649 10620
4.4598 10620
4.46312 10620
4.46643 10620
4.46974 10620
4.47305 10620
4.47636 10620
4.47968 10620
4.48299 10620
4.4863 10620
4.48961 10620
4.49292 10620
4.49624 10620
4.49955 10620
4.50286 10620
4.50617 10620
4.50948 10620
4.5128 10620
4.51611 10620
4.51942 10620
4.52273 10620
4.52604 10620
4.52936 10620
4.53267 10620
4.53598 10620
4.53929 10620
4.54545 10620
4.54876 10620
4.55207 10620
4.55538 10620
4.55869 10620
4.56201 10620
4.56532 10620
4.56863 10620
4.57194 10620
4.57525 10620
4.57857 10620
4.58188 10620
4.58519 10620
4.5885 10620
4.59181 10620
4.59513 10620
4.59844 10620
4.60175 10620
4.60506 10620
4.60837 10620
4.61169 10620
4.615 10620
4.61831 10620
4.62162 10620
4.62493 10620
4.62825 10620
4.63156 10620
4.63487 10620
4.63818 10620
4.64149 10620
4.64481 10620
4.64812 10620
4.65143 10620
4.65474 10620
4.65805 10620
4.66137 10620
4.66468 10620
4.66799 10620
4.6713 10620
4.67461 10620
4.67793 10620
4.68124 10620
4.68455 10620
4.68786 10620
4.69117 10620
4.69449 10620
4.6978 10620
4.70111 10620
4.70442 10620
4.70773 10620
4.71105 10620
4.71436 10620
4.71767 10620
4.72098 10620
4.72429 10620
4.72761 10620
4.73092 10620
4.73423 10620
4.73754 10620
4.74085 10620
4.74417 10620
4.74748 10620
4.75079 10620
4.7541 10620
4.75741 10620
4.76073 10620
4.76404 10620
4.76735 10620
4.77066 10620
4.77397 10620
4.77729 10620
4.7806 10620
4.78391 10620
4.78722 10620
4.79053 10620
4.79385 10620
4.79716 10620
4.80047 10620
4.80378 10620
4.80709 10620
4.81041 10620
4.81372 10620
4.81703 10620
4.82034 10620
4.82365 10620
4.82697 10620
4.83028 10620
4.83359 10620
4.8369 10620
4.84021 10620
4.84353 10620
4.84684 10620
4.85015 10620
4.85346 10620
4.85677 10620
4.86009 10620
4.8634 10620
4.86671 10620
4.87002 10620
4.87333 10620
4.87665 10620
4.87996 10620
4.88327 10620
4.88658 10620
4.88989 10620
4.89321 10620
4.89652 10620
4.89983 10620
4.90314 10620
4.90645 10620
4.90977 10620
4.91308 10620
4.91639 10620
4.9197 10620
4.92301 10620
4.92633 10620
4.92964 10620
4.93295 10620
4.93626 10620
4.93957 10620
4.94289 10620
4.9462 10620
4.94951 10620
4.95282 10620
4.95613 10620
4.95945 10620
4.96276 10620
4.96607 10620
4.96938 10620
4.97269 10620
4.97601 10620
4.97932 10620
4.98263 10620
4.98594 10620
4.98925 10620
4.99257 10620
4.99588 10620
4.99919 10620
5.0025 10620
5.00581 10620
5.00913 10620
5.01244 10620
5.01575 10620
5.01906 10620
5.02237 10620
5.02569 10620
5.029 10620
5.03231 10620
5.03562 10620
5.03893 10620
5.04225 10620
5.04556 10620
5.04887 10620
5.05218 10620
5.05549 10620
5.05881 10620
5.06212 10620
5.06543 10620
5.06874 10620
5.07205 10620
5.07537 10620
5.07868 10620
5.08199 10620
5.0853 10620
5.08861 10620
5.09193 10620
5.09524 10620
5.09855 10620
5.10186 10620
5.10517 10620
5.10849 10620
5.1118 10620
5.11511 10620
5.11842 10620
5.12173 10620
5.12505 10620
5.12836 10620
5.13167 10620
5.13498 10620
5.13829 10620
5.14161 10620
5.14492 10620
5.14823 10620
5.15154 10620
5.15485 10620
5.15817 10620
5.16148 10620
5.16479 10620
5.1681 10620
5.17141 10620
5.17473 10620
5.17804 10620
5.18135 10620
5.18466 10620
5.18797 10620
5.19129 10620
5.1946 10620
5.19791 10620
5.20122 10620
5.20453 10620
5.20785 10620
5.21116 10620
5.21447 10620
5.21778 10620
5.22109 10620
5.22441 10620
5.22772 10620
5.23103 10620
5.23434 10620
5.23765 10620
5.24097 10620
5.24428 10620
5.24759 10620
5.2509 10620
5.25421 10620
5.25753 10620
5.26084 10620
5.26415 10620
5.26746 10620
5.27077 10620
5.27409 10620
5.2774 10620
5.28071 10620
5.28402 10620
5.28733 10620
5.29065 10620
5.29396 10620
5.29727 10620
5.30058 10620
5.30389 10620
5.30721 10620
5.31052 10620
5.31383 10620
5.31714 10620
5.32045 10620
5.32377 10620
5.32708 10620
5.33039 10620
5.3337 10620
5.33701 10620
5.34033 10620
5.34364 10620
5.34695 10620
5.35026 10620
5.35357 10620
5.35689 10620
5.3602 10620
5.36351 10620
5.36682 10620
5.37013 10620
5.37345 10620
5.37676 10620
5.38007 10620
5.38338 10620
5.38669 10620
5.39001 10620
5.39332 10620
5.39663 10620
5.39994 10620
5.40325 10620
5.40657 10620
5.40988 10620
5.41319 10620
5.4165 10620
5.41981 10620
5.42313 10620
5.42644 10620
5.42975 10620
5.43306 10620
5.43637 10620
5.43969 10620
5.443 10620
5.44631 10620
5.44962 10620
5.45293 10620
5.45625 10620
5.45956 10620
5.46287 10620
5.46618 10620
5.46949 10620
5.47281 10620
5.47612 10620
5.47943 10620
5.48274 10620
5.48605 10620
5.48937 10620
5.49268 10620
5.49599 10620
5.4993 10620
5.50261 10620
5.50593 10620
5.50924 10620
5.51255 10620
5.51586 10620
5.51917 10620
5.52249 10620
5.5258 10620
5.52911 10620
5.53242 10620
5.53573 10620
5.53905 10620
5.54236 10620
5.54567 10620
5.54898 10620
5.55229 10620
5.55561 10620
5.55892 10620
5.56223 10620
5.56554 10620
5.56885 10620
5.57217 10620
5.57548 10620
5.57879 10620
5.5821 10620
5.58541 10620
5.58873 10620
5.59204 10620
5.59535 10620
5.59866 10620
5.60197 10620
5.60529 10620
5.6086 10620
5.61191 10620
5.61522 10620
5.61853 10620
5.62185 10620
5.62516 10620
5.62847 10620
5.63178 10620
5.63509 10620
5.63841 10620
5.64172 10620
5.64503 10620
5.64834 10620
5.65165 10620
5.65497 10620
5.65828 10620
5.66159 10620
5.6649 10620
5.66821 10620
5.67153 10620
5.67484 10620
5.67815 10620
5.68146 10620
5.68477 10620
5.68809 10620
5.6914 10620
5.69471 10620
5.69802 10620
5.70133 10620
5.70465 10620
5.70796 10620
5.71127 10620
5.71458 10620
5.71789 10620
5.72121 10620
5.72452 10620
5.72783 10620
5.73114 10620
5.73445 10620
5.73777 10620
5.74108 10620
5.74439 10620
5.7477 10620
5.75101 10620
5.75433 10620
5.75764 10620
5.76095 10620
5.76426 10620
5.76757 10620
5.77089 10620
5.7742 10620
5.77751 10620
5.78082 10620
5.78413 10620
5.78745 10620
5.79076 10620
5.79407 10620
5.79738 10620
5.80069 10620
5.80401 10620
5.80732 10620
5.81063 10620
5.81394 10620
5.81725 10620
5.82057 10620
5.82388 10620
5.82719 10620
5.8305 10620
5.83381 10620
5.83713 10620
5.84044 10620
5.84375 10620
5.84706 10620
5.85037 10620
5.85369 10620
5.857 10620
5.86031 10620
5.86362 10620
5.86693 10620
5.87025 10620
5.87356 10620
5.87687 10620
5.88018 10620
5.88349 10620
5.88681 10620
5.89012 10620
5.89343 10620
5.89674 10620
5.90005 10620
5.90337 10620
5.90668 10620
5.90999 10620
5.9133 10620
5.91661 10620
5.91993 10620
5.92324 10620
5.92655 10620
5.92986 10620
5.93317 10620
5.93649 10620
5.9398 10620
5.94311 10620
5.94642 10620
5.94973 10620
5.95305 10620
5.95636 10620
5.95967 10620
5.96298 10620
5.96629 10620
5.96961 10620
5.97292 10620
5.97623 10620
5.97954 10620
5.98285 10620
5.98617 10620
5.98948 10620
5.99279 10620
5.9961 10620
5.99941 10620
6.00273 10620
6.00604 10620
6.00935 10620
6.01266 10620
6.01597 10620
6.01929 10620
6.0226 10620
6.0276 10620
6.03092 17460
6.03092 17460
6.20929 17460
6.21261 17460
6.21592 17460
6.21923 17460
6.22254 17460
6.22585 17460
6.22917 17460
6.23248 17460
6.23579 17460
6.2391 17460
6.24241 17460
6.24573 17460
6.24904 17460
6.25235 17460
6.25566 17460
6.25897 17460
6.26229 17460
6.2656 17460
6.26891 17460
6.27222 17460
6.27553 17460
6.27885 17460
6.28216 17460
6.28547 17460
6.30322 17460
6.30653 17460
6.30984 17460
6.31315 17460
6.31646 17460
6.31978 17460
6.32309 17460
6.3264 17460
6.32971 17460
6.33302 17460
6.33634 17460
6.33965 17460
6.34296 17460
6.34627 17460
6.34958 17460
6.3529 17460
6.35621 17460
6.35952 17460
6.36283 17460
6.36614 17460
6.36946 17460
6.37277 17460
6.37608 17460
6.37939 17460
6.39548 17460
6.3988 17460
6.40211 17460
6.40542 17460
6.40873 17460
6.41204 17460
6.41536 17460
6.41867 17460
6.42198 17460
6.42529 17460
6.4286 17460
6.43192 17460
6.43523 17460
6.43854 17460
6.44185 17460
6.44516 17460
6.44848 17460
6.45179 17460
6.4551 17460
6.45841 17460
6.46172 17460
6.46504 17460
6.46835 17460
6.47166 17460
6.48775 17460
6.49106 17460
6.49437 17460
6.49769 17460
6.501 17460
6.50431 17460
6.50762 17460
6.51093 17460
6.51425 17460
6.51756 17460
6.52087 17460
6.52418 17460
6.52749 17460
6.53081 17460
6.53412 17460
6.53743 17460
6.54074 17460
6.54405 17460
6.54737 17460
6.55068 17460
6.55399 17460
6.5573 17460
6.56061 17460
6.56393 17460
6.56724 17460
6.58167 17460
6.58498 17460
6.5883 17460
6.59161 17460
6.59492 17460
6.59823 17460
6.60154 17460
6.60486 17460
6.60817 17460
6.61148 17460
6.61479 17460
6.6181 17460
6.62142 17460
6.62473 17460
6.62804 17460
6.63135 17460
6.63466 17460
6.63798 17460
6.64129 17460
6.6446 17460
6.64791 17460
6.65122 17460
6.65454 17460
6.65785 17460
6.66116 17460
6.67559 17460
6.67891 17460
6.68222 17460
6.68553 17460
6.68884 17460
6.69215 17460
6.69547 17460
6.69878 17460
6.70209 17460
6.7054 17460
6.70871 17460
6.71203 17460
6.71534 17460
6.71865 17460
6.72196 17460
6.72527 17460
6.72859 17460
6.7319 17460
6.73521 17460
6.73852 17460
6.74183 17460
6.74515 17460
6.74846 17460
6.75177 17460
6.75508 17460
6.76786 17460
6.77117 17460
6.77448 17460
6.7778 17460
6.78111 17460
6.78442 17460
6.78773 17460
6.79104 17460
6.79436 17460
6.79767 17460
6.80098 17460
6.80429 17460
6.8076 17460
6.81092 17460
6.81423 17460
6.81754 17460
6.82085 17460
6.82416 17460
6.82748 17460
6.83079 17460
6.8341 17460
6.83741 17460
6.84072 17460
6.84404 17460
6.84735 17460
6.86013 17460
6.86344 17460
6.86675 17460
6.87006 17460
6.87338 17460
6.87669 17460
6.88 17460
6.88331 17460
6.88662 17460
6.88994 17460
6.89325 17460
6.89656 17460
6.89987 17460
6.90318 17460
6.9065 17460
6.90981 17460
6.91312 17460
6.91643 17460
6.91974 17460
6.92306 17460
6.92637 17460
6.92968 17460
6.93299 17460
6.9363 17460
6.93962 17460
6.94293 17460
6.95405 17460
6.95736 17460
6.96067 17460
6.96399 17460
6.9673 17460
6.97061 17460
6.97392 17460
6.97723 17460
6.98055 17460
6.98386 17460
6.98717 17460
6.99048 17460
6.99379 17460
6.99711 17460
7.00042 17460
7.00373 17460
7.00704 17460
7.01035 17460
7.01367 17460
7.01698 17460
7.02029 17460
7.0236 17460
7.02691 17460
7.03023 17460
7.03354 17460
7.03685 17460
7.04797 17460
7.05128 17460
7.0546 17460
7.05791 17460
7.06122 17460
7.06453 17460
7.06784 17460
7.07116 17460
7.07447 17460
7.07778 17460
7.08109 17460
7.0844 17460
7.08772 17460
7.09103 17460
7.09434 17460
7.09765 17460
7.10096 17460
7.10428 17460
7.10759 17460
7.1109 17460
7.11421 17460
7.11752 17460
7.12084 17460
7.12415 17460
7.12746 17460
7.13077 17460
7.14024 17460
7.14355 17460
7.14686 17460
7.15017 17460
7.15349 17460
7.1568 17460
7.16011 17460
7.16342 17460
7.16673 17460
7.17005 17460
7.17336 17460
7.17667 17460
7.17998 17460
7.18329 17460
7.18661 17460
7.18992 17460
7.19323 17460
7.19654 17460
7.19985 17460
7.20317 17460
7.20648 17460
7.20979 17460
7.2131 17460
7.21641 17460
7.21973 17460
7.22304 17460
7.2325 17460
7.23582 17460
7.23913 17460
7.24244 17460
7.24575 17460
7.24906 17460
7.25238 17460
7.25569 17460
7.259 17460
7.26231 17460
7.26562 17460
7.26894 17460
7.27225 17460
7.27556 17460
7.27887 17460
7.28218 17460
7.2855 17460
7.28881 17460
7.29212 17460
7.29543 17460
7.29874 17460
7.30206 17460
7.30537 17460
7.30868 17460
7.31199 17460
7.3153 17460
7.31862 17460
7.32643 17460
7.32974 17460
7.33305 17460
7.33636 17460
7.33968 17460
7.34299 17460
7.3463 17460
7.34961 17460
7.35292 17460
7.35624 17460
7.35955 17460
7.36286 17460
7.36617 17460
7.36948 17460
7.3728 17460
7.37611 17460
7.37942 17460
7.38273 17460
7.38604 17460
7.38936 17460
7.39267 17460
7.39598 17460
7.39929 17460
7.4026 17460
7.40592 17460
7.40923 17460
7.41254 17460
7.41869 17460
7.42201 17460
7.42532 17460
7.42863 17460
7.43194 17460
7.43525 17460
7.43857 17460
7.44188 17460
7.44519 17460
7.4485 17460
7.45181 17460
7.45513 17460
7.45844 17460
7.46175 17460
7.46506 17460
7.46837 17460
7.47169 17460
7.475 17460
7.47831 17460
7.48162 17460
7.48493 17460
7.48825 17460
7.49156 17460
7.49487 17460
7.49818 17460
7.50149 17460
7.50481 17460
7.51096 17460
7.51427 17460
7.51758 17460
7.5209 17460
7.52421 17460
7.52752 17460
7.53083 17460
7.53414 17460
7.53746 17460
7.54077 17460
7.54408 17460
7.54739 17460
7.5507 17460
7.55402 17460
7.55733 17460
7.56064 17460
7.56395 17460
7.56726 17460
7.57058 17460
7.57389 17460
7.5772 17460
7.58051 17460
7.58382 17460
7.58714 17460
7.59045 17460
7.59376 17460
7.59707 17460
7.60038 17460
7.60488 17460
7.60819 17460
7.61151 17460
7.61482 17460
7.61813 17460
7.62144 17460
7.62475 17460
7.62807 17460
7.63138 17460
7.63469 17460
7.638 17460
7.64131 17460
7.64463 17460
7.64794 17460
7.65125 17460
7.65456 17460
7.65787 17460
7.66119 17460
7.6645 17460
7.66781 17460
7.67112 17460
7.67443 17460
7.67775 17460
7.68106 17460
7.68437 17460
7.68768 17460
7.69099 17460
7.69431 17460
7.69762 17460
7.70093 17460
7.70424 17460
7.70755 17460
7.71087 17460
7.71418 17460
7.71749 17460
7.7208 17460
7.72411 17460
7.72743 17460
7.73074 17460
7.73405 17460
7.73736 17460
7.74067 17460
7.74399 17460
7.7473 17460
7.75061 17460
7.75392 17460
7.75723 17460
7.76055 17460
7.76386 17460
7.76717 17460
7.77048 17460
7.77379 17460
7.77711 17460
7.78042 17460
7.78373 17460
7.78704 17460
7.79035 17460
7.79367 17460
7.79698 17460
7.80029 17460
7.8036 17460
7.80691 17460
7.81023 17460
7.81354 17460
7.81685 17460
7.82016 17460
7.82347 17460
7.82679 17460
7.8301 17460
7.83341 17460
7.83672 17460
7.84003 17460
7.84335 17460
7.84666 17460
7.84997 17460
7.85328 17460
7.85659 17460
7.85991 17460
7.86322 17460
7.86653 17460
7.86984 17460
7.87315 17460
7.87647 17460
7.87978 17460
7.88309 17460
7.8864 17460
7.88971 17460
7.89303 17460
7.89634 17460
7.89965 17460
7.90296 17460
7.90627 17460
7.90959 17460
7.9129 17460
7.91621 17460
7.91952 17460
7.92283 17460
7.92615 17460
7.92946 17460
7.93277 17460
7.93608 17460
7.93939 17460
7.94271 17460
7.94602 17460
7.94933 17460
7.95264 17460
7.95595 17460
7.95927 17460
7.96258 17460
7.96589 17460
7.9692 17460
7.97251 17460
7.97583 17460
7.97914 17460
7.98245 17460
7.98576 17460
7.98907 17460
7.99239 17460
7.9957 17460
7.99901 17460
8.00232 17460
8.00563 17460
8.00895 17460
8.01226 17460
8.01557 17460
8.01888 17460
8.02219 17460
8.02551 17460
8.02882 17460
8.03213 17460
8.03544 17460
8.03875 17460
8.04207 17460
8.04538 17460
8.04869 17460
8.052 17460
8.05531 17460
8.05863 17460
8.06194 17460
8.06525 17460
8.06856 17460
8.07187 17460
8.07519 17460
8.0785 17460
8.08181 17460
8.08512 17460
8.08843 17460
8.09175 17460
8.09506 17460
8.09837 17460
8.10168 17460
8.10499 17460
8.10831 17460
8.11162 17460
8.11493 17460
8.11824 17460
8.12155 17460
8.12487 17460
8.12818 17460
8.13149 17460
8.1348 17460
8.13811 17460
8.14143 17460
8.14474 17460
8.14805 17460
8.15136 17460
8.15467 17460
8.15799 17460
8.1613 17460
8.16461 17460
8.16792 17460
8.17123 17460
8.17455 17460
8.17786 17460
8.18117 17460
8.18448 17460
8.18779 17460
8.19111 17460
8.19442 17460
8.19773 17460
8.20104 17460
8.20435 17460
8.20767 17460
8.21098 17460
8.21429 17460
8.2176 17460
8.22091 17460
8.22423 17460
8.22754 17460
8.23085 17460
8.23416 17460
8.23747 17460
8.24079 17460
8.2441 17460
8.24741 17460
8.25072 17460
8.25403 17460
8.25735 17460
8.26066 17460
8.26397 17460
8.26728 17460
8.27059 17460
8.27391 17460
8.27722 17460
8.28053 17460
8.28384 17460
8.28715 17460
8.29047 17460
8.29378 17460
8.29709 17460
8.3004 17460
8.30371 17460
8.30703 17460
8.31034 17460
8.31365 17460
8.31696 17460
8.32027 17460
8.32359 17460
8.3269 17460
8.33021 17460
8.33352 17460
8.33683 17460
8.34015 17460
8.34346 17460
8.34677 17460
8.35008 17460
8.35339 17460
8.35671 17460
8.36002 17460
8.36333 17460
8.36664 17460
8.36995 17460
8.37327 17460
8.37658 17460
8.37989 17460
8.3832 17460
8.38651 17460
8.38983 17460
8.39314 17460
8.39645 17460
8.39976 17460
8.40307 17460
8.40639 17460
8.4097 17460
8.41301 17460
8.41632 17460
8.41963 17460
8.42295 17460
8.42626 17460
8.42957 17460
8.43288 17460
8.43619 17460
8.43951 17460
8.44282 17460
8.44613 17460
8.44944 17460
8.45275 17460
8.45607 17460
8.45938 17460
8.466 17460
8.46931 17460
8.47263 17460
8.47594 17460
8.47925 17460
8.48256 17460
8.48587 17460
8.48919 17460
8.4925 17460
8.49581 17460
8.49912 17460
8.50243 17460
8.50575 17460
8.50906 17460
8.51237 17460
8.51568 17460
8.51899 17460
8.52231 17460
8.52562 17460
8.52893 17460
8.53224 17460
8.53555 17460
8.53887 17460
8.54218 17460
8.54549 17460
8.5488 17460
8.55211 17460
8.55543 17460
8.55874 17460
8.56205 17460
8.56536 17460
8.56867 17460
8.57199 17460
8.5753 17460
8.57861 17460
8.58192 17460
8.58523 17460
8.58855 17460
8.59186 17460
8.59517 17460
8.59848 17460
8.60511 17460
8.60842 17460
8.61173 17460
8.61504 17460
8.61835 17460
8.62167 17460
8.62498 17460
8.62829 17460
8.6316 17460
8.63491 17460
8.63823 17460
8.64154 17460
8.64485 17460
8.64816 17460
8.65147 17460
8.65479 17460
8.6581 17460
8.66141 17460
8.66472 17460
8.66803 17460
8.67135 17460
8.67466 17460
8.67797 17460
8.68128 17460
8.68459 17460
8.68791 17460
8.69122 17460
8.69453 17460
8.69784 17460
8.70115 17460
8.70447 17460
8.70778 17460
8.71109 17460
8.7144 17460
8.71771 17460
8.72103 17460
8.72434 17460
8.72765 17460
8.73096 17460
8.73427 17460
8.73759 17460
8.7409 17460
8.74421 17460
8.74752 17460
8.75083 17460
8.75415 17460
8.75746 17460
8.76077 17460
8.76408 17460
8.76739 17460
8.77071 17460
8.77402 17460
8.77733 17460
8.78064 17460
8.78395 17460
8.78727 17460
8.79058 17460
8.79389 17460
8.7972 17460
8.80051 17460
8.80383 17460
8.80714 17460
8.81045 17460
8.81376 17460
8.81707 17460
8.82039 17460
8.8237 17460
8.82701 17460
8.83032 17460
8.83363 17460
8.83695 17460
8.84026 17460
8.84357 17460
8.84688 17460
8.85019 17460
8.85351 17460
8.85682 17460
8.86013 17460
8.86344 17460
8.86675 17460
8.87007 17460
8.87338 17460
8.87669 17460
8.88 17460
8.88331 17460
8.88663 17460
8.88994 17460
8.89325 17460
8.89656 17460
8.89987 17460
8.90319 17460
8.9065 17460
8.90981 17460
8.91312 17460
8.91643 17460
8.91975 17460
8.92306 17460
8.92637 17460
8.92968 17460
8.93299 17460
8.93631 17460
8.93962 17460
8.94293 17460
8.94624 17460
8.94955 17460
8.95287 17460
8.95618 17460
8.95949 17460
8.9628 17460
8.96611 17460
8.96943 17460
8.97274 17460
8.97605 17460
8.97936 17460
8.98267 17460
8.98599 17460
8.9893 17460
8.99261 17460
8.99592 17460
8.99923 17460
9.00255 17460
9.00586 17460
9.00917 17460
9.01248 17460
9.01579 17460
9.01911 17460
9.02242 17460
9.02573 17460
9.02904 17460
9.03235 17460
9.03567 17460
9.03898 17460
9.04229 17460
9.0456 17460
9.04891 17460
9.05223 17460
9.05554 17460
9.05885 17460
9.06216 17460
9.06547 17460
9.06879 17460
9.0721 17460
9.07541 17460
9.07872 17460
9.08203 17460
9.08535 17460
9.08866 17460
9.09197 17460
9.09528 17460
9.09859 17460
9.10191 17460
9.10522 17460
9.10853 17460
9.11184 17460
9.11515 17460
9.11847 17460
9.12178 17460
9.12509 17460
9.1284 17460
9.13171 17460
9.13503 17460
9.13834 17460
9.14165 17460
9.14496 17460
9.14827 17460
9.15159 17460
9.1549 17460
9.15821 17460
9.16152 17460
9.16483 17460
9.16815 17460
9.17146 17460
9.17477 17460
9.17808 17460
9.18139 17460
9.18471 17460
9.18802 17460
9.19133 17460
9.19464 17460
9.19795 17460
9.20127 17460
9.20458 17460
9.20789 17460
9.2112 17460
9.21451 17460
9.21783 17460
9.22114 17460
9.22445 17460
9.22776 17460
9.23107 17460
9.23439 17460
9.2377 17460
9.24101 17460
9.24432 17460
9.24763 17460
9.25095 17460
9.25426 17460
9.25757 17460
9.26088 17460
9.26419 17460
9.26751 17460
9.27082 17460
9.27413 17460
9.27744 17460
9.28075 17460
9.28407 17460
9.28738 17460
9.29069 17460
9.294 17460
9.29731 17460
9.30063 17460
9.30394 17460
9.30725 17460
9.31056 17460
9.31387 17460
9.31719 17460
9.3205 17460
9.32381 17460
9.32712 17460
9.33043 17460
9.33375 17460
9.33706 17460
9.34037 17460
9.34368 17460
9.34699 17460
9.35031 17460
9.35362 17460
9.35693 17460
9.36024 17460
9.36355 17460
9.36687 17460
9.37018 17460
9.37349 17460
9.3768 17460
9.38011 17460
9.38343 17460
9.38674 17460
9.39005 17460
9.39336 17460
9.39667 17460
9.39999 17460
9.4033 17460
9.40661 17460
9.40992 17460
9.41323 17460
9.41655 17460
9.41986 17460
9.42317 17460
9.42648 17460
9.42979 17460
9.43311 17460
9.43642 17460
9.43973 17460
9.44304 17460
9.44635 17460
9.44967 17460
9.45298 17460
9.45629 17460
9.4596 17460
9.46291 17460
9.46623 17460
9.46954 17460
9.47285 17460
9.47616 17460
9.47947 17460
9.48279 17460
9.4861 17460
9.48941 17460
9.49272 17460
9.49603 17460
9.49935 17460
9.50266 17460
9.50597 17460
9.50928 17460
9.51259 17460
9.51591 17460
9.51922 17460
9.52253 17460
9.52584 17460
9.52915 17460
9.53247 17460
9.53578 17460
9.53909 17460
9.5424 17460
9.54571 17460
9.54903 17460
9.55234 17460
9.55565 17460
9.55896 17460
9.56227 17460
9.56559 17460
9.5689 17460
9.57221 17460
9.57552 17460
9.57883 17460
9.58215 17460
9.58546 17460
9.58877 17460
9.59208 17460
9.59539 17460
9.59871 17460
9.60202 17460
9.60533 17460
9.60864 17460
9.61195 17460
9.61527 17460
9.61858 17460
9.62189 17460
9.6252 17460
9.62851 17460
9.63183 17460
9.63514 17460
9.63845 17460
9.64176 17460
9.64507 17460
9.64839 17460
9.6517 17460
9.65501 17460
9.65832 17460
9.66163 17460
9.66495 17460
9.66826 17460
9.67157 17460
9.67488 17460
9.67819 17460
9.68151 17460
9.68482 17460
9.68813 17460
9.69144 17460
9.69475 17460
9.69807 17460
9.70138 17460
9.70469 17460
9.708 17460
9.71131 17460
9.71463 17460
9.71794 17460
9.72125 17460
9.72456 17460
9.72787 17460
9.73119 17460
9.7345 17460
9.73781 17460
9.74112 17460
9.74443 17460
9.74775 17460
9.75106 17460
9.75437 17460
9.75768 17460
9.76099 17460
9.76431 17460
9.76762 17460
9.77093 17460
9.77424 17460
9.77755 17460
9.78087 17460
9.78418 17460
9.78749 17460
9.7908 17460
9.79411 17460
9.79743 17460
9.80074 17460
9.80405 17460
9.80736 17460
9.81067 17460
9.81399 17460
9.8173 17460
9.82061 17460
9.82392 17460
9.82723 17460
9.83055 17460
9.83386 17460
9.83717 17460
9.84048 17460
9.84379 17460
9.84711 17460
9.85042 17460
9.85373 17460
9.85704 17460
9.86035 17460
9.86367 17460
9.86698 17460
9.87029 17460
9.8736 17460
9.87691 17460
9.88023 17460
9.88354 17460
9.88685 17460
9.89016 17460
9.89347 17460
9.89679 17460
9.9001 17460
9.90341 17460
9.90672 17460
9.91003 17460
9.91335 17460
9.91666 17460
9.91997 17460
9.92328 17460
9.92659 17460
9.92991 17460
9.93322 17460
9.93653 17460
9.93984 17460
9.94315 17460
9.94647 17460
9.94978 17460
9.95309 17460
9.9564 17460
9.95971 17460
9.96303 17460
9.96634 17460
9.96965 17460
9.97296 17460
9.97627 17460
9.97959 17460
9.9829 17460
9.98621 17460
9.98952 17460
9.99283 17460
9.99615 17460
9.99946 17460
10.0028 17460
10.0061 17460
10.0094 17460
10.0127 17460
10.016 17460
10.0193 17460
10.0226 17460
10.026 17460
10.0293 17460
10.0326 17460
10.0359 17460
10.0392 17460
10.0425 17460
10.0458 17460
10.0491 17460
10.0524 17460
10.0558 17460
10.0591 17460
10.0624 17460
10.0657 17460
10.069 17460
10.0723 17460
10.0756 17460
10.0789 17460
10.0823 17460
10.0856 17460
10.0889 17460
10.0922 17460
10.0955 17460
10.0988 17460
10.1021 17460
10.1054 17460
10.1088 17460
10.1121 17460
10.1154 17460
10.1187 17460
10.122 17460
10.1253 17460
10.1286 17460
10.1319 17460
10.1352 17460
10.1386 17460
10.1419 17460
10.1452 17460
10.1485 17460
10.1518 17460
10.1551 17460
10.1584 17460
10.1617 17460
10.1651 17460
10.1684 17460
10.1717 17460
10.175 17460
10.1783 17460
10.1816 17460
10.1849 17460
10.1882 17460
10.1916 17460
10.1949 17460
10.1982 17460
10.2015 17460
10.2048 17460
10.2081 17460
10.2114 17460
10.2147 17460
10.218 17460
10.2214 17460
10.2247 17460
10.228 17460
10.2313 17460
10.2346 17460
10.2379 17460
10.2412 17460
10.2445 17460
10.2479 17460
10.2512 17460
10.2545 17460
10.2578 17460
10.2611 17460
10.2644 17460
10.2677 17460
10.271 17460
10.2744 17460
10.2777 17460
10.281 17460
10.2843 17460
10.2876 17460
10.2909 17460
10.2942 17460
10.2975 17460
10.3008 17460
10.3042 17460
10.3075 17460
10.3108 17460
10.3141 17460
10.3174 17460
10.3207 17460
10.324 17460
10.3273 17460
10.3307 17460
10.334 17460
10.3373 17460
10.3406 17460
10.3439 17460
10.3472 17460
10.3505 17460
10.3538 17460
10.3572 17460
10.3605 17460
10.3638 17460
10.3671 17460
10.3704 17460
10.3737 17460
10.377 17460
10.3803 17460
10.3836 17460
10.387 17460
10.3903 17460
10.3936 17460
10.3969 17460
10.4002 17460
10.4035 17460
10.4068 17460
10.4101 17460
10.4135 17460
10.4168 17460
10.4201 17460
10.4234 17460
10.4267 17460
10.43 17460
10.4333 17460
10.4366 17460
10.44 17460
10.4433 17460
10.4466 17460
10.4499 17460
10.4532 17460
10.4565 17460
10.4598 17460
10.4631 17460
10.4664 17460
10.4698 17460
10.4731 17460
10.4764 17460
10.4797 17460
10.483 17460
10.4863 17460
10.4896 17460
10.4929 17460
10.4963 17460
10.4996 17460
10.5029 17460
10.5062 17460
10.5095 17460
10.5128 17460
10.5161 17460
10.5194 17460
10.5228 17460
10.5261 17460
10.5294 17460
10.5327 17460
10.536 17460
10.5393 17460
10.5426 17460
10.5459 17460
10.5492 17460
10.5526 17460
10.5559 17460
10.5592 17460
10.5625 17460
10.5658 17460
10.5691 17460
10.5724 17460
10.5757 17460
10.5791 17460
10.5824 17460
10.5857 17460
10.589 17460
10.5923 17460
10.5956 17460
10.5989 17460
10.6022 17460
10.6056 17460
10.6089 17460
10.6122 17460
10.6155 17460
10.6188 17460
10.6221 17460
10.6254 17460
10.6287 17460
10.632 17460
10.6354 17460
10.6387 17460
10.642 17460
10.6453 17460
10.6486 17460
10.6519 17460
10.6552 17460
10.6585 17460
10.6619 17460
10.6652 17460
10.6685 17460
10.6718 17460
10.6751 17460
10.6784 17460
10.6817 17460
10.685 17460
10.6884 17460
10.6917 17460
10.695 17460
10.6983 17460
10.7016 17460
10.7049 17460
10.7082 17460
10.7115 17460
10.7148 17460
10.7182 17460
10.7215 17460
10.7248 17460
10.7281 17460
10.7314 17460
10.7347 17460
10.738 17460
10.7413 17460
10.7447 17460
10.748 17460
10.7513 17460
10.7546 17460
10.7579 17460
10.7612 17460
10.7645 17460
10.7678 17460
10.7712 17460
10.7745 17460
10.7778 17460
10.7811 17460
10.7844 17460
10.7877 17460
10.791 17460
10.7943 17460
10.7976 17460
10.801 17460
10.8043 17460
10.8076 17460
10.8109 17460
10.8142 17460
10.8175 17460
10.8208 17460
10.8241 17460
10.8275 17460
10.8308 17460
10.8341 17460
10.8374 17460
10.8407 17460
10.844 17460
10.8473 17460
10.8506 17460
10.854 17460
10.8573 17460
10.8606 17460
10.8639 17460
10.8672 17460
10.8705 17460
10.8738 17460
10.8771 17460
10.8804 17460
10.8838 17460
10.8871 17460
10.8904 17460
10.8937 17460
10.897 17460
10.9003 17460
10.9036 17460
10.9069 17460
10.9103 17460
10.9136 17460
10.9169 17460
10.9202 17460
10.9235 17460
10.9268 17460
10.9301 17460
10.9334 17460
10.9368 17460
10.9401 17460
10.9434 17460
10.9467 17460
10.95 17460
10.9533 17460
10.9566 17460
10.9599 17460
10.9632 17460
10.9666 17460
10.9699 17460
10.9732 17460
10.9765 17460
10.9798 17460
10.9831 17460
10.9864 17460
10.9897 17460
10.9931 17460
10.9964 17460
10.9997 17460
11.003 17460
11.0063 17460
11.0096 17460
11.0129 17460
11.0162 17460
11.0196 17460
11.0229 17460
11.0262 17460
11.0295 17460
11.0328 17460
11.0361 17460
11.0394 17460
11.0427 17460
11.046 17460
11.0494 17460
11.0527 17460
11.056 17460
11.0593 17460
11.0626 17460
11.0659 17460
11.0692 17460
11.0725 17460
11.0759 17460
11.0792 17460
11.0825 17460
11.0858 17460
11.0891 17460
11.0924 17460
11.0957 17460
11.099 17460
11.1024 17460
11.1057 17460
11.109 17460
11.1123 17460
11.1156 17460
11.1189 17460
11.1222 17460
11.1255 17460
11.1288 17460
11.1322 17460
11.1355 17460
11.1388 17460
11.1421 17460
11.1454 17460
11.1487 17460
11.152 17460
11.1553 17460
11.1587 17460
11.162 17460
11.1653 17460
11.1686 17460
11.1719 17460
11.1752 17460
11.1785 17460
11.1818 17460
11.1852 17460
11.1885 17460
11.1918 17460
11.1951 17460
11.1984 17460
11.2017 17460
11.205 17460
11.2083 17460
11.2116 17460
11.215 17460
11.2183 17460
11.2216 17460
11.2249 17460
11.2282 17460
11.2315 17460
11.2348 17460
11.2381 17460
11.2415 17460
11.2448 17460
11.2481 17460
11.2514 17460
11.2547 17460
11.258 17460
11.2613 17460
11.2646 17460
11.268 17460
11.2713 17460
11.2746 17460
11.2779 17460
11.2812 17460
11.2845 17460
11.2878 17460
11.2911 17460
11.2944 17460
11.2978 17460
11.3011 17460
11.3044 17460
11.3077 17460
11.311 17460
11.3143 17460
11.3176 17460
11.3209 17460
11.3243 17460
11.3276 17460
11.3309 17460
11.3342 17460
11.3375 17460
11.3408 17460
11.3441 17460
11.3474 17460
11.3508 17460
11.3541 17460
11.3574 17460
11.3607 17460
11.364 17460
11.3673 17460
11.3706 17460
11.3739 17460
11.3772 17460
11.3806 17460
11.3839 17460
11.3872 17460
11.3905 17460
11.3938 17460
11.3971 17460
11.4004 17460
11.4037 17460
11.4071 17460
11.4104 17460
11.4137 17460
11.417 17460
11.4203 17460
11.4236 17460
11.4269 17460
11.4302 17460
11.4336 17460
11.4369 17460
11.4402 17460
11.4435 17460
11.4468 17460
11.4501 17460
11.4534 17460
11.4567 17460
11.46 17460
11.4634 17460
11.4667 17460
11.47 17460
11.4733 17460
11.4766 17460
11.4799 17460
11.4832 17460
11.4865 17460
11.4899 17460
11.4932 17460
11.4965 17460
11.4998 17460
11.5031 17460
11.5064 17460
11.5097 17460
11.513 17460
11.5164 17460
11.5197 17460
11.523 17460
11.5263 17460
11.5296 17460
11.5329 17460
11.5362 17460
11.5395 17460
11.5428 17460
11.5462 17460
11.5495 17460
11.5528 17460
11.5561 17460
11.5594 17460
11.5627 17460
11.566 17460
11.5693 17460
11.5727 17460
11.576 17460
11.5793 17460
11.5826 17460
11.5859 17460
11.5892 17460
11.5925 17460
11.5958 17460
11.5992 17460
11.6025 17460
11.6058 17460
11.6091 17460
11.6124 17460
11.6157 17460
11.619 17460
11.6223 17460
11.6256 17460
11.629 17460
11.6323 17460
11.6356 17460
11.6389 17460
11.6422 17460
11.6455 17460
11.6488 17460
11.6521 17460
11.6555 17460
11.6588 17460
11.6621 17460
11.6654 17460
11.6687 17460
11.672 17460
11.6753 17460
11.6786 17460
11.682 17460
11.6853 17460
11.6886 17460
11.6919 17460
11.6952 17460
11.6985 17460
11.7018 17460
11.7051 17460
11.7084 17460
11.7118 17460
11.7151 17460
11.7184 17460
11.7217 17460
11.725 17460
11.7283 17460
11.7316 17460
11.7349 17460
11.7383 17460
11.7416 17460
11.7449 17460
11.7482 17460
11.7515 17460
11.7548 17460
11.7581 17460
11.7614 17460
11.7648 17460
11.7681 17460
11.7714 17460
11.7747 17460
11.778 17460
11.7813 17460
11.7846 17460
11.7879 17460
11.7912 17460
11.7946 17460
11.7979 17460
11.8012 17460
11.8045 17460
11.8078 17460
11.8111 17460
11.8144 17460
11.8177 17460
11.8211 17460
11.8244 17460
11.8277 17460
11.831 17460
11.8343 17460
11.8376 17460
11.8409 17460
11.8442 17460
11.8476 17460
11.8509 17460
11.8542 17460
11.8575 17460
11.8608 17460
11.8658 21825
11.8658 21825
12.2235 21825
12.2268 21825
12.2301 21825
12.2334 21825
12.2367 21825
12.24 21825
12.2433 21825
12.2466 21825
12.25 21825
12.2533 21825
12.2566 21825
12.2599 21825
12.2632 21825
12.2665 21825
12.2698 21825
12.2731 21825
12.2781 21825
12.2814 21825
12.2847 21825
12.288 21825
12.2914 21825
12.2947 21825
12.298 21825
12.3013 21825
12.3046 21825
12.3079 21825
12.3112 21825
12.3145 21825
12.3179 21825
12.3212 21825
12.3245 21825
12.3278 21825
12.3311 21825
12.3344 21825
12.3377 21825
12.341 21825
12.3444 21825
12.3477 21825
12.351 21825
12.3543 21825
12.3576 21825
12.3609 21825
12.3642 21825
12.3675 21825
12.3708 21825
12.3742 21825
12.3775 21825
12.3808 21825
12.3841 21825
12.3874 21825
12.3907 21825
12.394 21825
12.3973 21825
12.4007 21825
12.404 21825
12.4073 21825
12.4106 21825
12.4139 21825
12.4172 21825
12.4205 21825
12.4238 21825
12.4272 21825
12.4305 21825
12.4338 21825
12.4371 21825
12.4404 21825
12.4437 21825
12.447 21825
12.4503 21825
12.4536 21825
12.457 21825
12.4603 21825
12.4636 21825
12.4686 21825
12.4719 720
12.4719 720
