0.0905768 1
0.182886 361
0.276809 1081
0.370731 1801
0.462998 2521
0.46631 3241
0.55692 3961
0.560232 4681
0.563544 5401
0.650842 6121
0.654154 6841
0.657466 7561
0.660778 8281
0.743109 9001
0.746421 9721
0.749733 10441
0.753045 11161
0.756357 11881
0.759669 12601
0.835375 13321
0.838687 14041
0.841999 14761
0.845311 15481
0.848623 16201
0.851935 16921
0.855247 17641
0.858559 18361
0.861871 19081
0.927642 19801
0.930954 20521
0.934266 21241
0.937578 21961
0.94089 22681
0.944202 23401
0.947514 24121
0.950826 24841
0.954138 25561
0.95745 26281
0.960762 27001
0.964074 27721
0.967386 28441
0.970698 29161
1.02156 29881
1.02488 30601
1.02819 31321
1.0315 32041
1.03481 32761
1.03812 33481
1.04144 34201
1.04475 34921
1.04806 35641
1.05137 36361
1.05468 37081
1.058 37801
1.06131 38521
1.06462 39241
1.06793 39961
1.07124 40681
1.07456 41401
1.08118 42841
1.08449 43561
1.0878 44281
1.11549 45001
1.1188 45721
1.12211 46441
1.12542 47161
1.12873 47881
1.13205 48601
1.13536 49321
1.13867 50041
1.14198 50761
1.14529 51481
1.14861 52201
1.15192 52921
1.15523 53641
1.15854 54361
1.16185 55081
1.16517 55801
1.16848 56521
1.17179 57241
1.1751 57961
1.17841 58681
1.18173 59401
1.18504 60121
1.18835 60841
1.19166 61561
1.19497 62281
1.19829 63001
1.2016 63721
1.20491 64441
1.20822 65161
1.21153 65881
1.21485 66601
1.21816 67321
1.22147 68041
1.22478 68761
1.22809 69481
1.23141 70201
1.23472 70921
1.23803 71641
1.24134 72361
1.24465 73081
1.24797 73801
1.25128 74521
1.25459 75241
1.2579 75961
1.26121 76681
1.26453 77401
1.26784 78121
1.27115 78841
1.27446 79561
1.27777 80281
1.28109 81001
1.2844 81721
1.28771 82441
1.29102 83161
1.29433 83881
1.29765 84601
1.30096 85321
1.30427 86041
1.30758 86761
1.31089 87481
1.31421 88201
1.31752 88921
1.32083 89641
1.5328 135361
1.53611 136081
1.53942 136801
1.54273 137521
1.54605 138241
1.54936 138961
1.55267 139681
1.55598 140401
1.55929 141121
1.56261 141841
1.56592 142561
1.56923 143281
1.57254 144001
1.57585 144721
1.57917 145441
1.58248 146161
1.58579 146881
1.5891 147601
1.59241 148321
1.59573 149041
1.59904 149761
1.60235 150481
1.70833 173161
1.75593 173881
1.75924 174601
1.76255 175321
1.76586 176041
1.76917 176761
1.77249 177481
1.7758 178201
1.77911 178921
1.78242 179641
1.78573 180361
1.78905 181081
1.79236 181801
1.79567 182521
1.79898 183241
1.84819 183961
1.85151 184681
1.85482 185401
1.85813 186121
1.86144 186841
1.86475 187561
1.86807 188281
1.87138 189001
1.87469 189721
1.878 190441
1.88131 191161
1.88463 191881
1.88794 192601
1.89125 193321
1.94046 194041
1.94377 194761
1.94708 195481
1.9504 196201
1.95371 196921
1.95702 197641
1.96033 198361
1.96364 199081
1.96696 199801
1.97027 200521
1.97358 201241
1.97689 201961
1.9802 202681
1.98352 203401
1.98683 204121
2.03438 204841
2.03769 205561
2.04101 206281
2.04432 207001
2.04763 207721
2.05425 209161
2.05757 209881
2.06088 210601
2.06419 211321
2.0675 212041
2.07081 212761
2.07413 213481
2.07744 214201
2.08075 214921
2.1283 215641
2.13162 216361
2.13493 217081
2.13824 217801
2.14155 218521
2.14818 219241
2.15149 219961
2.1548 220681
2.15811 221401
2.16142 222121
2.16474 222841
2.16805 223561
2.17136 224281
2.17467 225001
2.17798 225721
2.22057 226441
2.22388 227161
2.22719 227881
2.23051 228601
2.23382 229321
2.24044 230041
2.24375 230761
2.24707 231481
2.25038 232201
2.25369 232921
2.257 233641
2.26031 234361
2.26363 235081
2.26694 235801
2.27025 236521
2.31284 237241
2.31615 237961
2.31946 238681
2.32277 239401
2.32609 240121
2.33271 240841
2.33602 241561
2.33933 242281
2.34265 243001
2.34596 243721
2.34927 244441
2.35258 245161
2.35589 245881
2.35921 246601
2.36252 247321
2.36583 248041
2.40676 248761
2.41007 249481
2.41338 250201
2.4167 250921
2.42001 251641
2.42663 252361
2.42994 253081
2.43326 253801
2.43657 254521
2.43988 255241
2.44319 255961
2.4465 256681
2.44982 257401
2.45313 258121
2.45644 258841
2.45975 259561
2.50068 260281
2.50399 261001
2.50731 261721
2.51062 262441
2.51393 263161
2.52055 263881
2.52387 264601
2.52718 265321
2.53049 266041
2.5338 266761
2.53711 267481
2.54043 268201
2.54374 268921
2.54705 269641
2.55036 270361
2.55367 271081
2.59295 271801
2.59626 272521
2.59957 273241
2.60288 273961
2.6062 274681
2.61282 275401
2.61613 276121
2.61944 276841
2.62276 277561
2.62607 278281
2.62938 279001
2.63269 279721
2.636 280441
2.63932 281161
2.64263 281881
2.64594 282601
2.68521 283321
2.68853 284041
2.69184 284761
2.69515 285481
2.69846 286201
2.70509 286921
2.7084 287641
2.71171 288361
2.71502 289081
2.71833 289801
2.72165 290521
2.72496 291241
2.72827 291961
2.73158 292681
2.73489 293401
2.73821 294121
2.74152 294841
2.77914 295561
2.78245 296281
2.78576 297001
2.78907 297721
2.79239 298441
2.79901 299161
2.80232 299881
2.80563 300601
2.80895 301321
2.81226 302041
2.81557 302761
2.81888 303481
2.82219 304201
2.82551 304921
2.82882 305641
2.83213 306361
2.83544 307081
2.87306 307801
2.87637 308521
2.87968 309241
2.883 309961
2.88631 310681
2.89293 311401
2.89624 312121
2.89956 312841
2.90287 313561
2.90618 314281
2.90949 315001
2.9128 315721
2.91612 316441
2.91943 317161
2.92274 317881
2.92605 318601
2.92936 319321
2.96698 320041
2.97029 320761
2.97361 321481
2.97692 322201
2.98023 322921
2.9852 323641
2.98851 324361
2.99182 325081
2.99513 325801
2.99845 326521
3.00176 327241
3.00507 327961
3.00838 328681
3.01169 329401
3.01501 330121
3.01832 330841
3.02163 331561
3.05925 332281
3.06256 333001
3.06587 333721
3.06918 334441
3.0725 335161
3.07746 335881
3.08078 336601
3.08409 337321
3.0874 338041
3.09071 338761
3.09402 339481
3.09734 340201
3.10065 340921
3.10396 341641
3.10727 342361
3.11058 343081
3.1139 343801
3.15151 344521
3.15483 345241
3.15814 345961
3.16145 346681
3.16476 347401
3.16807 348121
3.17139 348841
3.1747 349561
3.17801 350281
3.18132 351001
3.18463 351721
3.18795 352441
3.19126 353161
3.19457 353881
3.19788 354601
3.20119 355321
3.20451 356041
3.20782 356761
3.24544 357481
3.24875 358201
3.25206 358921
3.25537 359641
3.25869 360361
3.262 361081
3.26531 361801
3.26862 362521
3.27193 363241
3.27525 363961
3.27856 364681
3.28187 365401
3.28518 366121
3.28849 366841
3.29181 367561
3.29512 368281
3.29843 369001
3.30174 369721
3.33936 370441
3.34267 371161
3.34598 371881
3.3493 372601
3.35261 373321
3.35592 374041
3.35923 374761
3.36254 375481
3.36586 376201
3.36917 376921
3.37248 377641
3.37579 378361
3.3791 379081
3.38242 379801
3.38573 380521
3.38904 381241
3.39235 381961
3.39566 382681
3.43163 383401
3.43494 384121
3.43825 384841
3.44156 385561
3.44487 386281
3.44819 387001
3.4515 387721
3.45481 388441
3.45812 389161
3.46143 389881
3.46475 390601
3.46806 391321
3.47137 392041
3.47468 392761
3.47799 393481
3.48131 394201
3.48462 394921
3.48793 395641
3.52389 396361
3.5272 397081
3.53052 397801
3.53383 398521
3.53714 399241
3.54045 399961
3.54376 400681
3.54708 401401
3.55039 402121
3.5537 402841
3.55701 403561
3.56032 404281
3.56364 405001
3.56695 405721
3.57026 406441
3.57357 407161
3.57688 407881
3.5802 408601
3.58351 409321
3.61781 410041
3.62113 410761
3.62444 411481
3.62775 412201
3.63106 412921
3.63437 413641
3.63769 414361
3.641 415081
3.64431 415801
3.64762 416521
3.65093 417241
3.65425 417961
3.65756 418681
3.66087 419401
3.66418 420121
3.66749 420841
3.67081 421561
3.67412 422281
3.67743 423001
3.71174 423721
3.71505 424441
3.71836 425161
3.72167 425881
3.72499 426601
3.7283 427321
3.73161 428041
3.73492 428761
3.73823 429481
3.74155 430201
3.74486 430921
3.74817 431641
3.75148 432361
3.75479 433081
3.75811 433801
3.76142 434521
3.76473 435241
3.76804 435961
3.77135 436681
3.804 437401
3.80732 438121
3.81063 438841
3.81394 439561
3.81725 440281
3.82056 441001
3.82388 441721
3.82719 442441
3.8305 443161
3.83381 443881
3.83712 444601
3.84044 445321
3.84375 446041
3.84706 446761
3.85037 447481
3.85368 448201
3.857 448921
3.86031 449641
3.86362 450361
3.89627 451081
3.89958 451801
3.90289 452521
3.90621 453241
3.90952 453961
3.91283 454681
3.91614 455401
3.91945 456121
3.92277 456841
3.92608 457561
3.92939 458281
3.9327 459001
3.93601 459721
3.93933 460441
3.94264 461161
3.94595 461881
3.94926 462601
3.95257 463321
3.95589 464041
3.9592 464761
3.99019 465481
3.9935 466201
3.99682 466921
4.00013 467641
4.00344 468361
4.00675 469081
4.01006 469801
4.01338 470521
4.01669 471241
4.02 471961
4.02331 472681
4.02662 473401
4.02994 474121
4.03325 474841
4.03656 475561
4.03987 476281
4.04318 477001
4.0465 477721
4.04981 478441
4.05312 479161
4.08411 479881
4.08743 480601
4.09074 481321
4.09405 482041
4.09736 482761
4.10067 483481
4.10399 484201
4.1073 484921
4.11061 485641
4.11392 486361
4.11723 487081
4.12055 487801
4.12386 488521
4.12717 489241
4.13048 489961
4.13379 490681
4.13711 491401
4.14042 492121
4.14373 492841
4.14704 493561
4.17804 494281
4.18135 495001
4.18466 495721
4.18797 496441
4.19129 497161
4.1946 497881
4.19791 498601
4.20122 499321
4.20453 500041
4.20785 500761
4.21116 501481
4.21447 502201
4.21778 502921
4.22109 503641
4.22441 504361
4.22772 505081
4.23103 505801
4.23434 506521
4.23765 507241
4.24097 507961
4.2703 508681
4.27362 509401
4.27693 510121
4.28024 510841
4.28355 511561
4.28686 512281
4.29018 513001
4.29349 513721
4.2968 514441
4.30011 515161
4.30342 515881
4.30674 516601
4.31005 517321
4.31336 518041
4.31667 518761
4.31998 519481
4.3233 520201
4.32661 520921
4.32992 521641
4.33323 522361
4.36257 523081
4.36588 523801
4.36919 524521
4.37251 525241
4.37582 525961
4.37913 526681
4.38244 527401
4.38575 528121
4.38907 528841
4.39238 529561
4.39569 530281
4.399 531001
4.40231 531721
4.40563 532441
4.40894 533161
4.41225 533881
4.41556 534601
4.41887 535321
4.42219 536041
4.4255 536761
4.42881 537481
4.45649 538201
4.4598 538921
4.46312 539641
4.46643 540361
4.46974 541081
4.47305 541801
4.47636 542521
4.47968 543241
4.48299 543961
4.4863 544681
4.48961 545401
4.49292 546121
4.49624 546841
4.49955 547561
4.50286 548281
4.50617 549001
4.50948 549721
4.5128 550441
4.51611 551161
4.51942 551881
4.52273 552601
4.55041 553321
4.55373 554041
4.55704 554761
4.56035 555481
4.56366 556201
4.56697 556921
4.57029 557641
4.5736 558361
4.57691 559081
4.58022 559801
4.58353 560521
4.58685 561241
4.59016 561961
4.59347 562681
4.59678 563401
4.60009 564121
4.60341 564841
4.60672 565561
4.61003 566281
4.61334 567001
4.61665 567721
4.64268 568441
4.64599 569161
4.64931 569881
4.65262 570601
4.65593 571321
4.65924 572041
4.66255 572761
4.66587 573481
4.66918 574201
4.67249 574921
4.6758 575641
4.67911 576361
4.68243 577081
4.68574 577801
4.68905 578521
4.69236 579241
4.69567 579961
4.69899 580681
4.7023 581401
4.70561 582121
4.70892 582841
4.73495 583561
4.73826 584281
4.74157 585001
4.74488 585721
4.7482 586441
4.75151 587161
4.75482 587881
4.75813 588601
4.76144 589321
4.76476 590041
4.76807 590761
4.77138 591481
4.77469 592201
4.778 592921
4.78132 593641
4.78463 594361
4.78794 595081
4.79125 595801
4.79456 596521
4.79788 597241
4.80119 597961
4.8045 598681
4.82887 599401
4.83218 600121
4.83549 600841
4.83881 601561
4.84212 602281
4.84543 603001
4.84874 603721
4.85205 604441
4.85537 605161
4.85868 605881
4.86199 606601
4.8653 607321
4.86861 608041
4.87193 608761
4.87524 609481
4.87855 610201
4.88186 610921
4.88517 611641
4.88849 612361
4.8918 613081
4.89511 613801
4.89842 614521
4.92279 615241
4.9261 615961
4.92942 616681
4.93273 617401
4.93604 618121
4.93935 618841
4.94266 619561
4.94598 620281
4.94929 621001
4.9526 621721
4.95591 622441
4.95922 623161
4.96254 623881
4.96585 624601
4.96916 625321
4.97247 626041
4.97578 626761
4.9791 627481
4.98241 628201
4.98572 628921
4.98903 629641
4.99234 630361
5.01506 631081
5.01837 631801
5.02168 632521
5.02499 633241
5.02831 633961
5.03162 634681
5.03493 635401
5.03824 636121
5.04155 636841
5.04487 637561
5.04818 638281
5.05149 639001
5.0548 639721
5.05811 640441
5.06143 641161
5.06474 641881
5.06805 642601
5.07136 643321
5.07467 644041
5.07799 644761
5.0813 645481
5.08461 646201
5.10733 646921
5.11064 647641
5.11395 648361
5.11726 649081
5.12057 649801
5.12389 650521
5.1272 651241
5.13051 651961
5.13382 652681
5.13713 653401
5.14045 654121
5.14376 654841
5.14707 655561
5.15038 656281
5.15369 657001
5.15701 657721
5.16032 658441
5.16363 659161
5.16694 659881
5.17025 660601
5.17357 661321
5.17688 662041
5.19959 662761
5.2029 663481
5.20622 664201
5.20953 664921
5.21284 665641
5.21615 666361
5.21946 667081
5.22278 667801
5.22609 668521
5.2294 669241
5.23271 669961
5.23602 670681
5.23934 671401
5.24265 672121
5.24596 672841
5.24927 673561
5.25258 674281
5.2559 675001
5.25921 675721
5.26252 676441
5.26583 677161
5.26914 677881
5.27246 678601
5.29351 679321
5.29683 680041
5.30014 680761
5.30345 681481
5.30676 682201
5.31007 682921
5.31339 683641
5.3167 684361
5.32001 685081
5.32332 685801
5.32663 686521
5.32995 687241
5.33326 687961
5.33657 688681
5.33988 689401
5.34319 690121
5.34651 690841
5.34982 691561
5.35313 692281
5.35644 693001
5.35975 693721
5.36307 694441
5.36638 695161
5.38744 695881
5.39075 696601
5.39406 697321
5.39737 698041
5.40068 698761
5.404 699481
5.40731 700201
5.41062 700921
5.41393 701641
5.41724 702361
5.42056 703081
5.42387 703801
5.42718 704521
5.43049 705241
5.4338 705961
5.43712 706681
5.44043 707401
5.44374 708121
5.44705 708841
5.45036 709561
5.45368 710281
5.45699 711001
5.4603 711721
5.4797 712441
5.48301 713161
5.48633 713881
5.48964 714601
5.49295 715321
5.49626 716041
5.49957 716761
5.50289 717481
5.5062 718201
5.50951 718921
5.51282 719641
5.51613 720361
5.51945 721081
5.52276 721801
5.52607 722521
5.52938 723241
5.53269 723961
5.53601 724681
5.53932 725401
5.54263 726121
5.54594 726841
5.54925 727561
5.55257 728281
5.57197 729001
5.57528 729721
5.57859 730441
5.58191 731161
5.58522 731881
5.58853 732601
5.59184 733321
5.59515 734041
5.59847 734761
5.60178 735481
5.60509 736201
5.6084 736921
5.61171 737641
5.61503 738361
5.61834 739081
5.62165 739801
5.62496 740521
5.62827 741241
5.63159 741961
5.6349 742681
5.63821 743401
5.64152 744121
5.64483 744841
5.64815 745561
5.66589 746281
5.6692 747001
5.67252 747721
5.67583 748441
5.67914 749161
5.68245 749881
5.68576 750601
5.68908 751321
5.69239 752041
5.6957 752761
5.69901 753481
5.70232 754201
5.70564 754921
5.70895 755641
5.71226 756361
5.71557 757081
5.71888 757801
5.7222 758521
5.72551 759241
5.72882 759961
5.73213 760681
5.73544 761401
5.73876 762121
5.74207 762841
5.75981 763561
5.76313 764281
5.76644 765001
5.76975 765721
5.77306 766441
5.77637 767161
5.77969 767881
5.783 768601
5.78631 769321
5.78962 770041
5.79293 770761
5.79625 771481
5.79956 772201
5.80287 772921
5.80618 773641
5.80949 774361
5.81281 775081
5.81612 775801
5.81943 776521
5.82274 777241
5.82605 777961
5.82937 778681
5.83268 779401
5.83599 780121
5.85208 780841
5.85539 781561
5.8587 782281
5.86202 783001
5.86533 783721
5.86864 784441
5.87195 785161
5.87526 785881
5.87858 786601
5.88189 787321
5.8852 788041
5.88851 788761
5.89182 789481
5.89514 790201
5.89845 790921
5.90176 791641
5.90507 792361
5.90838 793081
5.9117 793801
5.91501 794521
5.91832 795241
5.92163 795961
5.92494 796681
5.92826 797401
5.94435 798121
5.94766 798841
5.95097 799561
5.95428 800281
5.95759 801001
5.96091 801721
5.96422 802441
5.96753 803161
5.97084 803881
5.97415 804601
5.97747 805321
5.98078 806041
5.98409 806761
5.9874 807481
5.99071 808201
5.99403 808921
5.99734 809641
6.00065 810361
6.00396 811081
6.00727 811801
6.01059 812521
6.0139 813241
6.01721 813961
6.02052 814681
6.02383 815401
6.03827 816121
6.04158 816841
6.04489 817561
6.04821 818281
6.05152 819001
6.05483 819721
6.05814 820441
6.06145 821161
6.06477 821881
6.06808 822601
6.07139 823321
6.0747 824041
6.07801 824761
6.08133 825481
6.08464 826201
6.08795 826921
6.09126 827641
6.09457 828361
6.09789 829081
6.1012 829801
6.10451 830521
6.10782 831241
6.11113 831961
6.11445 832681
6.11776 833401
6.13219 834121
6.1355 834841
6.13882 835561
6.14213 836281
6.14544 837001
6.14875 837721
6.15206 838441
6.15538 839161
6.15869 839881
6.162 840601
6.16531 841321
6.16862 842041
6.17194 842761
6.17525 843481
6.17856 844201
6.18187 844921
6.18518 845641
6.1885 846361
6.19181 847081
6.19512 847801
6.19843 848521
6.20174 849241
6.20506 849961
6.20837 850681
6.21168 851401
6.22611 852121
6.22943 852841
6.23274 853561
6.23605 854281
6.23936 855001
6.24267 855721
6.24599 856441
6.2493 857161
6.25261 857881
6.25592 858601
6.25923 859321
6.26255 860041
6.26586 860761
6.26917 861481
6.27248 862201
6.27579 862921
6.27911 863641
6.28242 864361
6.28573 865081
6.28904 865801
6.29235 866521
6.29567 867241
6.29898 867961
6.30229 868681
6.3056 869401
6.31838 870121
6.32169 870841
6.325 871561
6.32832 872281
6.33163 873001
6.33494 873721
6.33825 874441
6.34156 875161
6.34488 875881
6.34819 876601
6.3515 877321
6.35481 878041
6.35812 878761
6.36144 879481
6.36475 880201
6.36806 880921
6.37137 881641
6.37468 882361
6.378 883081
6.38131 883801
6.38462 884521
6.38793 885241
6.39124 885961
6.39456 886681
6.39787 887401
6.41065 888121
6.41396 888841
6.41727 889561
6.42058 890281
6.42389 891001
6.42721 891721
6.43052 892441
6.43383 893161
6.43714 893881
6.44045 894601
6.44377 895321
6.44708 896041
6.45039 896761
6.4537 897481
6.45701 898201
6.46033 898921
6.46364 899641
6.46695 900361
6.47026 901081
6.47357 901801
6.47689 902521
6.4802 903241
6.48351 903961
6.48682 904681
6.49013 905401
6.49345 906121
6.50457 906841
6.50958 907201
6.60681 926641
6.65152 927361
6.65483 928081
6.65815 928801
6.66146 929521
6.66477 930241
6.66808 930961
6.67139 931681
6.67471 932401
6.67802 933121
6.68914 933841
6.69415 934561
6.69746 935281
6.74379 936001
6.7471 936721
6.75041 937441
6.75372 938161
6.75704 938881
6.76035 939601
6.76366 940321
6.76697 941041
6.77028 941761
6.78141 942481
6.78641 943201
6.78973 943921
6.83605 944641
6.83937 945361
6.84268 946081
6.84599 946801
6.8493 947521
6.85261 948241
6.85593 948961
6.85924 949681
6.86255 950401
6.87367 951121
6.87868 951841
6.88199 952561
6.92832 953281
6.93163 954001
6.93494 954721
6.93826 955441
6.94157 956161
6.94488 956881
6.94819 957601
6.9515 958321
6.95482 959041
6.95813 959761
6.9676 960481
6.9726 961201
6.97591 961921
7.02224 962641
7.02556 963361
7.02887 964081
7.03218 964801
7.03549 965521
7.0388 966241
7.04212 966961
7.04543 967681
7.04874 968401
7.05205 969121
7.06152 969841
7.06652 970561
7.06984 971281
7.11617 972001
7.11948 972721
7.12279 973441
7.1261 974161
7.12941 974881
7.13273 975601
7.13604 976321
7.13935 977041
7.14266 977761
7.14597 978481
7.15378 979201
7.15879 979921
7.1621 980641
7.20843 981361
7.21174 982081
7.21506 982801
7.21837 983521
7.22168 984241
7.22499 984961
7.2283 985681
7.23162 986401
7.23493 987121
7.23824 987841
7.24605 988561
7.25106 989281
7.25437 990001
7.3007 990721
7.30401 991441
7.30732 992161
7.31063 992881
7.31395 993601
7.31726 994321
7.32057 995041
7.32388 995761
7.32719 996481
7.33051 997201
7.33382 997921
7.33997 998641
7.34498 999361
7.34829 1000081
7.39462 1000801
7.39793 1001521
7.40124 1002241
7.40456 1002961
7.40787 1003681
7.41118 1004401
7.41449 1005121
7.4178 1005841
7.42112 1006561
7.42443 1007281
7.42774 1008001
7.4339 1008721
7.4389 1009441
7.44221 1010161
7.48854 1010881
7.49186 1011601
7.49517 1012321
7.49848 1013041
7.50179 1013761
7.5051 1014481
7.50842 1015201
7.51173 1015921
7.51504 1016641
7.51835 1017361
7.52166 1018081
7.52616 1018801
7.53117 1019521
7.53448 1020241
7.58081 1020961
7.58412 1021681
7.58743 1022401
7.59075 1023121
7.59406 1023841
7.59737 1024561
7.60068 1025281
7.60399 1026001
7.60731 1026721
7.61062 1027441
7.61393 1028161
7.61843 1028881
7.62343 1029601
7.62675 1030321
7.67308 1031041
7.67639 1031761
7.6797 1032481
7.68301 1033201
7.68632 1033921
7.68964 1034641
7.69295 1035361
7.69626 1036081
7.69957 1036801
7.70288 1037521
7.7062 1038241
7.71069 1038961
7.7157 1039681
7.71901 1040401
7.72232 1041121
7.767 1041841
7.77031 1042561
7.77362 1043281
7.77693 1044001
7.78025 1044721
7.78356 1045441
7.78687 1046161
7.79018 1046881
7.79349 1047601
7.79681 1048321
7.80012 1049041
7.80462 1049761
7.80962 1050481
7.81294 1051201
7.81625 1051921
7.86092 1052641
7.86423 1053361
7.86754 1054081
7.87086 1054801
7.87417 1055521
7.87748 1056241
7.88079 1056961
7.8841 1057681
7.88742 1058401
7.89073 1059121
7.89404 1059841
7.89854 1060561
7.90355 1061281
7.90686 1062001
7.91017 1062721
7.95484 1063441
7.95816 1064161
7.96147 1064881
7.96478 1065601
7.96809 1066321
7.9714 1067041
7.97472 1067761
7.97803 1068481
7.98134 1069201
7.98465 1069921
7.98796 1070641
7.99128 1071361
7.99581 1072081
7.99912 1072801
8.00244 1073521
8.04711 1074241
8.05042 1074961
8.05373 1075681
8.05705 1076401
8.06036 1077121
8.06367 1077841
8.06698 1078561
8.07029 1079281
8.07361 1080001
8.07692 1080721
8.08023 1081441
8.08354 1082161
8.08808 1082881
8.09139 1083601
8.0947 1084321
8.13938 1085041
8.14269 1085761
8.146 1086481
8.14931 1087201
8.15262 1087921
8.15594 1088641
8.15925 1089361
8.16256 1090081
8.16587 1090801
8.16918 1091521
8.1725 1092241
8.17581 1092961
8.17912 1093681
8.18243 1094401
8.18574 1095121
8.18906 1095841
8.2333 1096561
8.23661 1097281
8.23992 1098001
8.24323 1098721
8.24655 1099441
8.24986 1100161
8.25317 1100881
8.25648 1101601
8.25979 1102321
8.26311 1103041
8.26642 1103761
8.26973 1104481
8.27304 1105201
8.27635 1105921
8.27967 1106641
8.28298 1107361
8.32722 1108081
8.33053 1108801
8.33384 1109521
8.33716 1110241
8.34047 1110961
8.34378 1111681
8.34709 1112401
8.3504 1113121
8.35372 1113841
8.35703 1114561
8.36034 1115281
8.36365 1116001
8.36696 1116721
8.37028 1117441
8.37359 1118161
8.3769 1118881
8.41949 1119601
8.4228 1120321
8.42611 1121041
8.42942 1121761
8.43274 1122481
8.43605 1123201
8.43936 1123921
8.44267 1124641
8.44598 1125361
8.4493 1126081
8.45261 1126801
8.45592 1127521
8.45923 1128241
8.46254 1128961
8.46586 1129681
8.46917 1130401
8.51175 1131121
8.51507 1131841
8.51838 1132561
8.52169 1133281
8.525 1134001
8.52831 1134721
8.53163 1135441
8.53494 1136161
8.53825 1136881
8.54156 1137601
8.54487 1138321
8.54819 1139041
8.5515 1139761
8.55481 1140481
8.55812 1141201
8.56143 1141921
8.56475 1142641
8.60568 1143361
8.60899 1144081
8.6123 1144801
8.61561 1145521
8.61892 1146241
8.62224 1146961
8.62555 1147681
8.62886 1148401
8.63217 1149121
8.63548 1149841
8.6388 1150561
8.64211 1151281
8.64542 1152001
8.64873 1152721
8.65204 1153441
8.65536 1154161
8.65867 1154881
8.6996 1155601
8.70291 1156321
8.70622 1157041
8.70953 1157761
8.71285 1158481
8.71616 1159201
8.71947 1159921
8.72278 1160641
8.72609 1161361
8.72941 1162081
8.73272 1162801
8.73603 1163521
8.73934 1164241
8.74265 1164961
8.74597 1165681
8.74928 1166401
8.75259 1167121
8.79186 1167841
8.79518 1168561
8.79849 1169281
8.8018 1170001
8.80511 1170721
8.80842 1171441
8.81174 1172161
8.81505 1172881
8.81836 1173601
8.82167 1174321
8.82498 1175041
8.8283 1175761
8.83161 1176481
8.83492 1177201
8.83823 1177921
8.84154 1178641
8.84486 1179361
8.88413 1180081
8.88744 1180801
8.89076 1181521
8.89407 1182241
8.89738 1182961
8.90069 1183681
8.904 1184401
8.90732 1185121
8.91063 1185841
8.91394 1186561
8.91725 1187281
8.92056 1188001
8.92388 1188721
8.92719 1189441
8.9305 1190161
8.93381 1190881
8.93712 1191601
8.94044 1192321
8.97805 1193041
8.98137 1193761
8.98468 1194481
8.98799 1195201
8.9913 1195921
8.99461 1196641
8.99793 1197361
9.00124 1198081
9.00455 1198801
9.00786 1199521
9.01117 1200241
9.01449 1200961
9.0178 1201681
9.02111 1202401
9.02442 1203121
9.02773 1203841
9.03105 1204561
9.03436 1205281
9.07198 1206001
9.07529 1206721
9.0786 1207441
9.08191 1208161
9.08522 1208881
9.08854 1209601
9.09185 1210321
9.09516 1211041
9.09847 1211761
9.10178 1212481
9.1051 1213201
9.10841 1213921
9.11172 1214641
9.11503 1215361
9.11834 1216081
9.12166 1216801
9.12497 1217521
9.12828 1218241
9.1659 1218961
9.16921 1219681
9.17252 1220401
9.17583 1221121
9.17915 1221841
9.18246 1222561
9.18577 1223281
9.18908 1224001
9.19239 1224721
9.19571 1225441
9.19902 1226161
9.20233 1226881
9.20564 1227601
9.20895 1228321
9.21227 1229041
9.21558 1229761
9.21889 1230481
9.2222 1231201
9.25816 1231921
9.26148 1232641
9.26479 1233361
9.2681 1234081
9.27141 1234801
9.27472 1235521
9.27804 1236241
9.28135 1236961
9.28466 1237681
9.28797 1238401
9.29128 1239121
9.2946 1239841
9.29791 1240561
9.30122 1241281
9.30453 1242001
9.30784 1242721
9.31116 1243441
9.31447 1244161
9.35043 1244881
9.35374 1245601
9.35706 1246321
9.36037 1247041
9.36368 1247761
9.36699 1248481
9.3703 1249201
9.37362 1249921
9.37693 1250641
9.38024 1251361
9.38355 1252081
9.38686 1252801
9.39018 1253521
9.39349 1254241
9.3968 1254961
9.40011 1255681
9.40342 1256401
9.40674 1257121
9.41005 1257841
9.44435 1258561
9.44767 1259281
9.45098 1260001
9.45429 1260721
9.4576 1261441
9.46091 1262161
9.46423 1262881
9.46754 1263601
9.47085 1264321
9.47416 1265041
9.47747 1265761
9.48079 1266481
9.4841 1267201
9.48741 1267921
9.49072 1268641
9.49403 1269361
9.49735 1270081
9.50066 1270801
9.50397 1271521
9.53828 1272241
9.54159 1272961
9.5449 1273681
9.54821 1274401
9.55152 1275121
9.55484 1275841
9.55815 1276561
9.56146 1277281
9.56477 1278001
9.56808 1278721
9.5714 1279441
9.57471 1280161
9.57802 1280881
9.58133 1281601
9.58464 1282321
9.58796 1283041
9.59127 1283761
9.59458 1284481
9.59789 1285201
9.63054 1285921
9.63385 1286641
9.63717 1287361
9.64048 1288081
9.64379 1288801
9.6471 1289521
9.65041 1290241
9.65373 1290961
9.65704 1291681
9.66035 1292401
9.66366 1293121
9.66697 1293841
9.67029 1294561
9.6736 1295281
9.67691 1296001
9.68022 1296721
9.68353 1297441
9.68685 1298161
9.69016 1298881
9.72281 1299601
9.72612 1300321
9.72943 1301041
9.73274 1301761
9.73606 1302481
9.73937 1303201
9.74268 1303921
9.74599 1304641
9.7493 1305361
9.75262 1306081
9.75593 1306801
9.75924 1307521
9.76255 1308241
9.76586 1308961
9.76918 1309681
9.77249 1310401
9.7758 1311121
9.77911 1311841
9.78242 1312561
9.78574 1313281
9.81673 1314001
9.82004 1314721
9.82336 1315441
9.82667 1316161
9.82998 1316881
9.83329 1317601
9.8366 1318321
9.83992 1319041
9.84323 1319761
9.84654 1320481
9.84985 1321201
9.85316 1321921
9.85648 1322641
9.85979 1323361
9.8631 1324081
9.86641 1324801
9.86972 1325521
9.87304 1326241
9.87635 1326961
9.87966 1327681
9.91065 1328401
9.91397 1329121
9.91728 1329841
9.92059 1330561
9.9239 1331281
9.92721 1332001
9.93053 1332721
9.93384 1333441
9.93715 1334161
9.94046 1334881
9.94377 1335601
9.94709 1336321
9.9504 1337041
9.95371 1337761
9.95702 1338481
9.96033 1339201
9.96365 1339921
9.96696 1340641
9.97027 1341361
9.97358 1342081
10.0029 1342801
10.0062 1343521
10.0095 1344241
10.0129 1344961
10.0162 1345681
10.0195 1346401
10.0228 1347121
10.0261 1347841
10.0294 1348561
10.0327 1349281
10.036 1350001
10.0394 1350721
10.0427 1351441
10.046 1352161
10.0493 1352881
10.0526 1353601
10.0559 1354321
10.0592 1355041
10.0625 1355761
10.0658 1356481
10.0952 1357201
10.0985 1357921
10.1018 1358641
10.1051 1359361
10.1084 1360081
10.1117 1360801
10.1151 1361521
10.1184 1362241
10.1217 1362961
10.125 1363681
10.1283 1364401
10.1316 1365121
10.1349 1365841
10.1382 1366561
10.1416 1367281
10.1449 1368001
10.1482 1368721
10.1515 1369441
10.1548 1370161
10.1581 1370881
10.1875 1371601
10.1908 1372321
10.1941 1373041
10.1974 1373761
10.2007 1374481
10.204 1375201
10.2073 1375921
10.2106 1376641
10.2139 1377361
10.2173 1378081
10.2206 1378801
10.2239 1379521
10.2272 1380241
10.2305 1380961
10.2338 1381681
10.2371 1382401
10.2404 1383121
10.2438 1383841
10.2471 1384561
10.2504 1385281
10.2537 1386001
10.2814 1386721
10.2847 1387441
10.288 1388161
10.2913 1388881
10.2946 1389601
10.2979 1390321
10.3012 1391041
10.3046 1391761
10.3079 1392481
10.3112 1393201
10.3145 1393921
10.3178 1394641
10.3211 1395361
10.3244 1396081
10.3277 1396801
10.3311 1397521
10.3344 1398241
10.3377 1398961
10.341 1399681
10.3443 1400401
10.3476 1401121
10.3753 1401841
10.3786 1402561
10.3819 1403281
10.3852 1404001
10.3885 1404721
10.3919 1405441
10.3952 1406161
10.3985 1406881
10.4018 1407601
10.4051 1408321
10.4084 1409041
10.4117 1409761
10.415 1410481
10.4184 1411201
10.4217 1411921
10.425 1412641
10.4283 1413361
10.5272 1429561
10.5897 1430281
10.593 1431001
10.5963 1431721
10.5996 1432441
10.6029 1433161
10.6062 1433881
10.6095 1434601
10.6129 1435321
10.6162 1436041
10.6195 1436761
10.6836 1437481
10.6902 1438921
10.6935 1439641
10.6968 1440361
10.7002 1441081
10.7035 1441801
10.7068 1442521
10.7101 1443241
10.7134 1443961
10.7775 1444681
10.7825 1445401
10.7858 1446121
10.7891 1446841
10.7924 1447561
10.7957 1448281
10.799 1449001
10.8024 1449721
10.8057 1450441
10.809 1451161
10.8698 1451881
10.8748 1452601
10.8781 1453321
10.8814 1454041
10.8847 1454761
10.888 1455481
10.8913 1456201
10.8946 1456921
10.8979 1457641
10.9013 1458361
10.9621 1459081
10.967 1459801
10.9703 1460521
10.9736 1461241
10.977 1461961
10.9803 1462681
10.9836 1463401
10.9869 1464121
10.9902 1464841
10.9935 1465561
10.9968 1466281
11.056 1467001
11.0609 1467721
11.0643 1468441
11.0676 1469161
11.0709 1469881
11.0742 1470601
11.0775 1471321
11.0808 1472041
11.0841 1472761
11.0874 1473481
11.0908 1474201
11.1499 1474921
11.1549 1475641
11.1582 1476361
11.1615 1477081
11.1648 1477801
11.1681 1478521
11.1714 1479241
11.1747 1479961
11.1781 1480681
11.1814 1481401
11.1847 1482121
11.2422 1482841
11.2471 1483561
11.2504 1484281
11.2538 1485001
11.2571 1485721
11.2604 1486441
11.2637 1487161
11.267 1487881
11.2703 1488601
11.2736 1489321
11.2769 1490041
11.3344 1490761
11.3394 1491481
11.3427 1492201
11.346 1492921
11.3493 1493641
11.3526 1494361
11.356 1495081
11.3593 1495801
11.3626 1496521
11.3659 1497241
11.3692 1497961
11.3725 1498681
11.4284 1499401
11.4333 1500121
11.4366 1500841
11.4399 1501561
11.4433 1502281
11.4466 1503001
11.4499 1503721
11.4532 1504441
11.4565 1505161
11.4598 1505881
11.4631 1506601
11.4664 1507321
11.5223 1508041
11.5272 1508761
11.5306 1509481
11.5339 1510201
11.5372 1510921
11.5405 1511641
11.5438 1512361
11.5471 1513081
11.5504 1513801
11.5537 1514521
11.5571 1515241
11.5604 1515961
11.6145 1516681
11.6195 1517401
11.6228 1518121
11.6261 1518841
11.6294 1519561
11.6328 1520281
11.6361 1521001
11.6394 1521721
11.6427 1522441
11.646 1523161
11.6493 1523881
11.6526 1524601
11.7068 1525321
11.7118 1526041
11.7151 1526761
11.7184 1527481
11.7217 1528201
11.725 1528921
11.7283 1529641
11.7316 1530361
11.735 1531081
11.7383 1531801
11.7416 1532521
11.7449 1533241
11.7991 1533961
11.8024 1534681
11.8057 1535401
11.809 1536121
11.8123 1536841
11.8156 1537561
11.8189 1538281
11.8223 1539001
11.8256 1539721
11.8289 1540441
11.8322 1541161
11.8355 1541881
11.8388 1542601
11.893 1543321
11.8963 1544041
11.8996 1544761
11.9029 1545481
11.9062 1546201
11.9096 1546921
11.9129 1547641
11.9162 1548361
11.9195 1549081
11.9228 1549801
11.9261 1550521
11.9294 1551241
11.9327 1551961
11.9869 1552681
11.9902 1553401
11.9935 1554121
11.9969 1554841
12.0002 1555561
12.0035 1556281
12.0068 1557001
12.0101 1557721
12.0134 1558441
12.0167 1559161
12.02 1559881
12.0234 1560601
12.0267 1561321
12.0792 1562041
12.0825 1562761
12.0858 1563481
12.0891 1564201
12.0924 1564921
12.0957 1565641
12.0991 1566361
12.1024 1567081
12.1057 1567801
12.109 1568521
12.1123 1569241
12.1156 1569961
12.1189 1570681
12.1715 1571401
12.1748 1572121
12.1781 1572841
12.1814 1573561
12.1847 1574281
12.188 1575001
12.1913 1575721
12.1946 1576441
12.1979 1577161
12.2013 1577881
12.2046 1578601
12.2079 1579321
12.2112 1580041
12.2145 1580761
12.2654 1581481
12.2687 1582201
12.272 1582921
12.2753 1583641
12.2786 1584361
12.2819 1585081
12.2852 1585801
12.2886 1586521
12.2919 1587241
12.2952 1587961
12.2985 1588681
12.3018 1589401
12.3051 1590121
12.3084 1590841
12.3593 1591561
12.3626 1592281
12.3659 1593001
12.3692 1593721
12.3725 1594441
12.3759 1595161
12.3792 1595881
12.3825 1596601
12.3858 1597321
12.3891 1598041
12.3924 1598761
12.3957 1599481
12.399 1600201
12.4024 1600921
12.4516 1601641
12.4549 1602361
12.4582 1603081
12.4615 1603801
12.4648 1604521
12.4681 1605241
12.4714 1605961
12.4747 1606681
12.4781 1607401
12.4814 1608121
12.4847 1608841
12.488 1609561
12.4913 1610281
12.4946 1611001
12.5438 1611721
12.5471 1612441
12.5505 1613161
12.5538 1613881
12.5571 1614601
12.5604 1615321
12.5637 1616041
12.567 1616761
12.5703 1617481
12.5736 1618201
12.577 1618921
12.5803 1619641
12.5836 1620361
12.5869 1621081
12.5902 1621801
12.6378 1622521
12.6411 1623241
12.6444 1623961
12.6477 1624681
12.651 1625401
12.6543 1626121
12.6576 1626841
12.6609 1627561
12.6642 1628281
12.6676 1629001
12.6709 1629721
12.6742 1630441
12.6775 1631161
12.6808 1631881
12.6841 1632601
12.7317 1633321
12.735 1634041
12.7383 1634761
12.7416 1635481
12.7449 1636201
12.7482 1636921
12.7515 1637641
12.7549 1638361
12.7582 1639081
12.7615 1639801
12.7648 1640521
12.7681 1641241
12.7714 1641961
12.7747 1642681
12.778 1643401
12.8239 1644121
12.8273 1644841
12.8306 1645561
12.8339 1646281
12.8372 1647001
12.8405 1647721
12.8438 1648441
12.8471 1649161
12.8504 1649881
12.8538 1650601
12.8571 1651321
12.8604 1652041
12.8637 1652761
12.867 1653481
12.8703 1654201
12.9162 1654921
12.9195 1655641
12.9228 1656361
12.9261 1657081
12.9295 1657801
12.9328 1658521
12.9361 1659241
12.9394 1659961
12.9427 1660681
12.946 1661401
12.9493 1662121
12.9526 1662841
12.956 1663561
12.9593 1664281
12.9626 1665001
13.0085 1665721
13.0118 1666441
13.0151 1667161
13.0184 1667881
13.0217 1668601
13.025 1669321
13.0283 1670041
13.0317 1670761
13.035 1671481
13.0383 1672201
13.0416 1672921
13.0449 1673641
13.0482 1674361
13.0515 1675081
13.0548 1675801
13.0582 1676521
13.1024 1677241
13.1057 1677961
13.109 1678681
13.1123 1679401
13.1156 1680121
13.119 1680841
13.1223 1681561
13.1256 1682281
13.1289 1683001
13.1322 1683721
13.1355 1684441
13.1388 1685161
13.1421 1685882
