0.0 0
0.0905768 360
0.0905768 360
0.182886 720
0.276809 1080
0.370731 1440
0.462998 1800
0.46631 2160
0.55692 2520
0.560232 2880
0.563544 3240
0.650842 3600
0.654154 3960
0.657466 4320
0.660778 4680
0.743109 5040
0.746421 5400
0.749733 5760
0.753045 6120
0.756357 6480
0.759669 6840
0.835375 7200
0.838687 7560
0.841999 7920
0.845311 8280
0.848623 8640
0.851935 9000
0.855247 9360
0.858559 9720
0.861871 10080
0.927642 10440
0.930954 10800
0.934266 11160
0.937578 11520
0.94089 11880
0.944202 12240
0.947514 12600
0.950826 12960
0.954138 13320
0.95745 13680
0.960762 14040
0.964074 14400
0.967386 14760
0.970698 15120
1.02156 15480
1.02488 15840
1.02819 16200
1.0315 16560
1.03481 16920
1.03812 17280
1.04144 17640
1.04475 18000
1.04806 18360
1.05137 18720
1.05468 19080
1.058 19440
1.06131 19800
1.06462 20160
1.06793 20520
1.07124 20880
1.07456 21240
1.07787 21600
1.08118 21960
1.08449 22320
1.0878 22680
1.11549 23040
1.1188 23400
1.12211 23760
1.12542 24120
1.12873 24480
1.13205 24840
1.13536 25200
1.13867 25560
1.14198 25920
1.14529 26280
1.14861 26640
1.15192 27000
1.15523 27360
1.15854 27720
1.16185 28080
1.16517 28440
1.16848 28800
1.17179 29160
1.1751 29520
1.17841 29880
1.18173 30240
1.18504 30600
1.18835 30960
1.19166 31320
1.19497 31680
1.19829 32040
1.2016 32400
1.20491 32760
1.20822 33120
1.21153 33480
1.21485 33840
1.21816 34200
1.22147 34560
1.22478 34920
1.22809 35280
1.23141 35640
1.23472 36000
1.23803 36360
1.24134 36720
1.24465 37080
1.24797 37440
1.25128 37800
1.25459 38160
1.2579 38520
1.26121 38880
1.26453 39240
1.26784 39600
1.27115 39960
1.27446 40320
1.27777 40680
1.28109 41040
1.2844 41400
1.28771 41760
1.29102 42120
1.29433 42480
1.29765 42840
1.30096 43200
1.30427 43560
1.30758 43920
1.31089 44280
1.31421 44640
1.31752 45000
1.32083 45360
1.32414 45720
1.32745 46080
1.33077 46440
1.33408 46800
1.33739 47160
1.3407 47520
1.34401 47880
1.34733 48240
1.35064 48600
1.35395 48960
1.35726 49320
1.36057 49680
1.36389 50040
1.3672 50400
1.37051 50760
1.37382 51120
1.37713 51480
1.38045 51840
1.38376 52200
1.38707 52560
1.39038 52920
1.39369 53280
1.39701 53640
1.40032 54000
1.40363 54360
1.40694 54720
1.41025 55080
1.41357 55440
1.41688 55800
1.42019 56160
1.4235 56520
1.42681 56880
1.43013 57240
1.43344 57600
1.43675 57960
1.44006 58320
1.44337 58680
1.44669 59040
1.45 59400
1.45331 59760
1.45662 60120
1.45993 60480
1.46325 60840
1.46656 61200
1.46987 61560
1.47318 61920
1.47649 62280
1.47981 62640
1.48312 63000
1.48643 63360
1.48974 63720
1.49305 64080
1.49637 64440
1.49968 64800
1.50299 65160
1.5063 65520
1.50961 65880
1.51293 66240
1.51624 66600
1.51955 66960
1.52286 67320
1.52617 67680
1.52949 68040
1.5328 68400
1.53611 68760
1.53942 69120
1.54273 69480
1.54605 69840
1.54936 70200
1.55267 70560
1.55598 70920
1.55929 71280
1.56261 71640
1.56592 72000
1.56923 72360
1.57254 72720
1.57585 73080
1.57917 73440
1.58248 73800
1.58579 74160
1.5891 74520
1.59241 74880
1.59573 75240
1.59904 75600
1.60235 75960
1.60566 76320
1.60897 76680
1.61229 77040
1.6156 77400
1.61891 77760
1.62222 78120
1.62553 78480
1.62885 78840
1.63216 79200
1.63547 79560
1.63878 79920
1.64209 80280
1.64541 80640
1.64872 81000
1.65203 81360
1.65534 81720
1.65865 82080
1.66197 82440
1.66528 82800
1.66859 83160
1.6719 83520
1.67521 83880
1.67853 84240
1.68184 84600
1.68515 84960
1.68846 85320
1.69177 85680
1.69509 86040
1.6984 86400
1.70171 86760
1.70502 87120
1.70833 87480
1.71165 87840
1.71496 88200
1.71827 88560
1.72158 88920
1.72489 89280
1.72821 89640
1.73152 90000
1.73483 90360
1.73814 90720
1.74145 91080
1.74477 91440
1.74808 91800
1.75139 92160
1.7547 92520
1.75801 92880
1.76133 93240
1.76464 93600
1.76795 93960
1.77126 94320
1.77457 94680
1.77789 95040
1.7812 95400
1.78451 95760
1.78782 96120
1.79113 96480
1.79445 96840
1.7978 97200
1.80111 97200
1.80111 48240
2.4585 48242
2.46181 48244
2.46513 48246
2.46844 48248
2.47175 48250
2.47506 48252
2.47837 48254
2.48169 48256
2.485 48258
2.48831 48260
2.49162 48262
2.49493 48264
2.49825 48266
2.50321 48268
2.50653 48270
2.50984 48272
2.51315 48274
2.51646 48276
2.51977 48278
2.52309 48280
2.5264 48282
2.52971 48284
2.53302 48286
2.53633 48288
2.53965 48290
2.54296 48292
2.54627 48294
2.54958 48296
2.55289 48298
2.55621 48300
2.55952 48302
2.56283 48304
2.56614 48306
2.56945 48308
2.57277 48310
2.57608 48312
2.57939 48314
2.5827 48316
2.58601 48318
2.58933 48320
2.59429 48322
2.59761 48324
2.60092 48326
2.60423 48328
2.60754 48330
2.61085 48332
2.61417 48334
2.61748 48336
2.62079 48338
2.6241 48340
2.62741 48342
2.63073 48344
2.63404 48346
2.63735 48348
2.64066 48350
2.64397 48352
2.64729 48354
2.6506 48356
2.65391 48358
2.65722 48360
2.66053 48362
2.66385 48364
2.66716 48366
2.67047 48368
2.67378 48370
2.67709 48372
2.68041 48374
2.68372 48376
2.68703 48378
2.69034 48380
2.69365 48382
2.69697 48384
2.70028 48386
2.70359 48388
2.7069 48390
2.71021 48392
2.71353 48394
2.71684 48396
2.72015 48398
2.72346 48400
2.72677 48402
2.73009 48404
2.7334 48406
2.73671 48408
2.74002 48410
2.74333 48412
2.74665 48414
2.74996 48416
2.75327 48418
2.75658 48420
2.75989 48422
2.76321 48424
2.76652 48426
2.76983 48428
2.77314 48430
2.77645 48432
2.77977 48434
2.78308 48436
2.78639 48438
2.7897 48440
2.79301 48442
2.79633 48444
2.79964 48446
2.80295 48448
2.80626 48450
2.80957 48452
2.81289 48454
2.8162 48456
2.81951 48458
2.82282 48460
2.82613 48462
2.82945 48464
2.83276 48466
2.83607 48468
2.83938 48470
2.84269 48472
2.84601 48474
2.84932 48476
2.85263 48478
2.85594 48480
2.85925 48482
2.86257 48484
2.86588 48486
2.86919 48488
2.8725 48490
2.87581 48492
2.87913 48494
2.88244 48496
2.88575 48498
2.88906 48500
2.89237 48502
2.89569 48504
2.899 48506
2.90231 48508
2.90562 48510
2.90893 48512
2.91225 48514
2.91556 48516
2.91887 48518
2.92218 48520
2.92549 48522
2.92881 48524
2.93212 48526
2.93543 48528
2.93874 48530
2.94205 48532
2.94537 48534
2.94868 48536
2.95199 48538
2.9553 48540
2.95861 48542
2.96193 48544
2.96524 48546
2.96855 48548
2.97186 48550
2.97517 48552
2.97849 48554
2.9818 48556
2.98511 48558
2.98842 48560
2.99173 48562
2.99505 48564
2.99836 48566
3.00167 48568
3.00498 48570
3.00829 48572
3.01161 48574
3.01492 48576
3.01823 48578
3.02154 48580
3.02485 48582
3.02817 48584
3.03148 48586
3.03479 48588
3.0381 48590
3.04141 48592
3.04473 48594
3.04804 48596
3.05135 48598
3.05466 48600
3.05797 48602
3.06129 48604
3.0646 48606
3.06791 48608
3.07122 48610
3.07453 48612
3.07785 48614
3.08116 48616
3.08447 48618
3.08778 48620
3.09109 48622
3.09441 48624
3.09772 48626
3.10103 48628
3.10434 48630
3.10765 48632
3.11097 48634
3.11428 48636
3.11759 48638
3.1209 48640
3.12421 48642
3.12753 48644
3.13084 48646
3.13415 48648
3.13746 48650
3.14077 48652
3.14409 48654
3.1474 48656
3.15071 48658
3.15402 48660
3.15733 48662
3.16065 48664
3.16396 48666
3.16727 48668
3.17058 48670
3.17389 48672
3.17721 48674
3.18052 48676
3.18383 48678
3.18714 48680
3.19045 48682
3.19377 48684
3.19708 48686
3.20039 48688
3.2037 48690
3.20701 48692
3.21033 48694
3.21364 48696
3.21695 48698
3.22026 48700
3.22357 48702
3.22689 48704
3.2302 48706
3.23351 48708
3.23682 48710
3.24013 48712
3.24345 48714
3.24676 48716
3.25007 48718
3.25338 48720
3.25669 48722
3.26001 48724
3.26332 48726
3.26663 48728
3.26994 48730
3.27325 48732
3.27657 48734
3.27988 48736
3.28319 48738
3.2865 48740
3.28981 48742
3.29313 48744
3.29644 48746
3.29975 48748
3.30306 48750
3.30637 48752
3.30969 48754
3.313 48756
3.31631 48758
3.31962 48760
3.32293 48762
3.32625 48764
3.32956 48766
3.33287 48768
3.33618 48770
3.33949 48772
3.34281 48774
3.34612 48776
3.34943 48778
3.35274 48780
3.35605 48782
3.35937 48784
3.36268 48786
3.36599 48788
3.3693 48790
3.37261 48792
3.37592 48794
3.37924 48796
3.38255 48798
3.38586 48800
3.38917 48802
3.39248 48804
3.3958 48806
3.39911 48808
3.40242 48810
3.40573 48812
3.40904 48814
3.41236 48816
3.41567 48818
3.41898 48820
3.42229 48822
3.4256 48824
3.42892 48826
3.43223 48828
3.43554 48830
3.43885 48832
3.44216 48834
3.44548 48836
3.44879 48838
3.4521 48840
3.45541 48842
3.45872 48844
3.46204 48846
3.46535 48848
3.46866 48850
3.47197 48852
3.47528 48854
3.4786 48856
3.48191 48858
3.48522 48860
3.48853 48862
3.49184 48864
3.49516 48866
3.49847 48868
3.50178 48870
3.50509 48872
3.5084 48874
3.51172 48876
3.51503 48878
3.51834 48880
3.52165 48882
3.52496 48884
3.52828 48886
3.53159 48888
3.5349 48890
3.53821 48892
3.54152 48894
3.54484 48896
3.54815 48898
3.55146 48900
3.55477 48902
3.55808 48904
3.5614 48906
3.56471 48908
3.56802 48910
3.57133 48912
3.57464 48914
3.57796 48916
3.58127 48918
3.58458 48920
3.58789 48922
3.5912 48924
3.59452 48926
3.59783 48928
3.60114 48930
3.60445 48932
3.60776 48934
3.61108 48936
3.61439 48938
3.6177 48940
3.62101 48942
3.62432 48944
3.62764 48946
3.63095 48948
3.63426 48950
3.63757 48952
3.64088 48954
3.6442 48956
3.64751 48958
3.65082 48960
3.65413 48962
3.65744 48964
3.66076 48966
3.66407 48968
3.66738 48970
3.67069 48972
3.674 48974
3.67732 48976
3.68063 48978
3.68394 48980
3.68725 48982
3.69056 48984
3.69388 48986
3.69719 48988
3.7005 48990
3.70381 48992
3.70712 48994
3.71044 48996
3.71375 48998
3.71706 49000
3.72037 49002
3.72368 49004
3.727 49006
3.73031 49008
3.73362 49010
3.73693 49012
3.74024 49014
3.74356 49016
3.74687 49018
3.75018 49020
3.75349 49022
3.7568 49024
3.76012 49026
3.76343 49028
3.76674 49030
3.77005 49032
3.77336 49034
3.77668 49036
3.77999 49038
3.7833 49040
3.78661 49042
3.78992 49044
3.79324 49046
3.79655 49048
3.79986 49050
3.80317 49052
3.80648 49054
3.8098 49056
3.81311 49058
3.81642 49060
3.81973 49062
3.82304 49064
3.82636 49066
3.82967 49068
3.83298 49070
3.83629 49072
3.8396 49074
3.84292 49076
3.84623 49078
3.84954 49080
3.85285 49082
3.85616 49084
3.85948 49086
3.86279 49088
3.8661 49090
3.86941 49092
3.87272 49094
3.87604 49096
3.87935 49098
3.88266 49100
3.88597 49102
3.88928 49104
3.8926 49106
3.89591 49108
3.89922 49110
3.90253 49112
3.90584 49114
3.90916 49116
3.91247 49118
3.91578 49120
3.91909 49122
3.9224 49124
3.92572 49126
3.92903 49128
3.93234 49130
3.93565 49132
3.93896 49134
3.94228 49136
3.94559 49138
3.9489 49140
3.95221 49142
3.95552 49144
3.95884 49146
3.96215 49148
3.96546 49150
3.96877 49152
3.97208 49154
3.9754 49156
3.97871 49158
3.98202 49160
3.98533 49162
3.98864 49164
3.99196 49166
3.99527 49168
3.99858 49170
4.00189 49172
4.0052 49174
4.00852 49176
4.01183 49178
4.01514 49180
4.01845 49182
4.02176 49184
4.02508 49186
4.02839 49188
4.0317 49190
4.03501 49192
4.03832 49194
4.04164 49196
4.04495 49198
4.04826 49200
4.05157 49202
4.05488 49204
4.0582 49206
4.06151 49208
4.06482 49210
4.06813 49212
4.07144 49214
4.07476 49216
4.07807 49218
4.08138 49220
4.08469 49222
4.088 49224
4.09132 49226
4.09463 49228
4.09794 49230
4.10125 49232
4.10456 49234
4.10788 49236
4.11119 49238
4.1145 49240
4.11781 49242
4.12112 49244
4.12444 49246
4.12775 49248
4.13106 49250
4.13437 49252
4.13768 49254
4.141 49256
4.14431 49258
4.14762 49260
4.15093 49262
4.15424 49264
4.15756 49266
4.16087 49268
4.16418 49270
4.16749 49272
4.1708 49274
4.17412 49276
4.17743 49278
4.18074 49280
4.18405 49282
4.18736 49284
4.19068 49286
4.19399 49288
4.1973 49290
4.20061 49292
4.20392 49294
4.20724 49296
4.21055 49298
4.21386 49300
4.21717 49302
4.22048 49304
4.2238 49306
4.22711 49308
4.23042 49310
4.23373 49312
4.23704 49314
4.24036 49316
4.24367 49318
4.24698 49320
4.25029 49322
4.2536 49324
4.25692 49326
4.26023 49328
4.26354 49330
4.26685 49332
4.27016 49334
4.27348 49336
4.27679 49338
4.2801 49340
4.28341 49342
4.28672 49344
4.29004 49346
4.29335 49348
4.29666 49350
4.29997 49352
4.30328 49354
4.3066 49356
4.30991 49358
4.31322 49360
4.31653 49362
4.31984 49364
4.32316 49366
4.32647 49368
4.32978 49370
4.33309 49372
4.3364 49374
4.33972 49376
4.34303 49378
4.34634 49380
4.34965 49382
4.35296 49384
4.35628 49386
4.35959 49388
4.3629 49390
4.36621 49392
4.36952 49394
4.37284 49396
4.37615 49398
4.37946 49400
4.38277 49402
4.38608 49404
4.3894 49406
4.39271 49408
4.39602 49410
4.39933 49412
4.40264 49414
4.40596 49416
4.40927 49418
4.41258 49420
4.41589 49422
4.4192 49424
4.42252 49426
4.42583 49428
4.42914 49430
4.43245 49432
4.43576 49434
4.43908 49436
4.44239 49438
4.4457 49440
4.44901 49442
4.45232 49444
4.45564 49446
4.45895 49448
4.46226 49450
4.46557 49452
4.46888 49454
4.4722 49456
4.47551 49458
4.47882 49460
4.48213 49462
4.48544 49464
4.48876 49466
4.49207 49468
4.49538 49470
4.49869 49472
4.502 49474
4.50532 49476
4.50863 49478
4.51194 49480
4.51525 49482
4.51856 49484
4.52188 49486
4.52519 49488
4.5285 49490
4.53181 49492
4.53512 49494
4.53844 49496
4.54175 49498
4.54506 49500
4.54837 49502
4.55168 49504
4.555 49506
4.55831 49508
4.56162 49510
4.56493 49512
4.56824 49514
4.57156 49516
4.57487 49518
4.57818 49520
4.58149 49522
4.5848 49524
4.58812 49526
4.59143 49528
4.59474 49530
4.59805 49532
4.60136 49534
4.60468 49536
4.60799 49538
4.6113 49540
4.61461 49542
4.61792 49544
4.62124 49546
4.62455 49548
4.62786 49550
4.63117 49552
4.63448 49554
4.6378 49556
4.64111 49558
4.64442 49560
4.64773 49562
4.65104 49564
4.65436 49566
4.65767 49568
4.66098 49570
4.66429 49572
4.6676 49574
4.67092 49576
4.67423 49578
4.67754 49580
4.68085 49582
4.68416 49584
4.68748 49586
4.69079 49588
4.6941 49590
4.69741 49592
4.70072 49594
4.70404 49596
4.70735 49598
4.71066 49600
4.71397 49602
4.71728 49604
4.7206 49606
4.72391 49608
4.72722 49610
4.73053 49612
4.73384 49614
4.73716 49616
4.74047 49618
4.74378 49620
4.74709 49622
4.7504 49624
4.75372 49626
4.75703 49628
4.76034 49630
4.76365 49632
4.76696 49634
4.77028 49636
4.77359 49638
4.7769 49640
4.78021 49642
4.78352 49644
4.78684 49646
4.79015 49648
4.79346 49650
4.79677 49652
4.80008 49654
4.8034 49656
4.80671 49658
4.81002 49660
4.81333 49662
4.81664 49664
4.81996 49666
4.82327 49668
4.82658 49670
4.82989 49672
4.8332 49674
4.83652 49676
4.83983 49678
4.84314 49680
4.84645 49682
4.84976 49684
4.85308 49686
4.85639 49688
4.8597 49690
4.86301 49692
4.86632 49694
4.86964 49696
4.87295 49698
4.87626 49700
4.87957 49702
4.88288 49704
4.8862 49706
4.88951 49708
4.89282 49710
4.89613 49712
4.89944 49714
4.90276 49716
4.90607 49718
4.90938 49720
4.91269 49722
4.916 49724
4.91932 49726
4.92263 49728
4.92594 49730
4.92925 49732
4.93256 49734
4.93588 49736
4.93919 49738
4.9425 49740
4.94581 49742
4.94912 49744
4.95244 49746
4.95575 49748
4.95906 49750
4.96237 49752
4.96568 49754
4.969 49756
4.97231 49758
4.97562 49760
4.97893 49762
4.98224 49764
4.98556 49766
4.98887 49768
4.99218 49770
4.99549 49772
4.9988 49774
5.00212 49776
5.00543 49778
5.00874 49780
5.01205 49782
5.01536 49784
5.01868 49786
5.02199 49788
5.0253 49790
5.02861 49792
5.03192 49794
5.03524 49796
5.03855 49798
5.04186 49800
5.04517 49802
5.04848 49804
5.0518 49806
5.05511 49808
5.05842 49810
5.06173 49812
5.06504 49814
5.06836 49816
5.07167 49818
5.07498 49820
5.07829 49822
5.0816 49824
5.08492 49826
5.08823 49828
5.09154 49830
5.09485 49832
5.09816 49834
5.10148 49836
5.10479 49838
5.1081 49840
5.11141 49842
5.11472 49844
5.11804 49846
5.12135 49848
5.12466 49850
5.12797 49852
5.13128 49854
5.1346 49856
5.13791 49858
5.14122 49860
5.14453 49862
5.14784 49864
5.15116 49866
5.15447 49868
5.15778 49870
5.16109 49872
5.1644 49874
5.16772 49876
5.17103 49878
5.17434 49880
5.17765 49882
5.18096 49884
5.18428 49886
5.18759 49888
5.1909 49890
5.19421 49892
5.19752 49894
5.20084 49896
5.20415 49898
5.20746 49900
5.21077 49902
5.21408 49904
5.2174 49906
5.22071 49908
5.22402 49910
5.22733 49912
5.23064 49914
5.23396 49916
5.23727 49918
5.24058 49920
5.24389 49922
5.2472 49924
5.25052 49926
5.25383 49928
5.25714 49930
5.26045 49932
5.26376 49934
5.26708 49936
5.27039 49938
5.2737 49940
5.27701 49942
5.28032 49944
5.28364 49946
5.28695 49948
5.29026 49950
5.29357 49952
5.29688 49954
5.3002 49956
5.30351 49958
5.30682 49960
5.31013 49962
5.31344 49964
5.31676 49966
5.32007 49968
5.32338 49970
5.32669 49972
5.33 49974
5.33332 49976
5.33663 49978
5.33994 49980
5.34325 49982
5.34656 49984
5.34988 49986
5.35319 49988
5.3565 49990
5.35981 49992
5.36312 49994
5.36644 49996
5.36975 49998
5.37306 50000
5.37637 50002
5.37968 50004
5.383 50006
5.38631 50008
5.38962 50010
5.39293 50012
5.39624 50014
5.39956 50016
5.40287 50018
5.40618 50020
5.40949 50022
5.4128 50024
5.41612 50026
5.41943 50028
5.42274 50030
5.42605 50032
5.42936 50034
5.43268 50036
5.43599 50038
5.4393 50040
5.44261 50042
5.44592 50044
5.44924 50046
5.45255 50048
5.45586 50050
5.45917 50052
5.46248 50054
5.4658 50056
5.46911 50058
5.47242 50060
5.47573 50062
5.47904 50064
5.48236 50066
5.48567 50068
5.48898 50070
5.49229 50072
5.4956 50074
5.49892 50076
5.50223 50078
5.50554 50080
5.50885 50082
5.51216 50084
5.51548 50086
5.51879 50088
5.5221 50090
5.52541 50092
5.52872 50094
5.53204 50096
5.53535 50098
5.53866 50100
5.54197 50102
5.54528 50104
5.5486 50106
5.55191 50108
5.55522 50110
5.55853 50112
5.56184 50114
5.56516 50116
5.56847 50118
5.57178 50120
5.57509 50122
5.5784 50124
5.58172 50126
5.58503 50128
5.58834 50130
5.59165 50132
5.59496 50134
5.59828 50136
5.60159 50138
5.6049 50140
5.60821 50142
5.61152 50144
5.61484 50146
5.61815 50148
5.62146 50150
5.62477 50152
5.62808 50154
5.6314 50156
5.63471 50158
5.63802 50160
5.64133 50162
5.64464 50164
5.64796 50166
5.65127 50168
5.65458 50170
5.65789 50172
5.6612 50174
5.66452 50176
5.66783 50178
5.67114 50180
5.67445 50182
5.67776 50184
5.68108 50186
5.68439 50188
5.6877 50190
5.69101 50192
5.69432 50194
5.69764 50196
5.70095 50198
5.70426 50200
5.70757 50202
5.71088 50204
5.7142 50206
5.71751 50208
5.72082 50210
5.72413 50212
5.72744 50214
5.73076 50216
5.73407 50218
5.73738 50220
5.74069 50222
5.744 50224
5.74732 50226
5.75063 50228
5.75394 50230
5.75725 50232
5.76056 50234
5.76388 50236
5.76719 50238
5.7705 50240
5.77381 50242
5.77712 50244
5.78044 50246
5.78375 50248
5.78706 50250
5.79037 50252
5.79368 50254
5.797 50256
5.80031 50258
5.80362 50260
5.80693 50262
5.81024 50264
5.81356 50266
5.81687 50268
5.82018 50270
5.82349 50272
5.8268 50274
5.83012 50276
5.83343 50278
5.83674 50280
5.84005 50282
5.84336 50284
5.84668 50286
5.84999 50288
5.8533 50290
5.85661 50292
5.85992 50294
5.86324 50296
5.86655 50298
5.86986 50300
5.87317 50302
5.87648 50304
5.8798 50306
5.88311 50308
5.88642 50310
5.88973 50312
5.89304 50314
5.89636 50316
5.89967 50318
5.90298 50320
5.90629 50322
5.9096 50324
5.91292 50326
5.91623 50328
5.91954 50330
5.92285 50332
5.92616 50334
5.92948 50336
5.93279 50338
5.9361 50340
5.93941 50342
5.94272 50344
5.94604 50346
5.94935 50348
5.95266 50350
5.95597 50352
5.95928 50354
5.9626 50356
5.96591 50358
5.96922 50360
5.97253 50362
5.97584 50364
5.97916 50366
5.98247 50368
5.98578 50370
5.98909 50372
5.9924 50374
5.99572 50376
5.99903 50378
6.00234 50380
6.00565 50382
6.00896 50384
6.01228 50386
6.01559 50388
6.0189 50390
6.02221 50392
6.02552 50394
6.02884 50396
6.03215 50398
6.03546 50400
6.03877 50402
6.04208 50404
6.0454 50406
6.04871 50408
6.05202 50410
6.05533 50412
6.05864 50414
6.06196 50416
6.06527 50418
6.06858 50420
6.07189 50422
6.0752 50424
6.07852 50426
6.08183 50428
6.08514 50430
6.08845 50432
6.09176 50434
6.09508 50436
6.09839 50438
6.1017 50440
6.10501 50442
6.10832 50444
6.11164 50446
6.11495 50448
6.11826 50450
6.12157 50452
6.12488 50454
6.1282 50456
6.13151 50458
6.13482 50460
6.13813 50462
6.14144 50464
6.14476 50466
6.14807 50468
6.15138 50470
6.15469 50472
6.158 50474
6.16132 50476
6.16463 50478
6.16794 50480
6.17125 50482
6.17456 50484
6.17788 50486
6.18119 50488
6.1845 50490
6.18781 50492
6.19112 50494
6.19444 50496
6.19775 50498
6.20106 50500
6.20437 50502
6.20768 50504
6.211 50506
6.21431 50508
6.21762 50510
6.22093 50512
6.22424 50514
6.22756 50516
6.23087 50518
6.23418 50520
6.23749 50522
6.2408 50524
6.24412 50526
6.24743 50528
6.25074 50530
6.25405 50532
6.25736 50534
6.26068 50536
6.26399 50538
6.2673 50540
6.27061 50542
6.27392 50544
6.27724 50546
6.28055 50548
6.28386 50550
6.28717 50552
6.29048 50554
6.2938 50556
6.29711 50558
6.30042 50560
6.30373 50562
6.30704 50564
6.31036 50566
6.31367 50568
6.31698 50570
6.32029 50572
6.3236 50574
6.32692 50576
6.33023 50578
6.33354 50580
6.33685 50582
6.34016 50584
6.34348 50586
6.34679 50588
6.3501 50590
6.35341 50592
6.35672 50594
6.36004 50596
6.36335 50598
6.36666 50600
6.36997 50602
6.37328 50604
6.3766 50606
6.37991 50608
6.38322 50610
6.38653 50612
6.38984 50614
6.39316 50616
6.39647 50618
6.39978 50620
6.40309 50622
6.4064 50624
6.40972 50626
6.41303 50628
6.41634 50630
6.41965 50632
6.42296 50634
6.42628 50636
6.42959 50638
6.4329 50640
6.43621 50642
6.43952 50644
6.44284 50646
6.44615 50648
6.44946 50650
6.45277 50652
6.45608 50654
6.4594 50656
6.46271 50658
6.46602 50660
6.46933 50662
6.47264 50664
6.47596 50666
6.47927 50668
6.48258 50670
6.48589 50672
6.4892 50674
6.49252 50676
6.49583 50678
6.49914 50680
6.50245 50682
6.50576 50684
6.50908 50686
6.51239 50688
6.5157 50690
6.51901 50692
6.52232 50694
6.52564 50696
6.52895 50698
6.53226 50700
6.53557 50702
6.53888 50704
6.5422 50706
6.54551 50708
6.54882 50710
6.55213 50712
6.55544 50714
6.55876 50716
6.56207 50718
6.56538 50720
6.56869 50722
6.572 50724
6.57532 50726
6.57863 50728
6.58194 50730
6.58525 50732
6.58856 50734
6.59188 50736
6.59519 50738
6.5985 50740
6.60181 50742
6.60512 50744
6.60844 50746
6.61175 50748
6.61506 50750
6.61837 50752
6.62168 50754
6.625 50756
6.62831 50758
6.63162 50760
6.63493 50762
6.63824 50764
6.64156 50766
6.64487 50768
6.64818 50770
6.65149 50772
6.6548 50774
6.65812 50776
6.66143 50778
6.66474 50780
6.66805 50782
6.67136 50784
6.67468 50786
6.67799 50788
6.6813 50790
6.68461 50792
6.68792 50794
6.69123 50796
6.69455 50798
6.69786 50800
6.70117 50802
6.70448 50804
6.70779 50806
6.71111 50808
6.71442 50810
6.71773 50812
6.72104 50814
6.72435 50816
6.72767 50818
6.73098 50820
6.73429 50822
6.7376 50824
6.74091 50826
6.74423 50828
6.74754 50830
6.75085 50832
6.75416 50834
6.75747 50836
6.76079 50838
6.7641 50840
6.76741 50842
6.77072 50844
6.77403 50846
6.77735 50848
6.78066 50850
6.78397 50852
6.78728 50854
6.79059 50856
6.79391 50858
6.79722 50860
6.80053 50862
6.80384 50864
6.80715 50866
6.81047 50868
6.81378 50870
6.81709 50872
6.8204 50874
6.82371 50876
6.82703 50878
6.83034 50880
6.83365 50882
6.83696 50884
6.84027 50886
6.84359 50888
6.8469 50890
6.85021 50892
6.85352 50894
6.85683 50896
6.86015 50898
6.86346 50900
6.86677 50902
6.87008 50904
6.87339 50906
6.87671 50908
6.88002 50910
6.88333 50912
6.88664 50914
6.88995 50916
6.89327 50918
6.89658 50920
6.89989 50922
6.9032 50924
6.90651 50926
6.90983 50928
6.91314 50930
6.91645 50932
6.91976 50934
6.92307 50936
6.92639 50938
6.9297 50940
6.93301 50942
6.93632 50944
6.93963 50946
6.94295 50948
6.94626 50950
6.94957 50952
6.95288 50954
6.95619 50956
6.95951 50958
6.96282 50960
6.96613 50962
6.96944 50964
6.97275 50966
6.97607 50968
6.97938 50970
6.98269 50972
6.986 50974
6.98931 50976
6.99263 50978
6.99594 50980
6.99925 50982
7.00256 50984
7.00587 50986
7.00919 50988
7.0125 50990
7.01581 50992
7.01912 50994
7.02243 50996
7.02575 50998
7.02906 51000
7.03237 51002
7.03568 51004
7.03899 51006
7.04231 51008
7.04562 51010
7.04893 51012
7.05224 51014
7.05555 51016
7.05887 51018
7.06218 51020
7.06549 51022
7.0688 51024
7.07211 51026
7.07543 51028
7.07874 51030
7.08205 51032
7.08536 51034
7.08867 51036
7.09199 51038
7.0953 51040
7.09861 51042
7.10192 51044
7.10523 51046
7.10855 51048
7.11186 51050
7.11517 51052
7.11848 51054
7.12179 51056
7.12511 51058
7.12842 51060
7.13173 51062
7.13504 51064
7.13835 51066
7.14167 51068
7.14498 51070
7.14829 51072
7.1516 51074
7.15491 51076
7.15823 51078
7.16154 51080
7.16485 51082
7.16816 51084
7.17147 51086
7.17479 51088
7.1781 51090
7.18141 51092
7.18472 51094
7.18803 51096
7.19135 51098
7.19466 51100
7.19797 51102
7.20128 51104
7.20459 51106
7.20791 51108
7.21122 51110
7.21453 51112
7.21784 51114
7.22115 51116
7.22447 51118
7.22778 51120
7.23109 51122
7.2344 51124
7.23771 51126
7.24103 51128
7.24434 51130
7.24765 51132
7.25096 51134
7.25427 51136
7.25759 51138
7.2609 51140
7.26421 51142
7.26752 51144
7.27083 51146
7.27415 51148
7.27746 51150
7.28077 51152
7.28408 51154
7.28739 51156
7.29071 51158
7.29402 51160
7.29733 51162
7.30064 51164
7.30395 51166
7.30727 51168
7.31058 51170
7.31389 51172
7.3172 51174
7.32051 51176
7.32383 51178
7.32714 51180
7.33045 51182
7.33376 51184
7.33707 51186
7.34039 51188
7.3437 51190
7.34701 51192
7.35032 51194
7.35363 51196
7.35695 51198
7.36026 51200
7.36357 51202
7.36688 51204
7.37019 51206
7.37351 51208
7.37682 51210
7.38013 51212
7.38344 51214
7.38675 51216
7.39007 51218
7.39338 51220
7.39669 51222
7.4 51224
7.40331 51226
7.40663 51228
7.40994 51230
7.41325 51232
7.41656 51234
7.41987 51236
7.42319 51238
7.4265 51240
7.42981 51242
7.43312 51244
7.43643 51246
7.43975 51248
7.44306 51250
7.44637 51252
7.44968 51254
7.45299 51256
7.45631 51258
7.45962 51260
7.46293 51262
7.46624 51264
7.46955 51266
7.47287 51268
7.47618 51270
7.47949 51272
7.4828 51274
7.48611 51276
7.48943 51278
7.49274 51280
7.49605 51282
7.49936 51284
7.50267 51286
7.50599 51288
7.5093 51290
7.51261 51292
7.51592 51294
7.51923 51296
7.52255 51298
7.52586 51300
7.52917 51302
7.53248 51304
7.53579 51306
7.53911 51308
7.54242 51310
7.54573 51312
7.54904 51314
7.55235 51316
7.55567 51318
7.55898 51320
7.56229 51322
7.5656 51324
7.56891 51326
7.57223 51328
7.57554 51330
7.57885 51332
7.58216 51334
7.58547 51336
7.58879 51338
7.5921 51340
7.59541 51342
7.59872 51344
7.60203 51346
7.60535 51348
7.60866 51350
7.61197 51352
7.61528 51354
7.61859 51356
7.62191 51358
7.62522 51360
7.62853 51362
7.63184 51364
7.63515 51366
7.63847 51368
7.64178 51370
7.64509 51372
7.6484 51374
7.65171 51376
7.65503 51378
7.65834 51380
7.66165 51382
7.66496 51384
7.66827 51386
7.67159 51388
7.6749 51390
7.67821 51392
7.68152 51394
7.68483 51396
7.68815 51398
7.69146 51400
7.69477 51402
7.69808 51404
7.70139 51406
7.70471 51408
7.70802 51410
7.71133 51412
7.71464 51414
7.71795 51416
7.72127 51418
7.72458 51420
7.72789 51422
7.7312 51424
7.73451 51426
7.73783 51428
7.74114 51430
7.74445 51432
7.74776 51434
7.75107 51436
7.75439 51438
7.7577 51440
7.76101 51442
7.76432 51444
7.76763 51446
7.77095 51448
7.77426 51450
7.77757 51452
7.78088 51454
7.78419 51456
7.78751 51458
7.79082 51460
7.79413 51462
7.79744 51464
7.80075 51466
7.80407 51468
7.80738 51470
7.81069 51472
7.814 51474
7.81731 51476
7.82063 51478
7.82394 51480
7.82725 51482
7.83056 51484
7.83387 51486
7.83719 51488
7.8405 51490
7.84381 51492
7.84712 51494
7.85043 51496
7.85375 51498
7.85706 51500
7.86037 51502
7.86368 51504
7.86699 51506
7.87031 51508
7.87362 51510
7.87693 51512
7.88024 51514
7.88355 51516
7.88687 51518
7.89018 51520
7.89349 51522
7.8968 51524
7.90011 51526
7.90343 51528
7.90674 51530
7.91005 51532
7.91336 51534
7.91667 51536
7.91999 51538
7.9233 51540
7.92661 51542
7.92992 51544
7.93323 51546
7.93655 51548
7.93986 51550
7.94317 51552
7.94648 51554
7.94979 51556
7.95311 51558
7.95642 51560
7.95973 51562
7.96304 51564
7.96635 51566
7.96967 51568
7.97298 51570
7.97629 51572
7.9796 51574
7.98291 51576
7.98623 51578
7.98954 51580
7.99285 51582
7.99616 51584
7.99947 51586
8.00279 51588
8.0061 51590
8.00941 51592
8.01272 51594
8.01603 51596
8.01935 51598
8.02266 51600
8.02597 51602
8.02928 51604
8.03259 51606
8.03591 51608
8.03922 51610
8.04253 51612
8.04584 51614
8.04915 51616
8.05247 51618
8.05578 51620
8.05909 51622
8.0624 51624
8.06571 51626
8.06903 51628
8.07234 51630
8.07565 51632
8.07896 51634
8.08227 51636
8.08559 51638
8.0889 51640
8.09221 51642
8.09552 51644
8.09883 51646
8.10215 51648
8.10546 51650
8.10877 51652
8.11208 51654
8.11539 51656
8.11871 51658
8.12202 51660
8.12533 51662
8.12864 51664
8.13195 51666
8.13527 51668
8.13858 51670
8.14189 51672
8.1452 51674
8.14851 51676
8.15183 51678
8.15514 51680
8.15845 51682
8.16176 51684
8.16507 51686
8.16839 51688
8.1717 51690
8.17501 51692
8.17832 51694
8.18163 51696
8.18495 51698
8.18826 51700
8.19157 51702
8.19488 51704
8.19819 51706
8.20151 51708
8.20482 51710
8.20813 51712
8.21144 51714
8.21475 51716
8.21807 51718
8.22138 51720
8.22469 51722
8.228 51724
8.23131 51726
8.23463 51728
8.23794 51730
8.24125 51732
8.24456 51734
8.24787 51736
8.25119 51738
8.2545 51740
8.25781 51742
8.26112 51744
8.26443 51746
8.26775 51748
8.27106 51750
8.27437 51752
8.27768 51754
8.28099 51756
8.28431 51758
8.28762 51760
8.29093 51762
8.29424 51764
8.29755 51766
8.30087 51768
8.30418 51770
8.30749 51772
8.3108 51774
8.31411 51776
8.31743 51778
8.32074 51780
8.32405 51782
8.32736 51784
8.33067 51786
8.33399 51788
8.3373 51790
8.34061 51792
8.34392 51794
8.34723 51796
8.35055 51798
8.35386 51800
8.35717 51802
8.36048 51804
8.36379 51806
8.36711 51808
8.37042 51810
8.37373 51812
8.37704 51814
8.38035 51816
8.38367 51818
8.38698 51820
8.39029 51822
8.3936 51824
8.39691 51826
8.40023 51828
8.40354 51830
8.40685 51832
8.41016 51834
8.41347 51836
8.41679 51838
8.4201 51840
8.42341 51842
8.42672 51844
8.43003 51846
8.43335 51848
8.43666 51850
8.43997 51852
8.44328 51854
8.44659 51856
8.44991 51858
8.45322 51860
8.45653 51862
8.45984 51864
8.46315 51866
8.46647 51868
8.46978 51870
8.47309 51872
8.4764 51874
8.47971 51876
8.48303 51878
8.48634 51880
8.48965 51882
8.49296 51884
8.49627 51886
8.49959 51888
8.5029 51890
8.50621 51892
8.50952 51894
8.51283 51896
8.51615 51898
8.51946 51900
8.52277 51902
8.52608 51904
8.52939 51906
8.53271 51908
8.53602 51910
8.53933 51912
8.54264 51914
8.54595 51916
8.54927 51918
8.55258 51920
8.55589 51922
8.5592 51924
8.56251 51926
8.56583 51928
8.56914 51930
8.57245 51932
8.57576 51934
8.57907 51936
8.58239 51938
8.5857 51940
8.58901 51942
8.59232 51944
8.59563 51946
8.59895 51948
8.60226 51950
8.60557 51952
8.60888 51954
8.61219 51956
8.61551 51958
8.61882 51960
8.62213 51962
8.62544 51964
8.62875 51966
8.63207 51968
8.63538 51970
8.63869 51972
8.642 51974
8.64531 51976
8.64863 51978
8.65194 51980
8.65525 51982
8.65856 51984
8.66187 51986
8.66519 51988
8.6685 51990
8.67181 51992
8.67512 51994
8.67843 51996
8.68175 51998
8.68506 52000
8.68837 52002
8.69168 52004
8.69499 52006
8.69831 52008
8.70162 52010
8.70493 52012
8.70824 52014
8.71155 52016
8.71487 52018
8.71818 52020
8.72149 52022
8.7248 52024
8.72811 52026
8.73143 52028
8.73474 52030
8.73805 52032
8.74136 52034
8.74467 52036
8.74799 52038
8.7513 52040
8.75461 52042
8.75792 52044
8.76123 52046
8.76455 52048
8.76786 52050
8.77117 52052
8.77448 52054
8.77779 52056
8.78111 52058
8.78442 52060
8.78773 52062
8.79104 52064
8.79435 52066
8.79767 52068
8.80098 52070
8.80429 52072
8.8076 52074
8.81091 52076
8.81423 52078
8.81754 52080
8.82085 52082
8.82416 52084
8.82747 52086
8.83079 52088
8.8341 52090
8.83741 52092
8.84072 52094
8.84403 52096
8.84735 52098
8.85066 52100
8.85397 52102
8.85728 52104
8.86059 52106
8.86391 52108
8.86722 52110
8.87053 52112
8.87384 52114
8.87715 52116
8.88047 52118
8.88378 52120
8.88709 52122
8.8904 52124
8.89371 52126
8.89703 52128
8.90034 52130
8.90365 52132
8.90696 52134
8.91027 52136
8.91359 52138
8.9169 52140
8.92021 52142
8.92352 52144
8.92683 52146
8.93015 52148
8.93346 52150
8.93677 52152
8.94008 52154
8.94339 52156
8.94671 52158
8.95002 52160
8.95333 52162
8.95664 52164
8.95995 52166
8.96327 52168
8.96658 52170
8.96989 52172
8.9732 52174
8.97651 52176
8.97983 52178
8.98314 52180
8.98645 52182
8.98976 52184
8.99307 52186
8.99639 52188
8.9997 52190
9.00301 52192
9.00632 52194
9.00963 52196
9.01295 52198
9.01626 52200
9.01957 52202
9.02288 52204
9.02619 52206
9.02951 52208
9.03282 52210
9.03613 52212
9.03944 52214
9.04275 52216
9.04607 52218
9.04938 52220
9.05269 52222
9.056 52224
9.05931 52226
9.06263 52228
9.06594 52230
9.06925 52232
9.07256 52234
9.07587 52236
9.07919 52238
9.0825 52240
9.08581 52242
9.08912 52244
9.09243 52246
9.09575 52248
9.09906 52250
9.10237 52252
9.10568 52254
9.10899 52256
9.11231 52258
9.11562 52260
9.11893 52262
9.12224 52264
9.12555 52266
9.12887 52268
9.13218 52270
9.13549 52272
9.1388 52274
9.14211 52276
9.14543 52278
9.14874 52280
9.15205 52282
9.15536 52284
9.15867 52286
9.16199 52288
9.1653 52290
9.16861 52292
9.17192 52294
9.17523 52296
9.17855 52298
9.18186 52300
9.18517 52302
9.18848 52304
9.19179 52306
9.19511 52308
9.19842 52310
9.20173 52312
9.20504 52314
9.20835 52316
9.21167 52318
9.21498 52320
9.21829 52322
9.2216 52324
9.22491 52326
9.22823 52328
9.23154 52330
9.23485 52332
9.23816 52334
9.24147 52336
9.24479 52338
9.2481 52340
9.25141 52342
9.25472 52344
9.25803 52346
9.26135 52348
9.26466 52350
9.26797 52352
9.27128 52354
9.27459 52356
9.27791 52358
9.28122 52360
9.28453 52362
9.28784 52364
9.29115 52366
9.29447 52368
9.29778 52370
9.30109 52372
9.3044 52374
9.30771 52376
9.31103 52378
9.31434 52380
9.31765 52382
9.32096 52384
9.32427 52386
9.32759 52388
9.3309 52390
9.33421 52392
9.33752 52394
9.34083 52396
9.34415 52398
9.34746 52400
9.35077 52402
9.35408 52404
9.35739 52406
9.36071 52408
9.36402 52410
9.36733 52412
9.37064 52414
9.37395 52416
9.37727 52418
9.38058 52420
9.38389 52422
9.3872 52424
9.39051 52426
9.39383 52428
9.39714 52430
9.40045 52432
9.40376 52434
9.40707 52436
9.41039 52438
9.4137 52440
9.41701 52442
9.42032 52444
9.42363 52446
9.42695 52448
9.43026 52450
9.43357 52452
9.43688 52454
9.44019 52456
9.44351 52458
9.44682 52460
9.45013 52462
9.45344 52464
9.45675 52466
9.46007 52468
9.46338 52470
9.46669 52472
9.47 52474
9.47331 52476
9.47663 52478
9.47994 52480
9.48325 52482
9.48656 52484
9.48987 52486
9.49319 52488
9.4965 52490
9.49981 52492
9.50312 52494
9.50643 52496
9.50975 52498
9.51306 52500
9.51637 52502
9.51968 52504
9.52299 52506
9.52631 52508
9.52962 52510
9.53293 52512
9.53624 52514
9.53955 52516
9.54287 52518
9.54618 52520
9.54949 52522
9.5528 52524
9.55611 52526
9.55943 52528
9.56274 52530
9.56605 52532
9.56936 52534
9.57267 52536
9.57599 52538
9.5793 52540
9.58261 52542
9.58592 52544
9.58923 52546
9.59255 52548
9.59586 52550
9.59917 52552
9.60248 52554
9.60579 52556
9.60911 52558
9.61242 52560
9.61573 52562
9.61904 52564
9.62235 52566
9.62567 52568
9.62898 52570
9.63229 52572
9.6356 52574
9.63891 52576
9.64223 52578
9.64554 52580
9.64885 52582
9.65216 52584
9.65547 52586
9.65879 52588
9.6621 52590
9.66541 52592
9.66872 52594
9.67203 52596
9.67535 52598
9.67866 52600
9.68197 52602
9.68528 52604
9.68859 52606
9.69191 52608
9.69522 52610
9.69853 52612
9.70184 52614
9.70515 52616
9.70847 52618
9.71178 52620
9.71509 52622
9.7184 52624
9.72171 52626
9.72503 52628
9.72834 52630
9.73165 52632
9.73496 52634
9.73827 52636
9.74159 52638
9.7449 52640
9.74821 52642
9.75152 52644
9.75483 52646
9.75815 52648
9.76146 52650
9.76477 52652
9.76808 52654
9.77139 52656
9.77471 52658
9.77802 52660
9.78133 52662
9.78464 52664
9.78795 52666
9.79127 52668
9.79458 52670
9.79789 52672
9.8012 52674
9.80451 52676
9.80783 52678
9.81114 52680
9.81445 52682
9.81776 52684
9.82107 52686
9.82439 52688
9.8277 52690
9.83101 52692
9.83432 52694
9.83763 52696
9.84095 52698
9.84426 52700
9.84757 52702
9.85088 52704
9.85419 52706
9.85751 52708
9.86082 52710
9.86413 52712
9.86744 52714
9.87075 52716
9.87407 52718
9.87738 52720
9.88069 52722
9.884 52724
9.88731 52726
9.89063 52728
9.89394 52730
9.89725 52732
9.90056 52734
9.90387 52736
9.90719 52738
9.9105 52740
9.91381 52742
9.91712 52744
9.92043 52746
9.92375 52748
9.92706 52750
9.93037 52752
9.93368 52754
9.93699 52756
9.94031 52758
9.94362 52760
9.94693 52762
9.95024 52764
9.95355 52766
9.95687 52768
9.96018 52770
9.96349 52772
9.9668 52774
9.97011 52776
9.97343 52778
9.97674 52780
9.98005 52782
9.98336 52784
9.98667 52786
9.98999 52788
9.9933 52790
9.99661 52792
9.99992 52794
10.0032 52796
10.0065 52798
10.0099 52800
10.0132 52802
10.0165 52804
10.0198 52806
10.0231 52808
10.0264 52810
10.0297 52812
10.033 52814
10.0364 52816
10.0397 52818
10.043 52820
10.0463 52822
10.0496 52824
10.0529 52826
10.0562 52828
10.0595 52830
10.0628 52832
10.0662 52834
10.0695 52836
10.0728 52838
10.0761 52840
10.0794 52842
10.0827 52844
10.086 52846
10.0893 52848
10.0927 52850
10.096 52852
10.0993 52854
10.1026 52856
10.1059 52858
10.1092 52860
10.1125 52862
10.1158 52864
10.1192 52866
10.1225 52868
10.1258 52870
10.1291 52872
10.1324 52874
10.1357 52876
10.139 52878
10.1423 52880
10.1456 52882
10.149 52884
10.1523 52886
10.1556 52888
10.1589 52890
10.1622 52892
10.1655 52894
10.1688 52896
10.1721 52898
10.1755 52900
10.1788 52902
10.1821 52904
10.1854 52906
10.1887 52908
10.192 52910
10.1953 52912
10.1986 52914
10.202 52916
10.2053 52918
10.2086 52920
10.2119 52922
10.2152 52924
10.2185 52926
10.2218 52928
10.2251 52930
10.2284 52932
10.2318 52934
10.2351 52936
10.2384 52938
10.2417 52940
10.245 52942
10.2483 52944
10.2516 52946
10.2549 52948
10.2583 52950
10.2616 52952
10.2649 52954
10.2682 52956
10.2715 52958
10.2748 52960
10.2781 52962
10.2814 52964
10.2848 52966
10.2881 52968
10.2914 52970
10.2947 52972
10.298 52974
10.3013 52976
10.3046 52978
10.3079 52980
10.3112 52982
10.3146 52984
10.3179 52986
10.3212 52988
10.3245 52990
10.3278 52992
10.3311 52994
10.3344 52996
10.3377 52998
10.3411 53000
10.3444 53002
10.3477 53004
10.351 53006
10.3543 53008
10.3576 53010
10.3609 53012
10.3642 53014
10.3676 53016
10.3709 53018
10.3742 53020
10.3775 53022
10.3808 53024
10.3841 53026
10.3874 53028
10.3907 53030
10.394 53032
10.3974 53034
10.4007 53036
10.404 53038
10.4073 53040
10.4106 53042
10.4139 53044
10.4172 53046
10.4205 53048
10.4239 53050
10.4272 53052
10.4305 53054
10.4338 53056
10.4371 53058
10.4404 53060
10.4437 53062
10.447 53064
10.4504 53066
10.4537 53068
10.457 53070
10.4603 53072
10.4636 53074
10.4669 53076
10.4702 53078
10.4735 53080
10.4768 53082
10.4802 53084
10.4835 53086
10.4868 53088
10.4901 53090
10.4934 53092
10.4967 53094
10.5 53096
10.5033 53098
10.5067 53100
10.51 53102
10.5133 53104
10.5166 53106
10.5199 53108
10.5232 53110
10.5265 53112
10.5298 53114
10.5332 53116
10.5365 53118
10.5398 53120
10.5431 53122
10.5464 53124
10.5497 53126
10.553 53128
10.5563 53130
10.5596 53132
10.563 53134
10.5663 53136
10.5696 53138
10.5729 53140
10.5762 53142
10.5795 53144
10.5828 53146
10.5861 53148
10.5895 53150
10.5928 53152
10.5961 53154
10.5994 53156
10.6027 53158
10.606 53160
10.6093 53162
10.6126 53164
10.616 53166
10.6193 53168
10.6226 53170
10.6259 53172
10.6292 53174
10.6325 53176
10.6358 53178
10.6391 53180
10.6424 53182
10.6458 53184
10.6491 53186
10.6524 53188
10.6557 53190
10.659 53192
10.6623 53194
10.6656 53196
10.6689 53198
10.6723 53200
10.6756 53202
10.6789 53204
10.6822 53206
10.6855 53208
10.6888 53210
10.6921 53212
10.6954 53214
10.6988 53216
10.7021 53218
10.7054 53220
10.7087 53222
10.712 53224
10.7153 53226
10.7186 53228
10.7219 53230
10.7252 53232
10.7286 53234
10.7319 53236
10.7352 53238
10.7385 53240
10.7418 53242
10.7451 53244
10.7484 53246
10.7517 53248
10.7551 53250
10.7584 53252
10.7617 53254
10.765 53256
10.7683 53258
10.7716 53260
10.7749 53262
10.7782 53264
10.7816 53266
10.7849 53268
10.7882 53270
10.7915 53272
10.7948 53274
10.7981 53276
10.8014 53278
10.8047 53280
10.808 53282
10.8114 53284
10.8147 53286
10.818 53288
10.8213 53290
10.8246 53292
10.8279 53294
10.8312 53296
10.8345 53298
10.8379 53300
10.8412 53302
10.8445 53304
10.8478 53306
10.8511 53308
10.8544 53310
10.8577 53312
10.861 53314
10.8644 53316
10.8677 53318
10.871 53320
10.8743 53322
10.8776 53324
10.8809 53326
10.8842 53328
10.8875 53330
10.8908 53332
10.8942 53334
10.8975 53336
10.9008 53338
10.9041 53340
10.9074 53342
10.9107 53344
10.914 53346
10.9173 53348
10.9207 53350
10.924 53352
10.9273 53354
10.9306 53356
10.9339 53358
10.9372 53360
10.9405 53362
10.9438 53364
10.9472 53366
10.9505 53368
10.9538 53370
10.9571 53372
10.9604 53374
10.9637 53376
10.967 53378
10.9703 53380
10.9736 53382
10.977 53384
10.9803 53386
10.9836 53388
10.9869 53390
10.9902 53392
10.9935 53394
10.9968 53396
11.0001 53398
11.0035 53400
11.0068 53402
11.0101 53404
11.0134 53406
11.0167 53408
11.02 53410
11.0233 53412
11.0266 53414
11.03 53416
11.0333 53418
11.0366 53420
11.0399 53422
11.0432 53424
11.0465 53426
11.0498 53428
11.0531 53430
11.0564 53432
11.0598 53434
11.0631 53436
11.0664 53438
11.0697 53440
11.073 53442
11.0763 53444
11.0796 53446
11.0829 53448
11.0863 53450
11.0896 53452
11.0929 53454
11.0962 53456
11.0995 53458
11.1028 53460
11.1061 53462
11.1094 53464
11.1128 53466
11.1161 53468
11.1194 53470
11.1227 53472
11.126 53474
11.1293 53476
11.1326 53478
11.1359 53480
11.1392 53482
11.1426 53484
11.1459 53486
11.1492 53488
11.1525 53490
11.1558 53492
11.1591 53494
11.1624 53496
11.1657 53498
11.1691 53500
11.1724 53502
11.1757 53504
11.179 53506
11.1823 53508
11.1856 53510
11.1889 53512
11.1922 53514
11.1956 53516
11.1989 53518
11.2022 53520
11.2055 53522
11.2088 53524
11.2121 53526
11.2154 53528
11.2187 53530
11.222 53532
11.2254 53534
11.2287 53536
11.232 53538
11.2353 53540
11.2386 53542
11.2419 53544
11.2452 53546
11.2485 53548
11.2519 53550
11.2552 53552
11.2585 53554
11.2618 53556
11.2651 53558
11.2684 53560
11.2717 53562
11.275 53564
11.2784 53566
11.2817 53568
11.285 53570
11.2883 53572
11.2916 53574
11.2949 53576
11.2982 53578
11.3015 53580
11.3048 53582
11.3082 53584
11.3115 53586
11.3148 53588
11.3181 53590
11.3214 53592
11.3247 53594
11.328 53596
11.3313 53598
11.3347 53600
11.338 53602
11.3413 53604
11.3446 53606
11.3479 53608
11.3512 53610
11.3545 53612
11.3578 53614
11.3612 53616
11.3645 53618
11.3678 53620
11.3711 53622
11.3744 53624
11.3777 53626
11.381 53628
11.3843 53630
11.3876 53632
11.391 53634
11.3943 53636
11.3976 53638
11.4009 53640
11.4042 53642
11.4075 53644
11.4108 53646
11.4141 53648
11.4175 53650
11.4208 53652
11.4241 53654
11.4274 53656
11.4307 53658
11.434 53660
11.4373 53662
11.4406 53664
11.444 53666
11.4473 53668
11.4506 53670
11.4539 53672
11.4572 53674
11.4605 53676
11.4638 53678
11.4671 53680
11.4704 53682
11.4738 53684
11.4771 53686
11.4804 53688
11.4837 53690
11.487 53692
11.4903 53694
11.4936 53696
11.4969 53698
11.5003 53700
11.5036 53702
11.5069 53704
11.5102 53706
11.5135 53708
11.5168 53710
11.5201 53712
11.5234 53714
11.5268 53716
11.5301 53718
11.5334 53720
11.5367 53722
11.54 53724
11.5433 53726
11.5466 53728
11.5499 53730
11.5532 53732
11.5566 53734
11.5599 53736
11.5632 53738
11.5665 53740
11.5698 53742
11.5731 53744
11.5764 53746
11.5797 53748
11.5831 53750
11.5864 53752
11.5897 53754
11.593 53756
11.5963 53758
11.5996 53760
11.6029 53762
11.6062 53764
11.6096 53766
11.6129 53768
11.6162 53770
11.6195 53772
11.6228 53774
11.6261 53776
11.6294 53778
11.6327 53780
11.636 53782
11.6394 53784
11.6427 53786
11.646 53788
11.6493 53790
11.6526 53792
11.6559 53794
11.6592 53796
11.6625 53798
11.6659 53800
11.6692 53802
11.6725 53804
11.6758 53806
11.6791 53808
11.6824 53810
11.6857 53812
11.689 53814
11.6924 53816
11.6957 53818
11.699 53820
11.7023 53822
11.7056 53824
11.7089 53826
11.7122 53828
11.7155 53830
11.7188 53832
11.7222 53834
11.7255 53836
11.7288 53838
11.7321 53840
11.7354 53842
11.7387 53844
11.742 53846
11.7453 53848
11.7487 53850
11.752 53852
11.7553 53854
11.7586 53856
11.7619 53858
11.7652 53860
11.7685 53862
11.7718 53864
11.7752 53866
11.7785 53868
11.7818 53870
11.7851 53872
11.7884 53874
11.7917 53876
11.795 53878
11.7983 53880
11.8016 53882
11.805 53884
11.8083 53886
11.8116 53888
11.8149 53890
11.8182 53892
11.8215 53894
11.8248 53896
11.8281 53898
11.8315 53900
11.8348 53902
11.8381 53904
11.8414 53906
11.8447 53908
11.848 53910
11.8513 53912
11.8546 53914
11.858 53916
11.8613 53918
11.8646 53920
11.8679 53922
11.8712 53924
11.8745 53926
11.8778 53928
11.8811 53930
11.8844 53932
11.8878 53934
11.8911 53936
11.8944 53938
11.8977 53940
11.901 53942
11.9043 53944
11.9076 53946
11.9109 53948
11.9143 53950
11.9176 53952
11.9209 53954
11.9242 53956
11.9275 53958
11.9308 53960
11.9341 53962
11.9374 53964
11.9408 53966
11.9441 53968
11.9474 53970
11.9507 53972
11.954 53974
11.9573 53976
11.9606 53978
11.9639 53980
11.9672 53982
11.9706 53984
11.9739 53986
11.9772 53988
11.9805 53990
11.9838 53992
11.9871 53994
11.9904 53996
11.9937 53998
11.9971 54000
12.0004 54002
12.0037 54004
12.007 54006
12.0103 54008
12.0136 54010
12.0169 54012
12.0202 54014
12.0236 54016
12.0269 54018
12.0302 54020
12.0335 54022
12.0368 54024
12.0401 54026
12.0434 54028
12.0467 54030
12.05 54032
12.0534 54034
12.0567 54036
12.06 54038
12.0633 54040
12.0666 54042
12.0699 54044
12.0732 54046
12.0765 54048
12.0799 54050
12.0832 54052
12.0865 54054
12.0898 54056
12.0931 54058
12.0964 54060
12.0997 54062
12.103 54064
12.1064 54066
12.1097 54068
12.113 54070
12.1163 54072
12.1196 54074
12.1229 54076
12.1262 54078
12.1295 54080
12.1328 54082
12.1362 54084
12.1395 54086
12.1428 54088
12.1461 54090
12.1494 54092
12.1527 54094
12.156 54096
12.1593 54098
12.1627 54100
12.166 54102
12.1693 54104
12.1726 54106
12.1759 54108
12.1792 54110
12.1825 54112
12.1858 54114
12.1892 54116
12.1925 54118
12.1958 54120
12.1991 54122
12.2024 54124
12.2057 54126
12.209 54128
12.2123 54130
12.2156 54132
12.219 54134
12.2223 54136
12.2256 54138
12.2289 54140
12.2322 54142
12.2355 54144
12.2388 54146
12.2421 54148
12.2455 54150
12.2488 54152
12.2521 54154
12.2554 54156
12.2587 54158
12.262 54160
12.2653 54162
12.2686 54164
12.272 54166
12.2753 54168
12.2786 54170
12.2819 54172
12.2852 54174
12.2885 54176
12.2918 54178
12.2951 54180
12.2984 54182
12.3018 54184
12.3051 54186
12.3084 54188
12.3117 54190
12.315 54192
12.3183 54194
12.3216 54196
12.3249 54198
12.3283 54200
12.3316 54202
12.3349 54204
12.3382 54206
12.3415 54208
12.3448 54210
12.3481 54212
12.3514 54214
12.3548 54216
12.3581 54218
12.3614 54220
12.3647 54222
12.368 54224
12.3713 54226
12.3746 54228
12.3779 54230
12.3812 54232
12.3846 54234
12.3879 54236
12.3912 54238
12.3945 54240
12.3978 54242
12.4011 54244
12.4044 54246
12.4077 54248
12.4111 54250
12.4144 54252
12.4177 54254
12.421 54256
12.4243 54258
12.4276 54260
12.4309 54262
12.4342 54264
12.4376 54266
12.4409 54268
12.4442 54270
12.4475 54272
12.4508 54274
12.4541 54276
12.4574 54278
12.4607 54280
12.464 54282
12.4674 54284
12.4707 54286
12.474 54288
12.4773 54290
12.4806 54292
12.4839 54294
12.4872 54296
12.4905 54298
12.4939 54300
12.4972 54302
12.5005 54304
12.5038 54306
12.5071 54308
12.5104 54310
12.5137 54312
12.517 54314
12.5204 54316
12.5237 54318
12.527 54320
12.5303 54322
12.5336 54324
12.5369 54326
12.5402 54328
12.5435 54330
12.5468 54332
12.5502 54334
12.5535 54336
12.5568 54338
12.5601 54340
12.5634 54342
12.5667 54344
12.57 54346
12.5733 54348
12.5767 54350
12.58 54352
12.5833 54354
12.5866 54356
12.5899 54358
12.5932 54360
12.5965 54362
12.5998 54364
