0.0 0
0.180557 0.18
0.362846 0.18025
0.546749 0.180719
0.730651 0.181129
0.912898 0.204238
0.91621 0.201958
1.0968 0.199713
1.10011 0.198249
1.10342 0.196843
1.2807 0.195238
1.28401 0.194333
1.28733 0.193416
1.29064 0.192614
1.46295 0.213412
1.46626 0.209986
1.46957 0.206863
1.47288 0.204505
1.4762 0.202567
1.47951 0.200871
1.6452 0.220137
1.64851 0.21587
1.65182 0.212011
1.65513 0.209135
1.65844 0.206618
1.66176 0.204416
1.66507 0.202989
1.66838 0.201615
1.67169 0.200413
1.82744 0.218862
1.83075 0.214629
1.83407 0.21105
1.83738 0.208294
1.84069 0.205882
1.844 0.203772
1.84731 0.2023
1.85063 0.201013
1.85394 0.199886
1.85725 0.199401
1.86056 0.19885
1.86387 0.198369
1.86719 0.198448
1.8705 0.198517
2.01134 0.196702
2.01466 0.19549
2.01797 0.194428
2.02128 0.1935
2.02459 0.193062
2.0279 0.19268
2.03122 0.19247
2.03453 0.192661
2.03784 0.192703
2.04115 0.192865
2.04446 0.193382
2.04778 0.193834
2.05109 0.194355
2.0544 0.195186
2.05771 0.195788
2.06102 0.196439
2.06434 0.197384
2.06765 0.198211
2.07096 0.19881
2.07427 0.199834
2.07758 0.200729
2.19525 0.198638
2.19856 0.197183
2.20187 0.19591
2.20518 0.194922
2.20849 0.194431
2.21181 0.193878
2.21512 0.193518
2.21843 0.193578
2.22174 0.193631
2.22505 0.193677
2.22837 0.194092
2.23168 0.194456
2.23499 0.194774
2.2383 0.195552
2.24161 0.196108
2.24493 0.196595
2.24824 0.19752
2.25155 0.19833
2.25486 0.198914
2.25817 0.199925
2.26149 0.200809
2.2648 0.201583
2.26811 0.20276
2.27142 0.203665
2.27473 0.204457
2.27805 0.20565
2.28136 0.206694
2.28467 0.207607
2.28798 0.208781
2.29129 0.209808
2.29461 0.210707
2.37749 0.221869
2.3808 0.21726
2.38412 0.213353
2.38743 0.210309
2.39074 0.207645
2.39405 0.205314
2.39736 0.20365
2.40068 0.202194
2.40399 0.20092
2.4073 0.200305
2.41061 0.199642
2.41392 0.199061
2.41724 0.199054
2.42055 0.199047
2.42386 0.198916
2.42717 0.199302
2.43048 0.199639
2.4338 0.199934
2.43711 0.200692
2.44042 0.201356
2.44373 0.201811
2.44704 0.20271
2.45036 0.203496
2.45367 0.204184
2.45698 0.205161
2.46029 0.206016
2.4636 0.206764
2.46692 0.207793
2.47023 0.208819
2.47354 0.209592
2.47685 0.210643
2.48016 0.211688
2.48348 0.212602
2.48679 0.213776
2.4901 0.214804
2.49341 0.215704
2.49672 0.216866
2.50004 0.218008
2.50335 0.218882
2.50666 0.220021
2.50997 0.221019
2.51328 0.222016
2.5166 0.223264
2.51991 0.224356
2.52322 0.225312
2.52653 0.226523
2.52984 0.227582
2.5614 0.222135
2.56471 0.217743
2.56802 0.214025
2.57133 0.210647
2.57464 0.208066
2.57796 0.205808
2.58127 0.203957
2.58458 0.202712
2.58789 0.201498
2.5912 0.200561
2.59452 0.200116
2.59783 0.199726
2.60114 0.199511
2.60445 0.199697
2.60776 0.199735
2.61108 0.199893
2.61439 0.200406
2.6177 0.200855
2.62101 0.201248
2.62432 0.201967
2.62764 0.202596
2.63095 0.203147
2.63426 0.204129
2.63757 0.204862
2.64088 0.205505
2.6442 0.206567
2.64751 0.207496
2.65082 0.208184
2.65413 0.209286
2.65744 0.21025
2.66076 0.211094
2.66407 0.212332
2.66738 0.213291
2.67069 0.214129
2.674 0.215363
2.67732 0.216443
2.68063 0.217387
2.68394 0.218589
2.68725 0.21964
2.69056 0.22056
2.69388 0.22174
2.69719 0.222898
2.7005 0.223786
2.70381 0.224937
2.70712 0.22607
2.71044 0.227061
2.71375 0.228304
2.71706 0.229391
2.72037 0.230342
2.72368 0.231549
2.727 0.232606
2.73031 0.23353
2.73362 0.234714
2.73693 0.235749
2.74024 0.236781
2.74356 0.238058
2.74687 0.239051
2.75018 0.240045
2.75349 0.241289
2.7568 0.242378
2.76012 0.243456
2.76343 0.244774
2.76674 0.245802
2.77005 0.246827
2.77336 0.248098
2.77668 0.249211
2.77999 0.25006
2.7833 0.251302
2.78661 0.252389
2.78992 0.253341
2.79324 0.254673
2.79655 0.252214
2.79986 0.250062
2.80317 0.248679
2.80648 0.247345
2.8098 0.246176
2.81311 0.245654
2.81642 0.245198
2.81973 0.244798
2.82304 0.244948
2.82635 0.244955
2.82967 0.24496
2.83298 0.24534
2.83629 0.245798
2.8396 0.246073
2.84291 0.246689
2.84623 0.247353
2.84954 0.247934
2.85285 0.248817
2.85616 0.24959
2.85947 0.250266
2.86279 0.251233
2.8661 0.252204
2.86941 0.252928
2.87272 0.253937
2.87603 0.254945
2.87935 0.255827
2.88266 0.256974
2.88597 0.257852
2.88928 0.258745
2.89259 0.259902
2.89591 0.260914
2.89922 0.261925
2.90253 0.263184
2.90584 0.264161
2.90915 0.265141
2.91247 0.266374
2.91578 0.267452
2.91909 0.268395
2.9224 0.269596
2.92571 0.270646
2.92903 0.271691
2.93234 0.272979
2.93565 0.273982
2.93896 0.274859
2.94227 0.276127
2.94559 0.277236
2.9489 0.278081
2.95221 0.279321
2.95552 0.280406
2.95883 0.281355
2.96215 0.282686
2.96546 0.283725
2.96877 0.284635
2.97208 0.28593
2.97539 0.287064
2.97871 0.288056
2.98202 0.289424
2.98533 0.290496
2.98864 0.291434
2.99195 0.29263
2.99527 0.293801
2.99858 0.294701
3.00189 0.295863
3.0052 0.297005
3.00851 0.298005
3.01183 0.299254
3.01514 0.300347
3.01845 0.301304
3.02176 0.302516
3.02507 0.303701
3.02839 0.304614
3.0317 0.305787
3.03501 0.306939
3.03832 0.307946
3.04163 0.309203
3.04495 0.310303
3.04826 0.311265
3.05157 0.312482
3.05488 0.313547
3.05819 0.314603
3.06151 0.315903
3.06482 0.316915
3.06813 0.317926
3.07144 0.319185
3.07475 0.320287
3.07807 0.321251
3.08138 0.32247
3.08469 0.323536
3.088 0.324594
3.09131 0.325895
3.09463 0.326908
3.09794 0.327794
3.10125 0.32907
3.10456 0.330186
3.10787 0.331038
3.11119 0.332283
3.1145 0.333373
3.11781 0.334326
3.12112 0.33566
3.12443 0.336828
3.12775 0.337724
3.13106 0.339009
3.13437 0.340133
3.13768 0.341116
3.14099 0.342352
3.14431 0.343433
3.14762 0.344379
3.15093 0.345581
3.15424 0.346759
3.15755 0.347664
3.16087 0.348831
3.16418 0.349977
3.16749 0.35098
3.1708 0.352232
3.17411 0.353328
3.17743 0.354287
3.18074 0.355501
3.18405 0.356689
3.18736 0.357603
3.19067 0.358777
3.19399 0.359805
3.1973 0.360829
3.20061 0.362101
3.20392 0.363213
3.20723 0.364187
3.21055 0.365413
3.21386 0.366487
3.21717 0.367551
3.22048 0.368857
3.22379 0.369875
3.22711 0.37089
3.23042 0.372154
3.23373 0.37326
3.23704 0.374227
3.24035 0.375449
3.24367 0.376518
3.24698 0.377453
3.25029 0.378771
3.2536 0.3798
3.25691 0.3807
4.11638 0.369738
4.11969 0.36027
4.123 0.352362
4.12631 0.345566
4.12963 0.339746
4.13294 0.334652
4.13625 0.330321
4.13956 0.326656
4.14287 0.323824
4.14619 0.321846
4.1495 0.32049
4.15281 0.319679
4.15612 0.319469
4.15943 0.31966
4.16275 0.320203
4.16606 0.321177
4.16937 0.32203
4.17268 0.322776
4.17599 0.323304
4.17931 0.320766
4.18262 0.318921
4.18593 0.31768
4.18924 0.317095
4.19255 0.316959
4.19587 0.317214
4.19918 0.317937
4.20249 0.318945
4.2058 0.320202
4.20911 0.321802
4.21243 0.323576
4.21739 0.321254
4.22071 0.319598
4.22402 0.318648
4.22733 0.318192
4.23064 0.318168
4.23395 0.318522
4.23727 0.319332
4.24058 0.320415
4.24389 0.321738
4.2472 0.323396
4.25051 0.325221
4.25548 0.322819
4.25879 0.321091
4.26211 0.32008
4.26542 0.31957
4.26873 0.319499
4.27204 0.319936
4.27535 0.320694
4.27867 0.321733
4.28198 0.323016
4.28529 0.324639
4.2886 0.326434
4.29191 0.324005
4.29523 0.322379
4.29854 0.321332
4.30185 0.32079
4.30516 0.320817
4.30847 0.321214
4.31179 0.321938
4.3151 0.32307
4.31841 0.324437
4.32172 0.326007
4.32503 0.327881
4.32835 0.325646
4.33166 0.324065
4.33497 0.323057
4.33828 0.322675
4.34159 0.322716
4.34491 0.323126
4.34822 0.323985
4.35153 0.325112
4.35484 0.326473
4.35815 0.328164
4.36147 0.326019
4.36478 0.324516
4.36809 0.323702
4.3714 0.323364
4.37471 0.323443
4.37803 0.324013
4.38134 0.324886
4.38465 0.326026
4.38796 0.327397
4.39127 0.325473
4.39459 0.324164
4.3979 0.323393
4.40121 0.323219
4.40452 0.323442
4.40783 0.324011
4.41115 0.32501
4.41446 0.326259
4.41777 0.327726
4.42108 0.329511
4.42439 0.326822
4.42771 0.323969
4.43102 0.321223
4.43433 0.31882
4.43764 0.316593
4.44095 0.314643
4.44427 0.313063
4.44758 0.311555
4.45089 0.310236
4.4542 0.309206
4.45751 0.308181
4.46083 0.307283
4.46414 0.306623
4.46745 0.30592
4.47076 0.305305
4.47407 0.304892
4.47739 0.30403
4.4807 0.303276
4.48401 0.302742
4.48732 0.302149
4.49063 0.301631
4.49395 0.301177
4.49726 0.30078
4.50057 0.300432
4.50388 0.300128
4.50719 0.299862
4.51051 0.299629
4.51382 0.299176
4.51713 0.298904
4.52044 0.298541
4.52375 0.298223
4.52707 0.29807
4.53038 0.297936
4.53369 0.297694
4.537 0.297608
4.54031 0.297532
4.54363 0.29734
4.54694 0.297173
4.55025 0.296901
4.55356 0.296663
4.55687 0.296331
4.56019 0.296164
4.5635 0.296019
4.56681 0.295766
4.57012 0.295671
4.57343 0.295587
4.57675 0.295513
4.58006 0.295449
4.58337 0.295393
4.58668 0.295344
4.58999 0.295176
4.59331 0.295154
4.59662 0.295135
4.59993 0.294993
4.60324 0.294994
4.60655 0.294995
4.60987 0.29487
4.61318 0.294886
4.61649 0.294901
4.6198 0.294413
4.62311 0.294111
4.62643 0.293847
4.62974 0.293492
4.63305 0.293305
4.63636 0.293142
4.63967 0.292874
4.64299 0.29264
4.6463 0.29256
4.64961 0.292365
4.65292 0.292194
4.65623 0.29217
4.65955 0.292024
4.66286 0.291896
4.66617 0.291909
4.66948 0.291795
4.67279 0.291696
4.67611 0.291734
4.67942 0.291767
4.68273 0.291671
4.68604 0.291712
4.68935 0.291748
4.69267 0.291655
4.69598 0.291573
4.69929 0.291626
4.7026 0.291548
4.70591 0.29148
4.70923 0.291545
4.71254 0.291476
4.71585 0.291417
4.71916 0.29149
4.72247 0.291429
4.72579 0.291375
4.7291 0.291453
4.73241 0.291521
4.73572 0.291456
4.73903 0.291524
4.74235 0.291584
4.74566 0.291511
4.74897 0.291447
4.75228 0.291516
4.75559 0.291452
4.75891 0.291395
4.76222 0.291471
4.76553 0.291412
4.76884 0.29136
4.77215 0.29144
4.77547 0.291385
4.77878 0.291337
4.78209 0.29142
4.7854 0.291492
4.78871 0.291431
4.79203 0.291502
4.79534 0.291564
4.79865 0.291494
4.80196 0.291432
4.80527 0.291503
4.80859 0.29144
4.8119 0.291385
4.81521 0.291462
4.81852 0.291404
4.82183 0.291354
4.82515 0.291435
4.82846 0.29138
4.83177 0.291333
4.83508 0.291416
4.83839 0.291489
4.84171 0.291428
4.84502 0.291499
4.84833 0.291562
4.85164 0.291492
4.85495 0.29143
4.85827 0.291502
4.86158 0.291439
4.86489 0.291384
4.8682 0.291461
4.87151 0.291403
4.87483 0.291353
4.87814 0.291434
4.88145 0.291505
4.88476 0.291442
4.88807 0.291511
4.89139 0.291572
4.8947 0.291501
4.89801 0.291563
4.90132 0.291618
4.90463 0.291541
4.90795 0.291473
4.91126 0.291539
4.91457 0.291472
4.91788 0.291413
4.92119 0.291486
4.92451 0.291425
4.92782 0.291372
4.93113 0.291451
4.93444 0.291519
4.93775 0.291454
4.94107 0.291523
4.94438 0.291582
4.94769 0.291509
4.951 0.291571
4.95431 0.291624
4.95763 0.291546
4.96094 0.291478
4.96425 0.291543
4.96756 0.291475
4.97087 0.291416
4.97419 0.291489
4.9775 0.291428
4.98081 0.291374
4.98412 0.291453
4.98743 0.291521
4.99075 0.291456
4.99406 0.291524
4.99737 0.291583
5.00068 0.29151
5.00399 0.291447
5.00731 0.291516
5.01062 0.291451
5.01393 0.291395
5.01724 0.291471
5.02055 0.291412
5.02387 0.29136
5.02718 0.29144
5.03049 0.291385
5.0338 0.291337
5.03711 0.29142
5.04043 0.291492
5.04374 0.291431
5.04705 0.291502
5.05036 0.291564
5.05367 0.291494
5.05699 0.291432
5.0603 0.291503
5.06361 0.29144
5.06692 0.291385
5.07023 0.291462
5.07355 0.291404
5.07686 0.291354
5.08017 0.291434
5.08348 0.29138
5.08679 0.291333
5.09011 0.291416
5.09342 0.291489
5.09673 0.291428
5.10004 0.291499
5.10335 0.291562
5.10667 0.291492
5.10998 0.29143
5.11329 0.291502
5.1166 0.291439
5.11991 0.291384
5.12323 0.291461
5.12654 0.291403
5.12985 0.291353
5.13316 0.291434
5.13647 0.29138
5.13979 0.291332
5.1431 0.291416
5.14641 0.291489
5.14972 0.291428
5.15303 0.291499
5.15635 0.291562
5.15966 0.291492
5.16297 0.29143
5.16628 0.291501
5.16959 0.291439
5.17291 0.291384
5.17622 0.291461
5.17953 0.291403
5.18284 0.291353
5.18615 0.291434
5.18947 0.29138
5.19278 0.291332
5.19609 0.291416
5.1994 0.291489
5.20271 0.291428
5.20603 0.291499
5.20934 0.291562
5.21265 0.291491
5.21596 0.29143
5.21927 0.291501
5.22259 0.291439
5.2259 0.291384
5.22921 0.291461
5.23252 0.291403
5.23583 0.291353
5.23915 0.291434
5.24246 0.29138
5.24577 0.291332
5.24908 0.291416
5.25239 0.291489
5.25571 0.291428
5.25902 0.291499
5.26233 0.291562
5.26564 0.291491
5.26895 0.29143
5.27227 0.291501
5.27558 0.291439
5.27889 0.291384
5.2822 0.291461
5.28551 0.291403
5.28883 0.291353
5.29214 0.291434
5.29545 0.291505
5.29876 0.291441
5.30207 0.291511
5.30539 0.291572
5.3087 0.291501
5.31201 0.291563
5.31532 0.291618
5.31863 0.291541
5.32195 0.291473
5.32526 0.291539
5.32857 0.291472
5.33188 0.291413
5.33519 0.291486
5.33851 0.291425
5.34182 0.291372
5.34513 0.291451
5.34844 0.291519
5.35175 0.291454
5.35507 0.291523
5.35838 0.291582
5.36169 0.291509
5.365 0.291571
5.36831 0.291624
5.37163 0.291546
5.37494 0.291478
5.37825 0.291543
5.38156 0.291475
5.38487 0.291416
5.38819 0.291489
5.3915 0.291428
5.39481 0.291374
5.39812 0.291453
5.40143 0.291521
5.40475 0.291456
5.40806 0.291524
5.41137 0.291583
5.41468 0.29151
5.41799 0.291447
5.42131 0.291516
5.42462 0.291451
5.42793 0.291395
5.43124 0.291471
5.43455 0.291412
5.43787 0.29136
5.44118 0.29144
5.44449 0.291385
5.4478 0.291337
5.45111 0.29142
5.45443 0.291492
5.45774 0.291431
5.46105 0.291502
5.46436 0.291564
5.46767 0.291494
5.47099 0.291432
5.4743 0.291503
5.47761 0.29144
5.48092 0.291385
5.48423 0.291462
5.48755 0.291404
5.49086 0.291354
5.49417 0.291434
5.49748 0.29138
5.50079 0.291333
5.50411 0.291416
5.50742 0.291489
5.51073 0.291428
5.51404 0.291499
5.51735 0.291562
5.52067 0.291492
5.52398 0.29143
5.52729 0.291502
5.5306 0.291439
5.53391 0.291384
5.53723 0.291461
5.54054 0.291403
5.54385 0.291353
5.54716 0.291434
5.55047 0.29138
5.55379 0.291332
5.5571 0.291416
5.56041 0.291489
5.56372 0.291428
5.56703 0.291499
5.57035 0.291562
5.57366 0.291492
5.57697 0.29143
5.58028 0.291501
5.58359 0.291439
5.58691 0.291384
5.59022 0.291461
5.59353 0.291403
5.59684 0.291353
5.60015 0.291434
5.60347 0.29188
5.60678 0.292145
5.61009 0.292502
5.6134 0.292814
5.61671 0.293087
5.62003 0.293326
5.62334 0.293535
5.62665 0.293718
5.62996 0.293754
5.63327 0.293909
5.63659 0.294046
5.6399 0.29404
5.64321 0.29416
5.64652 0.294265
5.64983 0.294232
5.65315 0.294328
5.65646 0.294412
5.65977 0.29436
5.66308 0.29444
5.66639 0.29451
5.66971 0.294572
5.67302 0.294625
5.67633 0.294672
5.67964 0.294713
5.68295 0.294624
5.68627 0.294671
5.68958 0.294712
5.69289 0.294623
5.6962 0.29467
5.69951 0.294711
5.70283 0.294622
5.70614 0.29467
5.70945 0.294711
5.71276 0.294747
5.71607 0.294779
5.71939 0.294806
5.7227 0.294831
5.72601 0.294852
5.72932 0.29487
5.73263 0.294886
5.73595 0.294776
5.73926 0.294804
5.74257 0.294828
5.74588 0.294725
5.74919 0.294759
5.75251 0.294789
5.75582 0.294691
5.75913 0.294729
5.76244 0.294763
5.76575 0.294793
5.76907 0.294819
5.77238 0.294841
5.77569 0.294861
5.779 0.294878
5.78231 0.294894
5.78563 0.294907
5.78894 0.294794
5.79225 0.294819
5.79556 0.294842
5.79887 0.294737
5.80219 0.29477
5.8055 0.294798
5.80881 0.294699
5.81212 0.294736
5.81543 0.294769
5.81875 0.294798
5.82206 0.294823
5.82537 0.294845
5.82868 0.294865
5.83199 0.294757
5.83531 0.294787
5.83862 0.294814
5.84193 0.294712
5.84524 0.294748
5.84855 0.294779
5.85187 0.294682
5.85518 0.294722
5.85849 0.294757
5.8618 0.294662
5.86511 0.294704
5.86843 0.294741
5.87174 0.294774
5.87505 0.294802
5.87836 0.294827
5.88167 0.294848
5.88499 0.294742
5.8883 0.294774
5.89161 0.294803
5.89492 0.294702
5.89823 0.29474
5.90155 0.294772
5.90486 0.294676
5.90817 0.294716
5.91148 0.294752
5.91479 0.294658
5.91811 0.2947
5.92142 0.294738
5.92473 0.294771
5.92804 0.294799
5.93135 0.294824
5.93467 0.294846
5.93798 0.294741
5.94129 0.294773
5.9446 0.294801
5.94791 0.294701
5.95123 0.294739
5.95454 0.294771
5.95785 0.294675
5.96116 0.294715
5.96447 0.294751
5.96779 0.294657
5.9711 0.2947
5.97441 0.294738
5.97772 0.29477
5.98103 0.294799
5.98435 0.294824
5.98766 0.294846
5.99097 0.29474
5.99428 0.294773
5.99759 0.294801
6.00091 0.294701
6.00422 0.294738
6.00753 0.294771
6.01084 0.294675
6.01415 0.294715
6.01747 0.294751
6.02078 0.294657
6.02409 0.2947
6.0274 0.294737
6.03071 0.29477
6.03403 0.294799
6.03734 0.294824
6.04065 0.294846
6.04396 0.29474
6.04727 0.294773
6.05059 0.294801
6.0539 0.294701
6.05721 0.294738
6.06052 0.294771
6.06383 0.294675
6.06715 0.294715
6.07046 0.294751
6.07377 0.294657
6.07708 0.2947
6.08039 0.294737
6.08371 0.29477
6.08702 0.294799
6.09033 0.294824
6.09364 0.294846
6.09695 0.29474
6.10027 0.294773
6.10358 0.294801
6.10689 0.294701
6.1102 0.294738
6.11351 0.294771
6.11683 0.294675
6.12014 0.294715
6.12345 0.294751
6.12676 0.294782
6.13007 0.294809
6.13338 0.294833
6.1367 0.294854
6.14001 0.294872
6.14332 0.294888
6.14663 0.294902
6.14994 0.294789
6.15326 0.294816
6.15657 0.294839
6.15988 0.294734
6.16319 0.294767
6.1665 0.294796
6.16982 0.294697
6.17313 0.294735
6.17644 0.294768
6.17975 0.294797
6.18306 0.294822
6.18638 0.294844
6.18969 0.294864
6.193 0.294881
6.19631 0.294896
6.19962 0.294909
6.20294 0.294795
6.20625 0.294821
6.20956 0.294843
6.21287 0.294738
6.21618 0.294771
6.2195 0.294799
6.22281 0.294699
6.22612 0.294737
6.22943 0.29477
6.23274 0.294799
6.23606 0.294824
6.23937 0.294846
6.24268 0.294865
6.24599 0.294757
6.2493 0.294787
6.25262 0.294814
6.25593 0.294712
6.25924 0.294748
6.26255 0.29478
6.26586 0.294682
6.26918 0.294722
6.27249 0.294757
6.2758 0.294662
6.27911 0.294704
6.28242 0.294741
6.28574 0.294774
6.28905 0.294802
6.29236 0.294827
6.29567 0.294848
6.29898 0.294742
6.3023 0.294775
6.30561 0.294803
6.30892 0.294702
6.31223 0.29474
6.31554 0.294772
6.31886 0.294676
6.32217 0.294716
6.32548 0.294752
6.32879 0.294658
6.3321 0.2947
6.33542 0.294738
6.33873 0.294771
6.34204 0.294799
6.34535 0.294824
6.34866 0.294846
6.35198 0.294741
6.35529 0.294773
6.3586 0.294801
6.36191 0.294701
6.36522 0.294739
6.36854 0.294771
6.37185 0.294675
6.37516 0.294715
6.37847 0.294751
6.38178 0.294657
6.3851 0.2947
6.38841 0.294738
6.39172 0.29477
6.39503 0.294799
6.39834 0.294824
6.40166 0.294846
6.40497 0.29474
6.40828 0.294773
6.41159 0.294801
6.4149 0.294701
6.41822 0.294738
6.42153 0.294771
6.42484 0.294675
6.42815 0.294715
6.43146 0.294751
6.43478 0.294657
6.43809 0.2947
6.4414 0.294737
6.44471 0.29477
6.44802 0.294799
6.45134 0.294824
6.45465 0.294846
6.45796 0.29474
6.46127 0.294773
6.46458 0.294801
6.4679 0.294701
6.47121 0.294738
6.47452 0.294771
6.47783 0.294675
6.48114 0.294715
6.48446 0.294751
6.48777 0.294657
6.49108 0.2947
6.49439 0.294737
6.4977 0.29477
6.50102 0.294799
6.50433 0.294824
6.50764 0.294846
6.51095 0.29474
6.51426 0.294773
6.51758 0.294801
6.52089 0.294701
6.5242 0.294738
6.52751 0.294771
6.53082 0.294675
6.53414 0.294715
6.53745 0.294751
6.54076 0.294782
6.54407 0.294809
6.54738 0.294833
6.5507 0.294854
6.55401 0.294872
6.55732 0.294888
6.56063 0.294902
6.56394 0.294789
6.56726 0.294816
6.57057 0.294839
6.57388 0.294734
6.57719 0.294767
6.5805 0.294796
6.58382 0.294697
6.58713 0.294735
6.59044 0.294768
6.59375 0.294797
6.59706 0.294822
6.60038 0.294844
6.60369 0.294864
6.607 0.294881
6.61031 0.294896
6.61362 0.294909
6.61694 0.294795
6.62025 0.294821
6.62356 0.294843
6.62687 0.294738
6.63018 0.294771
6.6335 0.294799
6.63681 0.294699
6.64012 0.294737
6.64343 0.29477
6.64674 0.294799
6.65006 0.294824
6.65337 0.294846
6.65668 0.294865
6.65999 0.294757
6.6633 0.294787
6.66662 0.294814
6.66993 0.294712
6.67324 0.294748
6.67655 0.29478
6.67986 0.294682
6.68318 0.294722
6.68649 0.294757
6.6898 0.294662
6.69311 0.294704
6.69642 0.294741
6.69974 0.294774
6.70305 0.294802
6.70636 0.294827
6.70967 0.294848
6.71298 0.294742
6.7163 0.294775
6.71961 0.294803
6.72292 0.294702
6.72623 0.29474
6.72954 0.294772
6.73286 0.294676
6.73617 0.294716
6.73948 0.294752
6.74279 0.294658
6.7461 0.2947
6.74942 0.294738
6.75273 0.294771
6.75604 0.294799
6.75935 0.294824
6.76266 0.294846
6.76598 0.294741
6.76929 0.294773
6.7726 0.294801
6.77591 0.294701
6.77922 0.294739
6.78254 0.294771
6.78585 0.294675
6.78916 0.294715
6.79247 0.294751
6.79578 0.294657
6.7991 0.295075
6.80241 0.295441
6.80572 0.295761
6.80903 0.296165
6.81234 0.296395
6.81566 0.296595
6.81897 0.296771
6.82228 0.296925
6.82559 0.297059
6.8289 0.297177
6.83222 0.29728
6.83553 0.29737
6.83884 0.297448
6.84215 0.297517
6.84546 0.297578
6.84878 0.29763
6.85209 0.297677
6.8554 0.297717
6.85871 0.297752
6.86202 0.297908
6.86534 0.29792
6.86865 0.29793
6.87196 0.297939
6.87527 0.297946
6.87858 0.297953
6.8819 0.297959
6.88521 0.297964
6.88852 0.297969
6.89183 0.297972
6.89514 0.297976
6.89846 0.297979
6.90177 0.297982
6.90508 0.297984
6.90839 0.297986
6.9117 0.297988
6.91502 0.298114
6.91833 0.2981
6.92164 0.298087
6.92495 0.298076
6.92826 0.298067
6.93158 0.298059
6.93489 0.298051
6.9382 0.298045
6.94151 0.298039
6.94482 0.298034
6.94814 0.29803
6.95145 0.298026
6.95476 0.298023
6.95807 0.298145
6.96138 0.298127
6.9647 0.298111
6.96801 0.298222
6.97132 0.298194
6.97463 0.29817
6.97794 0.298149
6.98126 0.29813
6.98457 0.298114
6.98788 0.2981
6.99119 0.298087
6.9945 0.298076
6.99782 0.298067
7.00113 0.298058
7.00444 0.298051
7.00775 0.298045
7.01106 0.298164
7.01438 0.298144
7.01769 0.298126
7.021 0.298235
7.02431 0.298206
7.02762 0.29818
7.03094 0.298157
7.03425 0.298138
7.03756 0.298121
7.04087 0.298105
7.04418 0.298092
7.0475 0.298081
7.05081 0.298071
7.05412 0.298062
7.05743 0.298054
7.06074 0.298047
7.06406 0.298166
7.06737 0.298146
7.07068 0.298127
7.07399 0.298111
7.0773 0.298098
7.08062 0.298085
7.08393 0.298075
7.08724 0.298065
7.09055 0.298057
7.09386 0.29805
7.09718 0.298044
7.10049 0.298038
7.1038 0.298034
7.10711 0.298029
7.11042 0.298026
7.11374 0.298022
7.11705 0.298145
7.12036 0.298127
7.12367 0.298111
7.12698 0.298097
7.1303 0.298085
7.13361 0.298074
7.13692 0.298065
7.14023 0.298057
7.14354 0.29805
7.14686 0.298043
7.15017 0.298038
7.15348 0.298033
7.15679 0.298029
7.1601 0.298025
7.16342 0.298022
7.16673 0.29802
7.17004 0.298142
7.17335 0.298124
7.17666 0.298109
7.17998 0.298095
7.18329 0.298083
7.1866 0.298073
7.18991 0.298064
7.19322 0.298056
7.19654 0.298049
7.19985 0.298043
7.20316 0.298037
7.20647 0.298033
7.20978 0.298029
7.2131 0.298025
7.21641 0.298022
7.21972 0.298019
7.22303 0.298142
7.22634 0.298124
7.22966 0.298109
7.23297 0.298095
7.23628 0.298083
7.23959 0.298073
7.2429 0.298064
7.24622 0.298056
7.24953 0.298049
7.25284 0.298043
7.25615 0.298037
7.25946 0.298033
7.26278 0.298029
7.26609 0.298025
7.2694 0.298022
7.27271 0.298019
7.27602 0.298142
7.27934 0.298124
7.28265 0.298109
7.28596 0.298095
7.28927 0.298083
7.29258 0.298073
7.2959 0.298064
7.29921 0.298056
7.30252 0.298049
7.30583 0.298043
7.30914 0.298037
7.31246 0.298033
7.31577 0.298029
7.31908 0.298025
7.32239 0.298022
7.3257 0.298019
7.32902 0.298142
7.33233 0.298124
7.33564 0.298109
7.33895 0.298095
7.34226 0.298083
7.34558 0.298073
7.34889 0.298064
7.3522 0.298056
7.35551 0.298049
7.35882 0.298043
7.36214 0.298037
7.36545 0.298033
7.36876 0.298029
7.37207 0.29815
7.37538 0.298131
7.3787 0.298115
7.38201 0.298225
7.38532 0.298197
7.38863 0.298173
7.39194 0.298151
7.39526 0.298132
7.39857 0.298116
7.40188 0.298101
7.40519 0.298089
7.4085 0.298077
7.41182 0.298068
7.41513 0.298059
7.41844 0.298052
7.42175 0.298045
7.42506 0.298165
7.42838 0.298144
7.43169 0.298126
7.435 0.298235
7.43831 0.298206
7.44162 0.29818
7.44494 0.298158
7.44825 0.298138
7.45156 0.298121
7.45487 0.298106
7.45818 0.298092
7.4615 0.298081
7.46481 0.298071
7.46812 0.298062
7.47143 0.298054
7.47474 0.298047
7.47806 0.298166
7.48137 0.298146
7.48468 0.298127
7.48799 0.298112
7.4913 0.298098
7.49462 0.298085
7.49793 0.298075
7.50124 0.298065
7.50455 0.298057
7.50786 0.29805
7.51118 0.298044
7.51449 0.298038
7.5178 0.298034
7.52111 0.298029
7.52442 0.298026
7.52774 0.298022
7.53105 0.298145
7.53436 0.298127
7.53767 0.298111
7.54098 0.298097
7.5443 0.298085
7.54761 0.298074
7.55092 0.298065
7.55423 0.298057
7.55754 0.29805
7.56086 0.298043
7.56417 0.298038
7.56748 0.298033
7.57079 0.298029
7.5741 0.298025
7.57742 0.298022
7.58073 0.29802
7.58404 0.298142
7.58735 0.298124
7.59066 0.298109
7.59398 0.298095
7.59729 0.298083
7.6006 0.298073
7.60391 0.298064
7.60722 0.298056
7.61054 0.298049
7.61385 0.298043
7.61716 0.298037
7.62047 0.298033
7.62378 0.298029
7.6271 0.298025
7.63041 0.298022
7.63372 0.298019
7.63703 0.298142
7.64034 0.298124
7.64366 0.298109
7.64697 0.298095
7.65028 0.298083
7.65359 0.298073
7.6569 0.298064
7.66022 0.298056
7.66353 0.298049
7.66684 0.298043
7.67015 0.298037
7.67346 0.298033
7.67678 0.298029
7.68009 0.298025
7.6834 0.298022
7.68671 0.298019
7.69002 0.298142
7.69334 0.298124
7.69665 0.298109
7.69996 0.298095
7.70327 0.298083
7.70658 0.298073
7.7099 0.298064
7.71321 0.298056
7.71652 0.298049
7.71983 0.298043
7.72314 0.298037
7.72646 0.298033
7.72977 0.298029
7.73308 0.298025
7.73639 0.298022
7.7397 0.298019
7.74302 0.298142
7.74633 0.298124
7.74964 0.298109
7.75295 0.298095
7.75626 0.298083
7.75958 0.298073
7.76289 0.298064
7.7662 0.298056
7.76951 0.298049
7.77282 0.298043
7.77614 0.298037
7.77945 0.298033
7.78276 0.298029
7.78607 0.29815
7.78938 0.298131
7.7927 0.298115
7.79601 0.298225
7.79932 0.298197
7.80263 0.298173
7.80594 0.298151
7.80926 0.298132
7.81257 0.298116
7.81588 0.298101
7.81919 0.298089
7.8225 0.298077
7.82582 0.298068
7.82913 0.298059
7.83244 0.298052
7.83575 0.298045
7.83906 0.298165
7.84238 0.298144
7.84569 0.298126
7.849 0.29811
7.85231 0.298097
7.85562 0.298084
7.85894 0.298074
7.86225 0.298065
7.86556 0.298057
7.86887 0.29805
7.87218 0.298043
7.8755 0.298038
7.87881 0.298033
7.88212 0.298029
7.88543 0.298025
7.88874 0.298022
7.89206 0.298144
7.89537 0.298126
7.89868 0.298111
7.90199 0.298097
7.9053 0.298085
7.90862 0.298074
7.91193 0.298065
7.91524 0.298057
7.91855 0.29805
7.92186 0.298043
7.92518 0.298038
7.92849 0.298033
7.9318 0.298029
7.93511 0.298025
7.93842 0.298022
7.94174 0.298019
7.94505 0.298142
7.94836 0.298124
7.95167 0.298109
7.95498 0.298095
7.9583 0.298083
7.96161 0.298073
7.96492 0.298064
7.96823 0.298056
7.97154 0.298049
7.97486 0.298043
7.97817 0.298037
7.98148 0.298033
7.98479 0.298029
7.9881 0.298025
7.99142 0.298022
7.99473 0.298019
7.99804 0.298142
8.00135 0.298124
8.00466 0.298109
8.00798 0.298095
8.01129 0.298083
8.0146 0.298073
8.01791 0.298064
8.02122 0.298056
8.02454 0.298049
8.02785 0.298043
8.03116 0.298037
8.03447 0.298033
8.03778 0.298029
8.0411 0.298025
8.04441 0.298022
8.04772 0.298019
8.05103 0.298142
8.05434 0.298124
8.05766 0.298109
8.06097 0.298095
8.06428 0.298083
8.06759 0.298073
8.0709 0.298064
8.07422 0.298056
8.07753 0.298049
8.08084 0.298043
8.08415 0.298037
8.08746 0.298033
8.09078 0.298029
8.09409 0.298025
8.0974 0.298022
8.10071 0.298019
8.10402 0.298142
8.10734 0.298124
8.11065 0.298109
8.11396 0.298095
8.11727 0.298083
8.12058 0.298073
8.1239 0.298064
8.12721 0.298056
8.13052 0.298049
8.13383 0.298043
8.13714 0.298037
8.14046 0.298033
8.14377 0.298029
8.14708 0.29815
8.15039 0.298131
8.1537 0.298115
8.15702 0.298225
8.16033 0.298197
8.16364 0.298173
8.16695 0.298151
8.17026 0.298132
8.17358 0.298116
8.17689 0.298101
8.1802 0.298089
8.18351 0.298077
8.18682 0.298068
8.19014 0.298059
8.19345 0.298052
8.19676 0.298045
8.20007 0.298165
8.20338 0.298144
8.2067 0.298126
8.21001 0.298235
8.21332 0.298206
8.21663 0.29818
8.21994 0.298158
8.22326 0.298138
8.22657 0.298121
8.22988 0.298106
8.23319 0.298092
8.2365 0.298081
8.23982 0.298071
8.24313 0.298062
8.24644 0.298054
8.24975 0.298047
8.25306 0.298166
8.25638 0.298146
8.25969 0.298127
8.263 0.298112
8.26631 0.298098
8.26962 0.298085
8.27294 0.298075
8.27625 0.298065
8.27956 0.298057
8.28287 0.29805
8.28618 0.298044
8.2895 0.298038
8.29281 0.298034
8.29612 0.298029
8.29943 0.298026
8.30274 0.298022
8.30606 0.298145
8.30937 0.298127
8.31268 0.298111
8.31599 0.298097
8.3193 0.298085
8.32262 0.298074
8.32593 0.298065
8.32924 0.298057
8.33255 0.29805
8.33586 0.298043
8.33918 0.298038
8.34249 0.298033
8.3458 0.298029
8.34911 0.298025
8.35242 0.298022
8.35574 0.29802
8.35905 0.298142
8.36236 0.298124
8.36567 0.298109
8.36898 0.298095
8.3723 0.298083
8.37561 0.298073
8.37892 0.298064
8.38223 0.298056
8.38554 0.298049
8.38886 0.298043
8.39217 0.298037
8.39548 0.298033
8.39879 0.298029
8.4021 0.298025
8.40542 0.298022
8.40873 0.298019
8.41204 0.298142
8.41535 0.298124
8.41866 0.298109
8.42198 0.298095
8.42529 0.298083
8.4286 0.298073
8.43191 0.298064
8.43522 0.298056
8.43854 0.298049
8.44185 0.298043
8.44516 0.298037
8.44847 0.298033
8.45178 0.298029
8.4551 0.298025
8.45841 0.298022
8.46172 0.298019
8.46503 0.298142
8.46834 0.298124
8.47166 0.298109
8.47497 0.298095
8.47828 0.298083
8.48159 0.298073
8.4849 0.298064
8.48822 0.298056
8.49153 0.298049
8.49484 0.298043
8.49815 0.298037
8.50146 0.298033
8.50478 0.298029
8.50809 0.298025
8.5114 0.298022
8.51471 0.298019
8.51802 0.298142
8.52134 0.298124
8.52465 0.298109
8.52796 0.298095
8.53127 0.298083
8.53458 0.298073
8.5379 0.298064
8.54121 0.298056
8.54452 0.298049
8.54783 0.298043
8.55114 0.298037
8.55446 0.298033
8.55777 0.298029
8.56108 0.29815
8.56439 0.298131
8.5677 0.298115
8.57102 0.298225
8.57433 0.298197
8.57764 0.298173
8.58095 0.298151
8.58426 0.298132
8.58758 0.298491
8.59089 0.298804
8.5942 0.299204
8.59751 0.299428
8.60082 0.299625
8.60414 0.299922
8.60745 0.300056
8.61076 0.300174
8.61407 0.300403
8.61738 0.300602
8.6207 0.300652
8.62401 0.30082
8.62732 0.300968
8.63063 0.300972
8.63394 0.300975
8.63726 0.301104
8.64057 0.301091
8.64388 0.301079
8.64719 0.301194
8.6505 0.30117
8.65382 0.301149
8.65713 0.301255
8.66044 0.301223
8.66375 0.301195
8.66706 0.301296
8.67038 0.301384
8.67369 0.301336
8.677 0.301294
8.68031 0.301382
8.68362 0.301334
8.68694 0.301293
8.69025 0.301381
8.69356 0.301333
8.69687 0.301292
8.70018 0.30138
8.7035 0.301333
8.70681 0.301291
8.71012 0.30138
8.71343 0.301332
8.71674 0.301291
8.72006 0.301379
8.72337 0.301457
8.72668 0.3014
8.72999 0.30135
8.7333 0.301431
8.73662 0.301377
8.73993 0.30133
8.74324 0.301414
8.74655 0.301362
8.74986 0.301317
8.75318 0.301402
8.75649 0.301352
8.7598 0.301308
8.76311 0.301394
8.76642 0.301345
8.76974 0.301302
8.77305 0.301389
8.77636 0.301466
8.77967 0.301407
8.78298 0.301356
8.7863 0.301437
8.78961 0.301382
8.79292 0.301335
8.79623 0.301418
8.79954 0.301365
8.80286 0.30132
8.80617 0.301405
8.80948 0.301354
8.81279 0.30131
8.8161 0.301396
8.81942 0.301347
8.82273 0.301303
8.82604 0.30139
8.82935 0.301467
8.83266 0.301408
8.83598 0.301357
8.83929 0.301438
8.8426 0.301383
8.84591 0.301335
8.84922 0.301418
8.85254 0.301366
8.85585 0.30132
8.85916 0.301405
8.86247 0.301354
8.86578 0.30131
8.8691 0.301396
8.87241 0.301347
8.87572 0.301303
8.87903 0.301391
8.88234 0.301467
8.88566 0.301408
8.88897 0.301357
8.89228 0.301438
8.89559 0.301383
8.8989 0.301335
8.90222 0.301418
8.90553 0.301366
8.90884 0.30132
8.91215 0.301405
8.91546 0.301355
8.91878 0.30131
8.92209 0.301396
8.9254 0.301347
8.92871 0.301304
8.93202 0.301391
8.93534 0.301467
8.93865 0.301408
8.94196 0.301357
8.94527 0.301438
8.94858 0.301383
8.9519 0.301335
8.95521 0.301418
8.95852 0.301366
8.96183 0.30132
8.96514 0.301405
8.96846 0.301355
8.97177 0.30131
8.97508 0.301396
8.97839 0.301472
8.9817 0.301413
8.98502 0.301486
8.98833 0.30155
8.99164 0.301482
8.99495 0.301421
8.99826 0.301494
9.00158 0.301432
9.00489 0.301378
9.0082 0.301456
9.01151 0.301399
9.01482 0.301349
9.01814 0.30143
9.02145 0.301377
9.02476 0.301329
9.02807 0.301413
9.03138 0.301487
9.0347 0.301426
9.03801 0.301498
9.04132 0.30156
9.04463 0.30149
9.04794 0.301429
9.05126 0.3015
9.05457 0.301438
9.05788 0.301383
9.06119 0.30146
9.0645 0.301403
9.06782 0.301352
9.07113 0.301433
9.07444 0.301379
9.07775 0.301332
9.08106 0.301415
9.08438 0.301488
9.08769 0.301427
9.091 0.301374
9.09431 0.301452
9.09762 0.301396
9.10094 0.301346
9.10425 0.301428
9.10756 0.301374
9.11087 0.301328
9.11418 0.301412
9.1175 0.30136
9.12081 0.301315
9.12412 0.301401
9.12743 0.301351
9.13074 0.301307
9.13406 0.301393
9.13737 0.301469
9.14068 0.301411
9.14399 0.301359
9.1473 0.301439
9.15062 0.301384
9.15393 0.301336
9.15724 0.301419
9.16055 0.301367
9.16386 0.301321
9.16718 0.301406
9.17049 0.301355
9.1738 0.301311
9.17711 0.301397
9.18042 0.301347
9.18374 0.301304
9.18705 0.301391
9.19036 0.301467
9.19367 0.301409
9.19698 0.301358
9.2003 0.301438
9.20361 0.301383
9.20692 0.301335
9.21023 0.301418
9.21354 0.301366
9.21686 0.30132
9.22017 0.301405
9.22348 0.301355
9.22679 0.30131
9.2301 0.301396
9.23342 0.301347
9.23673 0.301304
9.24004 0.301391
9.24335 0.301467
9.24666 0.301408
9.24998 0.301357
9.25329 0.301438
9.2566 0.301383
9.25991 0.301335
9.26322 0.301418
9.26654 0.301366
9.26985 0.30132
9.27316 0.301405
9.27647 0.301355
9.27978 0.30131
9.2831 0.301396
9.28641 0.301347
9.28972 0.301304
9.29303 0.301391
9.29634 0.301467
9.29966 0.301408
9.30297 0.301357
9.30628 0.301438
9.30959 0.301383
9.3129 0.301335
9.31622 0.301418
9.31953 0.301366
9.32284 0.30132
9.32615 0.301405
9.32946 0.301355
9.33278 0.30131
9.33609 0.301396
9.3394 0.301347
9.34271 0.301304
9.34602 0.301391
9.34934 0.301467
9.35265 0.301408
9.35596 0.301357
9.35927 0.301438
9.36258 0.301383
9.3659 0.301335
9.36921 0.301418
9.37252 0.301366
9.37583 0.30132
9.37914 0.301405
9.38246 0.301355
9.38577 0.30131
9.38908 0.301396
9.39239 0.301472
9.3957 0.301413
9.39902 0.301486
9.40233 0.30155
9.40564 0.301482
9.40895 0.301421
9.41226 0.301494
9.41558 0.301432
9.41889 0.301378
9.4222 0.301456
9.42551 0.301399
9.42882 0.301349
9.43214 0.30143
9.43545 0.301377
9.43876 0.301329
9.44207 0.301413
9.44538 0.301487
9.44869 0.301426
9.45201 0.301498
9.45532 0.30156
9.45863 0.30149
9.46194 0.301429
9.46525 0.3015
9.46857 0.301438
9.47188 0.301383
9.47519 0.30146
9.4785 0.301403
9.48181 0.301352
9.48513 0.301433
9.48844 0.301379
9.49175 0.301332
9.49506 0.301415
9.49837 0.301488
9.50169 0.301427
9.505 0.301374
9.50831 0.301452
9.51162 0.301396
9.51493 0.301346
9.51825 0.301428
9.52156 0.301374
9.52487 0.301328
9.52818 0.301412
9.53149 0.30136
9.53481 0.301315
9.53812 0.301401
9.54143 0.301351
9.54474 0.301307
9.54805 0.301393
9.55137 0.301469
9.55468 0.301411
9.55799 0.301359
9.5613 0.301439
9.56461 0.301384
9.56793 0.301336
9.57124 0.301419
9.57455 0.301367
9.57786 0.301321
9.58117 0.301406
9.58449 0.301355
9.5878 0.301311
9.59111 0.301397
9.59442 0.301347
9.59773 0.301304
9.60105 0.301391
9.60436 0.301467
9.60767 0.301409
9.61098 0.301358
9.61429 0.301438
9.61761 0.301383
9.62092 0.301335
9.62423 0.301418
9.62754 0.301366
9.63085 0.30132
9.63417 0.301405
9.63748 0.301355
9.64079 0.30131
9.6441 0.301396
9.64741 0.301347
9.65073 0.301304
9.65404 0.301391
9.65735 0.301467
9.66066 0.301408
9.66397 0.301357
9.66729 0.301438
9.6706 0.301383
9.67391 0.301335
9.67722 0.301418
9.68053 0.301366
9.68385 0.30132
9.68716 0.301405
9.69047 0.301355
9.69378 0.30131
9.69709 0.301396
9.70041 0.301347
9.70372 0.301304
9.70703 0.301391
9.71034 0.301467
9.71365 0.301408
9.71697 0.301357
9.72028 0.301438
9.72359 0.301383
9.7269 0.301335
9.73021 0.301418
9.73353 0.301366
9.73684 0.30132
9.74015 0.301405
9.74346 0.301355
9.74677 0.30131
9.75009 0.301396
9.7534 0.301347
9.75671 0.301304
9.76002 0.301391
9.76333 0.301467
9.76665 0.301408
9.76996 0.301357
9.77327 0.301438
9.77658 0.301383
9.77989 0.301335
9.78321 0.301418
9.78652 0.301366
9.78983 0.30132
9.79314 0.301405
9.79645 0.301355
9.79977 0.30131
9.80308 0.301396
9.80639 0.301472
9.8097 0.301413
9.81301 0.301486
9.81633 0.30155
9.81964 0.301482
9.82295 0.301421
9.82626 0.301494
9.82957 0.301432
9.83289 0.301378
9.8362 0.301456
9.83951 0.301399
9.84282 0.301349
9.84613 0.30143
9.84945 0.301377
9.85276 0.301329
9.85607 0.301413
9.85938 0.301487
9.86269 0.301426
9.86601 0.301498
9.86932 0.30156
9.87263 0.30149
9.87594 0.301429
9.87925 0.3015
9.88257 0.301438
9.88588 0.301383
9.88919 0.30146
9.8925 0.301403
9.89581 0.301352
9.89913 0.301433
9.90244 0.301379
9.90575 0.301332
9.90906 0.301415
9.91237 0.301488
9.91569 0.301427
9.919 0.301374
9.92231 0.301452
9.92562 0.301396
9.92893 0.301346
9.93225 0.301428
9.93556 0.301374
9.93887 0.301328
9.94218 0.301412
9.94549 0.30136
9.94881 0.301315
9.95212 0.301401
9.95543 0.301351
9.95874 0.301307
9.96205 0.301393
9.96537 0.301469
9.96868 0.301411
9.97199 0.301359
9.9753 0.301439
9.97861 0.301384
9.98193 0.301336
9.98524 0.301419
9.98855 0.301367
9.99186 0.301321
9.99517 0.301406
9.99849 0.301355
10.0018 0.301311
10.0051 0.301397
10.0084 0.301347
10.0117 0.301304
10.015 0.301391
10.0184 0.301467
10.0217 0.301409
10.025 0.301358
10.0283 0.301438
10.0316 0.301383
10.0349 0.301335
10.0382 0.301418
10.0415 0.301366
10.0449 0.30132
10.0482 0.301405
10.0515 0.301355
10.0548 0.30131
10.0581 0.301396
10.0614 0.301347
10.0647 0.301304
10.068 0.301391
10.0714 0.301467
10.0747 0.301408
10.078 0.301357
10.0813 0.301438
10.0846 0.301383
10.0879 0.301335
10.0912 0.301418
10.0945 0.301366
10.0978 0.30132
10.1012 0.301405
10.1045 0.301355
10.1078 0.30131
10.1111 0.301396
10.1144 0.301347
10.1177 0.301304
10.121 0.301391
10.1243 0.301467
10.1277 0.301408
10.131 0.301357
10.1343 0.301438
10.1376 0.301383
10.1409 0.301335
10.1442 0.301418
10.1475 0.301366
10.1508 0.30132
10.1542 0.301405
10.1575 0.301355
10.1608 0.30131
10.1641 0.301396
10.1674 0.301347
10.1707 0.301304
10.174 0.301391
10.1773 0.301467
10.1806 0.301408
10.184 0.301357
10.1873 0.301438
10.1906 0.301383
10.1939 0.301335
10.1972 0.301418
10.2005 0.301366
10.2038 0.30132
10.2071 0.301405
10.2105 0.301355
10.2138 0.30131
10.2171 0.301396
10.2204 0.301472
10.2237 0.301413
10.227 0.301486
10.2303 0.30155
10.2336 0.301482
10.237 0.301421
10.2403 0.301494
10.2436 0.301432
10.2469 0.301378
10.2502 0.301456
10.2535 0.301399
10.2568 0.301349
10.2601 0.30143
10.2634 0.301377
10.2668 0.301329
10.2701 0.301413
10.2734 0.301487
10.2767 0.301426
10.28 0.301498
10.2833 0.30156
10.2866 0.30149
10.2899 0.301429
10.2933 0.3015
10.2966 0.301438
10.2999 0.301383
10.3032 0.30146
10.3065 0.301403
10.3098 0.301352
10.3131 0.301433
10.3164 0.301379
10.3198 0.301332
10.3231 0.301415
10.3264 0.301488
10.3297 0.301427
10.333 0.301374
10.3363 0.301452
10.3396 0.301396
10.3429 0.301346
10.3462 0.301428
10.3496 0.301374
10.3529 0.301328
10.3562 0.301412
10.3595 0.30136
10.3628 0.301315
10.3661 0.301401
10.3694 0.301351
10.3727 0.301307
10.3761 0.301393
10.3794 0.301469
10.3827 0.301411
10.386 0.301359
10.3893 0.301439
10.3926 0.301384
10.3959 0.301336
10.3992 0.301419
10.4026 0.301367
10.4059 0.301321
10.4092 0.301406
10.4125 0.301355
10.4158 0.301311
10.4191 0.301397
10.4224 0.301347
10.4257 0.301304
10.429 0.301391
10.4324 0.301467
10.4357 0.301409
10.439 0.301358
10.4423 0.301438
10.4456 0.301383
10.4489 0.301335
10.4522 0.301418
10.4555 0.301366
10.4589 0.30132
10.4622 0.301405
10.4655 0.301355
10.4688 0.30131
10.4721 0.301396
10.4754 0.301347
10.4787 0.301304
10.482 0.301391
10.4854 0.301467
10.4887 0.301408
10.492 0.301357
10.4953 0.301438
10.4986 0.301383
10.5019 0.301335
10.5052 0.301418
10.5085 0.301366
10.5118 0.30132
10.5152 0.301405
10.5185 0.301355
10.5218 0.30131
10.5251 0.301396
10.5284 0.301347
10.5317 0.301304
10.535 0.301391
10.5383 0.301467
10.5417 0.301408
10.545 0.301357
10.5483 0.301438
10.5516 0.301383
10.5549 0.301335
10.5582 0.301418
10.5615 0.301366
10.5648 0.30132
10.5682 0.301405
10.5715 0.301355
10.5748 0.30131
10.5781 0.301396
10.5814 0.301347
10.5847 0.301304
10.588 0.301391
10.5913 0.301467
10.5946 0.301408
10.598 0.301357
10.6013 0.301438
10.6046 0.301383
10.6079 0.301335
10.6112 0.301418
10.6145 0.301366
10.6178 0.30132
10.6211 0.301405
10.6245 0.301355
10.6278 0.30131
10.6311 0.301396
10.6344 0.301472
10.6377 0.301413
10.641 0.301486
10.6443 0.30155
10.6476 0.301482
10.651 0.301421
10.6543 0.301494
10.6576 0.301432
10.6609 0.301378
10.6642 0.301456
10.6675 0.301399
10.6708 0.301349
10.6741 0.30143
10.6774 0.301377
10.6808 0.301329
10.6841 0.301413
10.6874 0.301487
10.6907 0.301426
10.694 0.301498
10.6973 0.30156
10.7006 0.30149
10.7039 0.301429
10.7073 0.3015
10.7106 0.301438
10.7139 0.301383
10.7172 0.30146
10.7205 0.301403
10.7238 0.301352
10.7271 0.301433
10.7304 0.301379
10.7338 0.301332
10.7371 0.301415
10.7404 0.301488
10.7437 0.301427
10.747 0.301374
10.7503 0.301452
10.7536 0.301396
10.7569 0.301346
10.7602 0.301428
10.7636 0.301374
10.7669 0.301328
10.7702 0.301412
10.7735 0.30136
10.7768 0.301315
10.7801 0.301401
10.7834 0.301351
10.7867 0.301307
10.7901 0.301393
10.7934 0.301469
10.7967 0.301411
10.8 0.301359
10.8033 0.301439
10.8066 0.301384
10.8099 0.301336
10.8132 0.301419
10.8166 0.301367
10.8199 0.301321
10.8232 0.301406
10.8265 0.301355
10.8298 0.301311
10.8331 0.301397
10.8364 0.301347
10.8397 0.301304
10.843 0.301391
10.8464 0.301467
10.8497 0.301409
10.853 0.301358
10.8563 0.301438
10.8596 0.301383
10.8629 0.301335
10.8662 0.301418
10.8695 0.301366
10.8729 0.30132
10.8762 0.301405
10.8795 0.301355
10.8828 0.30131
10.8861 0.301396
10.8894 0.301347
10.8927 0.301304
10.896 0.301391
10.8994 0.301467
10.9027 0.301408
10.906 0.301357
10.9093 0.301438
10.9126 0.301383
10.9159 0.301335
10.9192 0.301418
10.9225 0.301366
10.9258 0.30132
10.9292 0.301405
10.9325 0.301355
10.9358 0.30131
10.9391 0.301396
10.9424 0.301347
10.9457 0.301304
10.949 0.301391
10.9523 0.301467
10.9557 0.301408
10.959 0.301357
10.9623 0.301438
10.9656 0.301383
10.9689 0.301335
10.9722 0.301418
10.9755 0.301866
10.9788 0.302133
10.9822 0.302491
10.9855 0.302805
10.9888 0.302954
10.9921 0.30321
10.9954 0.303434
10.9987 0.303504
11.002 0.303691
11.0053 0.303855
11.0086 0.303998
11.012 0.303998
11.0153 0.304124
11.0186 0.304233
11.0219 0.304204
11.0252 0.304303
11.0285 0.304391
11.0318 0.304342
11.0351 0.304424
11.0385 0.304496
11.0418 0.304434
11.0451 0.304505
11.0484 0.304567
11.0517 0.304621
11.055 0.304668
11.0583 0.30471
11.0616 0.304746
11.065 0.304653
11.0683 0.304696
11.0716 0.304734
11.0749 0.304642
11.0782 0.304687
11.0815 0.304726
11.0848 0.304635
11.0881 0.304681
11.0914 0.304721
11.0948 0.304631
11.0981 0.304677
11.1014 0.304717
11.1047 0.304753
11.108 0.304784
11.1113 0.304811
11.1146 0.304834
11.1179 0.30473
11.1213 0.304764
11.1246 0.304793
11.1279 0.304694
11.1312 0.304732
11.1345 0.304766
11.1378 0.30467
11.1411 0.304711
11.1444 0.304747
11.1477 0.304654
11.1511 0.304697
11.1544 0.304735
11.1577 0.304768
11.161 0.304672
11.1643 0.304713
11.1676 0.304749
11.1709 0.304655
11.1742 0.304698
11.1776 0.304736
11.1809 0.304644
11.1842 0.304689
11.1875 0.304728
11.1908 0.304637
11.1941 0.304682
11.1974 0.304722
11.2007 0.304632
11.2041 0.304678
11.2074 0.304718
11.2107 0.304753
11.214 0.304659
11.2173 0.304702
11.2206 0.304739
11.2239 0.304647
11.2272 0.304691
11.2305 0.304729
11.2339 0.304638
11.2372 0.304683
11.2405 0.304723
11.2438 0.304633
11.2471 0.304679
11.2504 0.304719
11.2537 0.304629
11.257 0.304675
11.2604 0.304716
11.2637 0.304751
11.267 0.304657
11.2703 0.3047
11.2736 0.304738
11.2769 0.304646
11.2802 0.30469
11.2835 0.304729
11.2869 0.304638
11.2902 0.304683
11.2935 0.304722
11.2968 0.304632
11.3001 0.304678
11.3034 0.304718
11.3067 0.304629
11.31 0.304675
11.3133 0.304716
11.3167 0.304751
11.32 0.304657
11.3233 0.3047
11.3266 0.304738
11.3299 0.304645
11.3332 0.30469
11.3365 0.304729
11.3398 0.304637
11.3432 0.304683
11.3465 0.304722
11.3498 0.304632
11.3531 0.304678
11.3564 0.304718
11.3597 0.304629
11.363 0.304675
11.3663 0.304716
11.3697 0.304751
11.373 0.304657
11.3763 0.3047
11.3796 0.304738
11.3829 0.304645
11.3862 0.30469
11.3895 0.304729
11.3928 0.304637
11.3961 0.304683
11.3995 0.304722
11.4028 0.304632
11.4061 0.304678
11.4094 0.304718
11.4127 0.304629
11.416 0.304675
11.4193 0.304716
11.4226 0.304751
11.426 0.304657
11.4293 0.3047
11.4326 0.304738
11.4359 0.304645
11.4392 0.30469
11.4425 0.304728
11.4458 0.304637
11.4491 0.304683
11.4525 0.304722
11.4558 0.304632
11.4591 0.304678
11.4624 0.304718
11.4657 0.304754
11.469 0.304784
11.4723 0.304811
11.4756 0.304835
11.4789 0.304731
11.4823 0.304764
11.4856 0.304794
11.4889 0.304694
11.4922 0.304733
11.4955 0.304766
11.4988 0.30467
11.5021 0.304712
11.5054 0.304748
11.5088 0.304654
11.5121 0.304697
11.5154 0.304735
11.5187 0.304768
11.522 0.304797
11.5253 0.304823
11.5286 0.304845
11.5319 0.304739
11.5353 0.304772
11.5386 0.3048
11.5419 0.3047
11.5452 0.304738
11.5485 0.304771
11.5518 0.304674
11.5551 0.304715
11.5584 0.304751
11.5617 0.304657
11.5651 0.3047
11.5684 0.304737
11.5717 0.30477
11.575 0.304674
11.5783 0.304715
11.5816 0.30475
11.5849 0.304656
11.5882 0.304699
11.5916 0.304737
11.5949 0.304645
11.5982 0.304689
11.6015 0.304728
11.6048 0.304637
11.6081 0.304682
11.6114 0.304722
11.6147 0.304632
11.6181 0.304678
11.6214 0.304718
11.6247 0.304753
11.628 0.304659
11.6313 0.304702
11.6346 0.304739
11.6379 0.304647
11.6412 0.304691
11.6445 0.304729
11.6479 0.304638
11.6512 0.304684
11.6545 0.304723
11.6578 0.304633
11.6611 0.304679
11.6644 0.304719
11.6677 0.304629
11.671 0.304675
11.6744 0.304716
11.6777 0.304751
11.681 0.304657
11.6843 0.3047
11.6876 0.304738
11.6909 0.304646
11.6942 0.30469
11.6975 0.304729
11.7009 0.304638
11.7042 0.304683
11.7075 0.304722
11.7108 0.304632
11.7141 0.304678
11.7174 0.304718
11.7207 0.304629
11.724 0.304675
11.7273 0.304716
11.7307 0.304751
11.734 0.304657
11.7373 0.3047
11.7406 0.304738
11.7439 0.304645
11.7472 0.30469
11.7505 0.304729
11.7538 0.304637
11.7572 0.304683
11.7605 0.304722
11.7638 0.304632
11.7671 0.304678
11.7704 0.304718
11.7737 0.304629
11.777 0.304675
11.7803 0.304716
11.7837 0.304751
11.787 0.304657
11.7903 0.3047
11.7936 0.304738
11.7969 0.304645
11.8002 0.30469
11.8035 0.304729
11.8068 0.304637
11.8101 0.304683
11.8135 0.304722
11.8168 0.304632
11.8201 0.304678
11.8234 0.304718
11.8267 0.304629
11.83 0.304675
11.8333 0.304716
11.8366 0.304751
11.84 0.304657
11.8433 0.3047
11.8466 0.304738
11.8499 0.304645
11.8532 0.30469
11.8565 0.304728
11.8598 0.304637
11.8631 0.304683
11.8665 0.304722
11.8698 0.304632
11.8731 0.304678
11.8764 0.304718
11.8797 0.304754
11.883 0.304784
11.8863 0.304811
11.8896 0.304835
11.8929 0.304731
11.8963 0.304764
11.8996 0.304794
11.9029 0.304694
11.9062 0.304733
11.9095 0.304766
11.9128 0.30467
11.9161 0.304712
11.9194 0.304748
11.9228 0.304654
11.9261 0.304697
11.9294 0.304735
11.9327 0.304768
11.936 0.304797
11.9393 0.304823
11.9426 0.304845
11.9459 0.304739
11.9493 0.304772
11.9526 0.3048
11.9559 0.3047
11.9592 0.304738
11.9625 0.304771
11.9658 0.304674
11.9691 0.304715
11.9724 0.304751
11.9757 0.304657
11.9791 0.3047
11.9824 0.304737
11.9857 0.30477
11.989 0.304674
11.9923 0.304715
11.9956 0.30475
11.9989 0.304656
12.0022 0.304699
12.0056 0.304737
12.0089 0.304645
12.0122 0.304689
12.0155 0.304728
12.0188 0.304637
12.0221 0.304682
12.0254 0.304722
12.0287 0.304632
12.0321 0.304678
12.0354 0.304718
12.0387 0.304753
12.042 0.304659
12.0453 0.304702
12.0486 0.304739
12.0519 0.304647
12.0552 0.304691
12.0585 0.304729
12.0619 0.304638
12.0652 0.304684
12.0685 0.304723
12.0718 0.304633
12.0751 0.304679
12.0784 0.304719
12.0817 0.304629
12.085 0.304675
12.0884 0.304716
12.0917 0.304751
12.095 0.304657
12.0983 0.3047
12.1016 0.304738
12.1049 0.304646
12.1082 0.30469
12.1115 0.304729
12.1149 0.304638
12.1182 0.304683
12.1215 0.304722
12.1248 0.304632
12.1281 0.304678
12.1314 0.304718
12.1347 0.304629
12.138 0.304675
12.1413 0.304716
12.1447 0.304751
12.148 0.304657
12.1513 0.3047
12.1546 0.304738
12.1579 0.304645
12.1612 0.30469
12.1645 0.304729
12.1678 0.304637
12.1712 0.304683
12.1745 0.304722
12.1778 0.304632
12.1811 0.304678
12.1844 0.304718
12.1877 0.304629
12.191 0.304675
12.1943 0.304716
12.1977 0.304751
12.201 0.304657
12.2043 0.3047
12.2076 0.304738
12.2109 0.304645
12.2142 0.30469
12.2175 0.304729
12.2208 0.304637
12.2241 0.304683
12.2275 0.304722
12.2308 0.304632
12.2341 0.304678
12.2374 0.304718
12.2407 0.304629
12.244 0.304675
12.2473 0.304716
12.2506 0.304751
12.254 0.304657
12.2573 0.3047
12.2606 0.304738
12.2639 0.304645
12.2672 0.30469
12.2705 0.304728
12.2738 0.304637
12.2771 0.304683
12.2805 0.304722
12.2838 0.304632
12.2871 0.304678
12.2904 0.304718
12.2937 0.304754
12.297 0.304784
12.3003 0.304811
12.3036 0.304835
12.3069 0.304731
12.3103 0.304764
12.3136 0.304794
12.3169 0.304694
12.3202 0.304733
12.3235 0.304766
12.3268 0.30467
12.3301 0.304712
12.3334 0.304748
12.3368 0.304654
12.3401 0.304697
12.3434 0.304735
12.3467 0.304768
12.35 0.304797
12.3533 0.304823
12.3566 0.304845
12.3599 0.304739
12.3633 0.304772
12.3666 0.3048
12.3699 0.3047
12.3732 0.304738
12.3765 0.304771
12.3798 0.304674
12.3831 0.304715
12.3864 0.304751
12.3897 0.304657
12.3931 0.3047
12.3964 0.304737
12.3997 0.30477
12.403 0.304674
12.4063 0.304715
12.4096 0.30475
12.4129 0.304656
12.4162 0.304699
12.4196 0.304737
12.4229 0.304645
12.4262 0.304689
12.4295 0.304728
12.4328 0.304637
12.4361 0.304682
12.4394 0.304722
12.4427 0.304632
12.4461 0.304678
12.4494 0.304718
12.4527 0.304753
12.456 0.304659
12.4593 0.304702
12.4626 0.304739
12.4659 0.304647
12.4692 0.304691
12.4725 0.304729
12.4759 0.304638
12.4792 0.304684
12.4825 0.304723
12.4858 0.304633
12.4891 0.304679
12.4924 0.304719
12.4957 0.304629
12.499 0.304675
12.5024 0.304716
12.5057 0.304751
12.509 0.304657
12.5123 0.3047
12.5156 0.304738
12.5189 0.304646
12.5222 0.30469
12.5255 0.304729
12.5289 0.304638
12.5322 0.304683
12.5355 0.304722
12.5388 0.304632
12.5421 0.304678
12.5454 0.304718
12.5487 0.304629
12.552 0.304675
12.5553 0.304716
12.5587 0.304751
12.562 0.304657
12.5653 0.3047
12.5686 0.304738
12.5719 0.304645
12.5752 0.30469
12.5785 0.304729
12.5818 0.304637
12.5852 0.304683
12.5885 0.304722
12.5918 0.304632
12.5951 0.304678
12.5984 0.304718
12.6017 0.304629
