0.0 0
0.0905768 4294967295
0.182886 4294967295
0.276809 4294967295
0.370731 4294967295
0.462998 4294967295
0.46631 4294967295
0.55692 4294967295
0.560232 4294967295
0.563544 4294967295
0.650842 4294967295
0.654154 4294967295
0.657466 4294967295
0.660778 4294967295
0.743109 4294967295
0.746421 4294967295
0.749733 4294967295
0.753045 4294967295
0.756357 4294967295
0.759669 4294967295
0.835375 4294967295
0.838687 4294967295
0.841999 4294967295
0.845311 4294967295
0.848623 4294967295
0.851935 4294967295
0.855247 4294967295
0.858559 4294967295
0.861871 4294967295
0.927642 4294967295
0.930954 4294967295
0.934266 4294967295
0.937578 4294967295
0.94089 4294967295
0.944202 4294967295
0.947514 4294967295
0.950826 4294967295
0.954138 4294967295
0.95745 4294967295
0.960762 4294967295
0.964074 4294967295
0.967386 4294967295
0.970698 4294967295
1.02156 4294967295
1.02488 4294967295
1.02819 4294967295
1.0315 4294967295
1.03481 4294967295
1.03812 4294967295
1.04144 4294967295
1.04475 4294967295
1.04806 4294967295
1.05137 4294967295
1.05468 4294967295
1.058 4294967295
1.06131 4294967295
1.06462 4294967295
1.06793 4294967295
1.07124 4294967295
1.07456 4294967295
1.08118 4294967295
1.08449 4294967295
1.0878 4294967295
1.11549 4294967295
1.1188 4294967295
1.12211 4294967295
1.12542 4294967295
1.12873 4294967295
1.13205 4294967295
1.13536 4294967295
1.13867 4294967295
1.14198 4294967295
1.14529 4294967295
1.14861 4294967295
1.15192 4294967295
1.15523 4294967295
1.15854 4294967295
1.16185 4294967295
1.16517 4294967295
1.16848 4294967295
1.17179 4294967295
1.1751 4294967295
1.17841 4294967295
1.18173 4294967295
1.18504 4294967295
1.18835 4294967295
1.19166 4294967295
1.19497 4294967295
1.19829 4294967295
1.2016 4294967295
1.20491 4294967295
1.20822 4294967295
1.21153 4294967295
1.21485 4294967295
1.21816 4294967295
1.22147 4294967295
1.22478 4294967295
1.22809 4294967295
1.23141 4294967295
1.23472 4294967295
1.23803 4294967295
1.24134 4294967295
1.24465 4294967295
1.24797 4294967295
1.25128 4294967295
1.25459 4294967295
1.2579 4294967295
1.26121 4294967295
1.26453 4294967295
1.26784 4294967295
1.27115 4294967295
1.27446 4294967295
1.27777 4294967295
1.28109 4294967295
1.2844 4294967295
1.28771 4294967295
1.29102 4294967295
1.29433 4294967295
1.29765 4294967295
1.30096 4294967295
1.30427 4294967295
1.30758 4294967295
1.31089 4294967295
1.31421 4294967295
1.31752 4294967295
1.32083 4294967295
1.32749 22140
1.32749 22140
1.53611 22140
1.53942 22140
1.54273 22140
1.54605 22140
1.54936 22140
1.55267 22140
1.55598 22140
1.55929 22140
1.56261 22140
1.56592 22140
1.56923 22140
1.57254 22140
1.57585 22140
1.57917 22140
1.58248 22140
1.58579 22140
1.5891 22140
1.59241 22140
1.59573 22140
1.59904 22140
1.60235 22140
1.60901 10620
1.60901 10620
1.75924 10620
1.76255 10620
1.76586 10620
1.76917 10620
1.77249 10620
1.7758 10620
1.77911 10620
1.78242 10620
1.78573 10620
1.78905 10620
1.79236 10620
1.79567 10620
1.79898 10620
1.84819 10620
1.85151 10620
1.85482 10620
1.85813 10620
1.86144 10620
1.86475 10620
1.86807 10620
1.87138 10620
1.87469 10620
1.878 10620
1.88131 10620
1.88463 10620
1.88794 10620
1.89125 10620
1.94046 10620
1.94377 10620
1.94708 10620
1.9504 10620
1.95371 10620
1.95702 10620
1.96033 10620
1.96364 10620
1.96696 10620
1.97027 10620
1.97358 10620
1.97689 10620
1.9802 10620
1.98352 10620
1.98683 10620
2.03438 10620
2.03769 10620
2.04101 10620
2.04432 10620
2.04763 10620
2.05425 10620
2.05757 10620
2.06088 10620
2.06419 10620
2.0675 10620
2.07081 10620
2.07413 10620
2.07744 10620
2.08075 10620
2.1283 10620
2.13162 10620
2.13493 10620
2.13824 10620
2.14155 10620
2.14818 10620
2.15149 10620
2.1548 10620
2.15811 10620
2.16142 10620
2.16474 10620
2.16805 10620
2.17136 10620
2.17467 10620
2.17798 10620
2.22057 10620
2.22388 10620
2.22719 10620
2.23051 10620
2.23382 10620
2.24044 10620
2.24375 10620
2.24707 10620
2.25038 10620
2.25369 10620
2.257 10620
2.26031 10620
2.26363 10620
2.26694 10620
2.27025 10620
2.31284 10620
2.31615 10620
2.31946 10620
2.32277 10620
2.32609 10620
2.33271 10620
2.33602 10620
2.33933 10620
2.34265 10620
2.34596 10620
2.34927 10620
2.35258 10620
2.35589 10620
2.35921 10620
2.36252 10620
2.36583 10620
2.40676 10620
2.41007 10620
2.41338 10620
2.4167 10620
2.42001 10620
2.42663 10620
2.42994 10620
2.43326 10620
2.43657 10620
2.43988 10620
2.44319 10620
2.4465 10620
2.44982 10620
2.45313 10620
2.45644 10620
2.45975 10620
2.50068 10620
2.50399 10620
2.50731 10620
2.51062 10620
2.51393 10620
2.52055 10620
2.52387 10620
2.52718 10620
2.53049 10620
2.5338 10620
2.53711 10620
2.54043 10620
2.54374 10620
2.54705 10620
2.55036 10620
2.55367 10620
2.59295 10620
2.59626 10620
2.59957 10620
2.60288 10620
2.6062 10620
2.61282 10620
2.61613 10620
2.61944 10620
2.62276 10620
2.62607 10620
2.62938 10620
2.63269 10620
2.636 10620
2.63932 10620
2.64263 10620
2.64594 10620
2.68521 10620
2.68853 10620
2.69184 10620
2.69515 10620
2.69846 10620
2.70509 10620
2.7084 10620
2.71171 10620
2.71502 10620
2.71833 10620
2.72165 10620
2.72496 10620
2.72827 10620
2.73158 10620
2.73489 10620
2.73821 10620
2.74152 10620
2.77914 10620
2.78245 10620
2.78576 10620
2.78907 10620
2.79239 10620
2.79901 10620
2.80232 10620
2.80563 10620
2.80895 10620
2.81226 10620
2.81557 10620
2.81888 10620
2.82219 10620
2.82551 10620
2.82882 10620
2.83213 10620
2.83544 10620
2.87306 10620
2.87637 10620
2.87968 10620
2.883 10620
2.88631 10620
2.89293 10620
2.89624 10620
2.89956 10620
2.90287 10620
2.90618 10620
2.90949 10620
2.9128 10620
2.91612 10620
2.91943 10620
2.92274 10620
2.92605 10620
2.92936 10620
2.96698 10620
2.97029 10620
2.97361 10620
2.97692 10620
2.98023 10620
2.9852 10620
2.98851 10620
2.99182 10620
2.99513 10620
2.99845 10620
3.00176 10620
3.00507 10620
3.00838 10620
3.01169 10620
3.01501 10620
3.01832 10620
3.02163 10620
3.05925 10620
3.06256 10620
3.06587 10620
3.06918 10620
3.0725 10620
3.07746 10620
3.08078 10620
3.08409 10620
3.0874 10620
3.09071 10620
3.09402 10620
3.09734 10620
3.10065 10620
3.10396 10620
3.10727 10620
3.11058 10620
3.1139 10620
3.15151 10620
3.15483 10620
3.15814 10620
3.16145 10620
3.16476 10620
3.16807 10620
3.17139 10620
3.1747 10620
3.17801 10620
3.18132 10620
3.18463 10620
3.18795 10620
3.19126 10620
3.19457 10620
3.19788 10620
3.20119 10620
3.20451 10620
3.20782 10620
3.24544 10620
3.24875 10620
3.25206 10620
3.25537 10620
3.25869 10620
3.262 10620
3.26531 10620
3.26862 10620
3.27193 10620
3.27525 10620
3.27856 10620
3.28187 10620
3.28518 10620
3.28849 10620
3.29181 10620
3.29512 10620
3.29843 10620
3.30174 10620
3.33936 10620
3.34267 10620
3.34598 10620
3.3493 10620
3.35261 10620
3.35592 10620
3.35923 10620
3.36254 10620
3.36586 10620
3.36917 10620
3.37248 10620
3.37579 10620
3.3791 10620
3.38242 10620
3.38573 10620
3.38904 10620
3.39235 10620
3.39566 10620
3.43163 10620
3.43494 10620
3.43825 10620
3.44156 10620
3.44487 10620
3.44819 10620
3.4515 10620
3.45481 10620
3.45812 10620
3.46143 10620
3.46475 10620
3.46806 10620
3.47137 10620
3.47468 10620
3.47799 10620
3.48131 10620
3.48462 10620
3.48793 10620
3.52389 10620
3.5272 10620
3.53052 10620
3.53383 10620
3.53714 10620
3.54045 10620
3.54376 10620
3.54708 10620
3.55039 10620
3.5537 10620
3.55701 10620
3.56032 10620
3.56364 10620
3.56695 10620
3.57026 10620
3.57357 10620
3.57688 10620
3.5802 10620
3.58351 10620
3.61781 10620
3.62113 10620
3.62444 10620
3.62775 10620
3.63106 10620
3.63437 10620
3.63769 10620
3.641 10620
3.64431 10620
3.64762 10620
3.65093 10620
3.65425 10620
3.65756 10620
3.66087 10620
3.66418 10620
3.66749 10620
3.67081 10620
3.67412 10620
3.67743 10620
3.71174 10620
3.71505 10620
3.71836 10620
3.72167 10620
3.72499 10620
3.7283 10620
3.73161 10620
3.73492 10620
3.73823 10620
3.74155 10620
3.74486 10620
3.74817 10620
3.75148 10620
3.75479 10620
3.75811 10620
3.76142 10620
3.76473 10620
3.76804 10620
3.77135 10620
3.804 10620
3.80732 10620
3.81063 10620
3.81394 10620
3.81725 10620
3.82056 10620
3.82388 10620
3.82719 10620
3.8305 10620
3.83381 10620
3.83712 10620
3.84044 10620
3.84375 10620
3.84706 10620
3.85037 10620
3.85368 10620
3.857 10620
3.86031 10620
3.86362 10620
3.89627 10620
3.89958 10620
3.90289 10620
3.90621 10620
3.90952 10620
3.91283 10620
3.91614 10620
3.91945 10620
3.92277 10620
3.92608 10620
3.92939 10620
3.9327 10620
3.93601 10620
3.93933 10620
3.94264 10620
3.94595 10620
3.94926 10620
3.95257 10620
3.95589 10620
3.9592 10620
3.99019 10620
3.9935 10620
3.99682 10620
4.00013 10620
4.00344 10620
4.00675 10620
4.01006 10620
4.01338 10620
4.01669 10620
4.02 10620
4.02331 10620
4.02662 10620
4.02994 10620
4.03325 10620
4.03656 10620
4.03987 10620
4.04318 10620
4.0465 10620
4.04981 10620
4.05312 10620
4.08411 10620
4.08743 10620
4.09074 10620
4.09405 10620
4.09736 10620
4.10067 10620
4.10399 10620
4.1073 10620
4.11061 10620
4.11392 10620
4.11723 10620
4.12055 10620
4.12386 10620
4.12717 10620
4.13048 10620
4.13379 10620
4.13711 10620
4.14042 10620
4.14373 10620
4.14704 10620
4.17804 10620
4.18135 10620
4.18466 10620
4.18797 10620
4.19129 10620
4.1946 10620
4.19791 10620
4.20122 10620
4.20453 10620
4.20785 10620
4.21116 10620
4.21447 10620
4.21778 10620
4.22109 10620
4.22441 10620
4.22772 10620
4.23103 10620
4.23434 10620
4.23765 10620
4.24097 10620
4.2703 10620
4.27362 10620
4.27693 10620
4.28024 10620
4.28355 10620
4.28686 10620
4.29018 10620
4.29349 10620
4.2968 10620
4.30011 10620
4.30342 10620
4.30674 10620
4.31005 10620
4.31336 10620
4.31667 10620
4.31998 10620
4.3233 10620
4.32661 10620
4.32992 10620
4.33323 10620
4.36257 10620
4.36588 10620
4.36919 10620
4.37251 10620
4.37582 10620
4.37913 10620
4.38244 10620
4.38575 10620
4.38907 10620
4.39238 10620
4.39569 10620
4.399 10620
4.40231 10620
4.40563 10620
4.40894 10620
4.41225 10620
4.41556 10620
4.41887 10620
4.42219 10620
4.4255 10620
4.42881 10620
4.45649 10620
4.4598 10620
4.46312 10620
4.46643 10620
4.46974 10620
4.47305 10620
4.47636 10620
4.47968 10620
4.48299 10620
4.4863 10620
4.48961 10620
4.49292 10620
4.49624 10620
4.49955 10620
4.50286 10620
4.50617 10620
4.50948 10620
4.5128 10620
4.51611 10620
4.51942 10620
4.52273 10620
4.55041 10620
4.55373 10620
4.55704 10620
4.56035 10620
4.56366 10620
4.56697 10620
4.57029 10620
4.5736 10620
4.57691 10620
4.58022 10620
4.58353 10620
4.58685 10620
4.59016 10620
4.59347 10620
4.59678 10620
4.60009 10620
4.60341 10620
4.60672 10620
4.61003 10620
4.61334 10620
4.61665 10620
4.64268 10620
4.64599 10620
4.64931 10620
4.65262 10620
4.65593 10620
4.65924 10620
4.66255 10620
4.66587 10620
4.66918 10620
4.67249 10620
4.6758 10620
4.67911 10620
4.68243 10620
4.68574 10620
4.68905 10620
4.69236 10620
4.69567 10620
4.69899 10620
4.7023 10620
4.70561 10620
4.70892 10620
4.73495 10620
4.73826 10620
4.74157 10620
4.74488 10620
4.7482 10620
4.75151 10620
4.75482 10620
4.75813 10620
4.76144 10620
4.76476 10620
4.76807 10620
4.77138 10620
4.77469 10620
4.778 10620
4.78132 10620
4.78463 10620
4.78794 10620
4.79125 10620
4.79456 10620
4.79788 10620
4.80119 10620
4.8045 10620
4.82887 10620
4.83218 10620
4.83549 10620
4.83881 10620
4.84212 10620
4.84543 10620
4.84874 10620
4.85205 10620
4.85537 10620
4.85868 10620
4.86199 10620
4.8653 10620
4.86861 10620
4.87193 10620
4.87524 10620
4.87855 10620
4.88186 10620
4.88517 10620
4.88849 10620
4.8918 10620
4.89511 10620
4.89842 10620
4.92279 10620
4.9261 10620
4.92942 10620
4.93273 10620
4.93604 10620
4.93935 10620
4.94266 10620
4.94598 10620
4.94929 10620
4.9526 10620
4.95591 10620
4.95922 10620
4.96254 10620
4.96585 10620
4.96916 10620
4.97247 10620
4.97578 10620
4.9791 10620
4.98241 10620
4.98572 10620
4.98903 10620
4.99234 10620
5.01506 10620
5.01837 10620
5.02168 10620
5.02499 10620
5.02831 10620
5.03162 10620
5.03493 10620
5.03824 10620
5.04155 10620
5.04487 10620
5.04818 10620
5.05149 10620
5.0548 10620
5.05811 10620
5.06143 10620
5.06474 10620
5.06805 10620
5.07136 10620
5.07467 10620
5.07799 10620
5.0813 10620
5.08461 10620
5.10733 10620
5.11064 10620
5.11395 10620
5.11726 10620
5.12057 10620
5.12389 10620
5.1272 10620
5.13051 10620
5.13382 10620
5.13713 10620
5.14045 10620
5.14376 10620
5.14707 10620
5.15038 10620
5.15369 10620
5.15701 10620
5.16032 10620
5.16363 10620
5.16694 10620
5.17025 10620
5.17357 10620
5.17688 10620
5.19959 10620
5.2029 10620
5.20622 10620
5.20953 10620
5.21284 10620
5.21615 10620
5.21946 10620
5.22278 10620
5.22609 10620
5.2294 10620
5.23271 10620
5.23602 10620
5.23934 10620
5.24265 10620
5.24596 10620
5.24927 10620
5.25258 10620
5.2559 10620
5.25921 10620
5.26252 10620
5.26583 10620
5.26914 10620
5.27246 10620
5.29351 10620
5.29683 10620
5.30014 10620
5.30345 10620
5.30676 10620
5.31007 10620
5.31339 10620
5.3167 10620
5.32001 10620
5.32332 10620
5.32663 10620
5.32995 10620
5.33326 10620
5.33657 10620
5.33988 10620
5.34319 10620
5.34651 10620
5.34982 10620
5.35313 10620
5.35644 10620
5.35975 10620
5.36307 10620
5.36638 10620
5.38744 10620
5.39075 10620
5.39406 10620
5.39737 10620
5.40068 10620
5.404 10620
5.40731 10620
5.41062 10620
5.41393 10620
5.41724 10620
5.42056 10620
5.42387 10620
5.42718 10620
5.43049 10620
5.4338 10620
5.43712 10620
5.44043 10620
5.44374 10620
5.44705 10620
5.45036 10620
5.45368 10620
5.45699 10620
5.4603 10620
5.4797 10620
5.48301 10620
5.48633 10620
5.48964 10620
5.49295 10620
5.49626 10620
5.49957 10620
5.50289 10620
5.5062 10620
5.50951 10620
5.51282 10620
5.51613 10620
5.51945 10620
5.52276 10620
5.52607 10620
5.52938 10620
5.53269 10620
5.53601 10620
5.53932 10620
5.54263 10620
5.54594 10620
5.54925 10620
5.55257 10620
5.57197 10620
5.57528 10620
5.57859 10620
5.58191 10620
5.58522 10620
5.58853 10620
5.59184 10620
5.59515 10620
5.59847 10620
5.60178 10620
5.60509 10620
5.6084 10620
5.61171 10620
5.61503 10620
5.61834 10620
5.62165 10620
5.62496 10620
5.62827 10620
5.63159 10620
5.6349 10620
5.63821 10620
5.64152 10620
5.64483 10620
5.64815 10620
5.66589 10620
5.6692 10620
5.67252 10620
5.67583 10620
5.67914 10620
5.68245 10620
5.68576 10620
5.68908 10620
5.69239 10620
5.6957 10620
5.69901 10620
5.70232 10620
5.70564 10620
5.70895 10620
5.71226 10620
5.71557 10620
5.71888 10620
5.7222 10620
5.72551 10620
5.72882 10620
5.73213 10620
5.73544 10620
5.73876 10620
5.74207 10620
5.75981 10620
5.76313 10620
5.76644 10620
5.76975 10620
5.77306 10620
5.77637 10620
5.77969 10620
5.783 10620
5.78631 10620
5.78962 10620
5.79293 10620
5.79625 10620
5.79956 10620
5.80287 10620
5.80618 10620
5.80949 10620
5.81281 10620
5.81612 10620
5.81943 10620
5.82274 10620
5.82605 10620
5.82937 10620
5.83268 10620
5.83599 10620
5.85208 10620
5.85539 10620
5.8587 10620
5.86202 10620
5.86533 10620
5.86864 10620
5.87195 10620
5.87526 10620
5.87858 10620
5.88189 10620
5.8852 10620
5.88851 10620
5.89182 10620
5.89514 10620
5.89845 10620
5.90176 10620
5.90507 10620
5.90838 10620
5.9117 10620
5.91501 10620
5.91832 10620
5.92163 10620
5.92494 10620
5.92826 10620
5.94435 10620
5.94766 10620
5.95097 10620
5.95428 10620
5.95759 10620
5.96091 10620
5.96422 10620
5.96753 10620
5.97084 10620
5.97415 10620
5.97747 10620
5.98078 10620
5.98409 10620
5.9874 10620
5.99071 10620
5.99403 10620
5.99734 10620
6.00065 10620
6.00396 10620
6.00727 10620
6.01059 10620
6.0139 10620
6.01721 10620
6.02052 10620
6.02383 10620
6.03827 10620
6.04158 10620
6.04489 10620
6.04821 10620
6.05152 10620
6.05483 10620
6.05814 10620
6.06145 10620
6.06477 10620
6.06808 10620
6.07139 10620
6.0747 10620
6.07801 10620
6.08133 10620
6.08464 10620
6.08795 10620
6.09126 10620
6.09457 10620
6.09789 10620
6.1012 10620
6.10451 10620
6.10782 10620
6.11113 10620
6.11445 10620
6.11776 10620
6.13219 10620
6.1355 10620
6.13882 10620
6.14213 10620
6.14544 10620
6.14875 10620
6.15206 10620
6.15538 10620
6.15869 10620
6.162 10620
6.16531 10620
6.16862 10620
6.17194 10620
6.17525 10620
6.17856 10620
6.18187 10620
6.18518 10620
6.1885 10620
6.19181 10620
6.19512 10620
6.19843 10620
6.20174 10620
6.20506 10620
6.20837 10620
6.21168 10620
6.22611 10620
6.22943 10620
6.23274 10620
6.23605 10620
6.23936 10620
6.24267 10620
6.24599 10620
6.2493 10620
6.25261 10620
6.25592 10620
6.25923 10620
6.26255 10620
6.26586 10620
6.26917 10620
6.27248 10620
6.27579 10620
6.27911 10620
6.28242 10620
6.28573 10620
6.28904 10620
6.29235 10620
6.29567 10620
6.29898 10620
6.30229 10620
6.3056 10620
6.31838 10620
6.32169 10620
6.325 10620
6.32832 10620
6.33163 10620
6.33494 10620
6.33825 10620
6.34156 10620
6.34488 10620
6.34819 10620
6.3515 10620
6.35481 10620
6.35812 10620
6.36144 10620
6.36475 10620
6.36806 10620
6.37137 10620
6.37468 10620
6.378 10620
6.38131 10620
6.38462 10620
6.38793 10620
6.39124 10620
6.39456 10620
6.39787 10620
6.41065 10620
6.41396 10620
6.41727 10620
6.42058 10620
6.42389 10620
6.42721 10620
6.43052 10620
6.43383 10620
6.43714 10620
6.44045 10620
6.44377 10620
6.44708 10620
6.45039 10620
6.4537 10620
6.45701 10620
6.46033 10620
6.46364 10620
6.46695 10620
6.47026 10620
6.47357 10620
6.47689 10620
6.4802 10620
6.48351 10620
6.48682 10620
6.49013 10620
6.49345 10620
6.50457 10620
6.50958 10620
6.51289 9000
6.51289 9000
6.65152 9000
6.65483 9000
6.65815 9000
6.66146 9000
6.66477 9000
6.66808 9000
6.67139 9000
6.67471 9000
6.67802 9000
6.68914 9000
6.69415 9000
6.69746 9000
6.74379 9000
6.7471 9000
6.75041 9000
6.75372 9000
6.75704 9000
6.76035 9000
6.76366 9000
6.76697 9000
6.77028 9000
6.78141 9000
6.78641 9000
6.78973 9000
6.83605 9000
6.83937 9000
6.84268 9000
6.84599 9000
6.8493 9000
6.85261 9000
6.85593 9000
6.85924 9000
6.86255 9000
6.87367 9000
6.87868 9000
6.88199 9000
6.92832 9000
6.93163 9000
6.93494 9000
6.93826 9000
6.94157 9000
6.94488 9000
6.94819 9000
6.9515 9000
6.95482 9000
6.95813 9000
6.9676 9000
6.9726 9000
6.97591 9000
7.02224 9000
7.02556 9000
7.02887 9000
7.03218 9000
7.03549 9000
7.0388 9000
7.04212 9000
7.04543 9000
7.04874 9000
7.05205 9000
7.06152 9000
7.06652 9000
7.06984 9000
7.11617 9000
7.11948 9000
7.12279 9000
7.1261 9000
7.12941 9000
7.13273 9000
7.13604 9000
7.13935 9000
7.14266 9000
7.14597 9000
7.15378 9000
7.15879 9000
7.1621 9000
7.20843 9000
7.21174 9000
7.21506 9000
7.21837 9000
7.22168 9000
7.22499 9000
7.2283 9000
7.23162 9000
7.23493 9000
7.23824 9000
7.24605 9000
7.25106 9000
7.25437 9000
7.3007 9000
7.30401 9000
7.30732 9000
7.31063 9000
7.31395 9000
7.31726 9000
7.32057 9000
7.32388 9000
7.32719 9000
7.33051 9000
7.33382 9000
7.33997 9000
7.34498 9000
7.34829 9000
7.39462 9000
7.39793 9000
7.40124 9000
7.40456 9000
7.40787 9000
7.41118 9000
7.41449 9000
7.4178 9000
7.42112 9000
7.42443 9000
7.42774 9000
7.4339 9000
7.4389 9000
7.44221 9000
7.48854 9000
7.49186 9000
7.49517 9000
7.49848 9000
7.50179 9000
7.5051 9000
7.50842 9000
7.51173 9000
7.51504 9000
7.51835 9000
7.52166 9000
7.52616 9000
7.53117 9000
7.53448 9000
7.58081 9000
7.58412 9000
7.58743 9000
7.59075 9000
7.59406 9000
7.59737 9000
7.60068 9000
7.60399 9000
7.60731 9000
7.61062 9000
7.61393 9000
7.61843 9000
7.62343 9000
7.62675 9000
7.67308 9000
7.67639 9000
7.6797 9000
7.68301 9000
7.68632 9000
7.68964 9000
7.69295 9000
7.69626 9000
7.69957 9000
7.70288 9000
7.7062 9000
7.71069 9000
7.7157 9000
7.71901 9000
7.72232 9000
7.767 9000
7.77031 9000
7.77362 9000
7.77693 9000
7.78025 9000
7.78356 9000
7.78687 9000
7.79018 9000
7.79349 9000
7.79681 9000
7.80012 9000
7.80462 9000
7.80962 9000
7.81294 9000
7.81625 9000
7.86092 9000
7.86423 9000
7.86754 9000
7.87086 9000
7.87417 9000
7.87748 9000
7.88079 9000
7.8841 9000
7.88742 9000
7.89073 9000
7.89404 9000
7.89854 9000
7.90355 9000
7.90686 9000
7.91017 9000
7.95484 9000
7.95816 9000
7.96147 9000
7.96478 9000
7.96809 9000
7.9714 9000
7.97472 9000
7.97803 9000
7.98134 9000
7.98465 9000
7.98796 9000
7.99128 9000
7.99581 9000
7.99912 9000
8.00244 9000
8.04711 9000
8.05042 9000
8.05373 9000
8.05705 9000
8.06036 9000
8.06367 9000
8.06698 9000
8.07029 9000
8.07361 9000
8.07692 9000
8.08023 9000
8.08354 9000
8.08808 9000
8.09139 9000
8.0947 9000
8.13938 9000
8.14269 9000
8.146 9000
8.14931 9000
8.15262 9000
8.15594 9000
8.15925 9000
8.16256 9000
8.16587 9000
8.16918 9000
8.1725 9000
8.17581 9000
8.17912 9000
8.18243 9000
8.18574 9000
8.18906 9000
8.2333 9000
8.23661 9000
8.23992 9000
8.24323 9000
8.24655 9000
8.24986 9000
8.25317 9000
8.25648 9000
8.25979 9000
8.26311 9000
8.26642 9000
8.26973 9000
8.27304 9000
8.27635 9000
8.27967 9000
8.28298 9000
8.32722 9000
8.33053 9000
8.33384 9000
8.33716 9000
8.34047 9000
8.34378 9000
8.34709 9000
8.3504 9000
8.35372 9000
8.35703 9000
8.36034 9000
8.36365 9000
8.36696 9000
8.37028 9000
8.37359 9000
8.3769 9000
8.41949 9000
8.4228 9000
8.42611 9000
8.42942 9000
8.43274 9000
8.43605 9000
8.43936 9000
8.44267 9000
8.44598 9000
8.4493 9000
8.45261 9000
8.45592 9000
8.45923 9000
8.46254 9000
8.46586 9000
8.46917 9000
8.51175 9000
8.51507 9000
8.51838 9000
8.52169 9000
8.525 9000
8.52831 9000
8.53163 9000
8.53494 9000
8.53825 9000
8.54156 9000
8.54487 9000
8.54819 9000
8.5515 9000
8.55481 9000
8.55812 9000
8.56143 9000
8.56475 9000
8.60568 9000
8.60899 9000
8.6123 9000
8.61561 9000
8.61892 9000
8.62224 9000
8.62555 9000
8.62886 9000
8.63217 9000
8.63548 9000
8.6388 9000
8.64211 9000
8.64542 9000
8.64873 9000
8.65204 9000
8.65536 9000
8.65867 9000
8.6996 9000
8.70291 9000
8.70622 9000
8.70953 9000
8.71285 9000
8.71616 9000
8.71947 9000
8.72278 9000
8.72609 9000
8.72941 9000
8.73272 9000
8.73603 9000
8.73934 9000
8.74265 9000
8.74597 9000
8.74928 9000
8.75259 9000
8.79186 9000
8.79518 9000
8.79849 9000
8.8018 9000
8.80511 9000
8.80842 9000
8.81174 9000
8.81505 9000
8.81836 9000
8.82167 9000
8.82498 9000
8.8283 9000
8.83161 9000
8.83492 9000
8.83823 9000
8.84154 9000
8.84486 9000
8.88413 9000
8.88744 9000
8.89076 9000
8.89407 9000
8.89738 9000
8.90069 9000
8.904 9000
8.90732 9000
8.91063 9000
8.91394 9000
8.91725 9000
8.92056 9000
8.92388 9000
8.92719 9000
8.9305 9000
8.93381 9000
8.93712 9000
8.94044 9000
8.97805 9000
8.98137 9000
8.98468 9000
8.98799 9000
8.9913 9000
8.99461 9000
8.99793 9000
9.00124 9000
9.00455 9000
9.00786 9000
9.01117 9000
9.01449 9000
9.0178 9000
9.02111 9000
9.02442 9000
9.02773 9000
9.03105 9000
9.03436 9000
9.07198 9000
9.07529 9000
9.0786 9000
9.08191 9000
9.08522 9000
9.08854 9000
9.09185 9000
9.09516 9000
9.09847 9000
9.10178 9000
9.1051 9000
9.10841 9000
9.11172 9000
9.11503 9000
9.11834 9000
9.12166 9000
9.12497 9000
9.12828 9000
9.1659 9000
9.16921 9000
9.17252 9000
9.17583 9000
9.17915 9000
9.18246 9000
9.18577 9000
9.18908 9000
9.19239 9000
9.19571 9000
9.19902 9000
9.20233 9000
9.20564 9000
9.20895 9000
9.21227 9000
9.21558 9000
9.21889 9000
9.2222 9000
9.25816 9000
9.26148 9000
9.26479 9000
9.2681 9000
9.27141 9000
9.27472 9000
9.27804 9000
9.28135 9000
9.28466 9000
9.28797 9000
9.29128 9000
9.2946 9000
9.29791 9000
9.30122 9000
9.30453 9000
9.30784 9000
9.31116 9000
9.31447 9000
9.35043 9000
9.35374 9000
9.35706 9000
9.36037 9000
9.36368 9000
9.36699 9000
9.3703 9000
9.37362 9000
9.37693 9000
9.38024 9000
9.38355 9000
9.38686 9000
9.39018 9000
9.39349 9000
9.3968 9000
9.40011 9000
9.40342 9000
9.40674 9000
9.41005 9000
9.44435 9000
9.44767 9000
9.45098 9000
9.45429 9000
9.4576 9000
9.46091 9000
9.46423 9000
9.46754 9000
9.47085 9000
9.47416 9000
9.47747 9000
9.48079 9000
9.4841 9000
9.48741 9000
9.49072 9000
9.49403 9000
9.49735 9000
9.50066 9000
9.50397 9000
9.53828 9000
9.54159 9000
9.5449 9000
9.54821 9000
9.55152 9000
9.55484 9000
9.55815 9000
9.56146 9000
9.56477 9000
9.56808 9000
9.5714 9000
9.57471 9000
9.57802 9000
9.58133 9000
9.58464 9000
9.58796 9000
9.59127 9000
9.59458 9000
9.59789 9000
9.63054 9000
9.63385 9000
9.63717 9000
9.64048 9000
9.64379 9000
9.6471 9000
9.65041 9000
9.65373 9000
9.65704 9000
9.66035 9000
9.66366 9000
9.66697 9000
9.67029 9000
9.6736 9000
9.67691 9000
9.68022 9000
9.68353 9000
9.68685 9000
9.69016 9000
9.72281 9000
9.72612 9000
9.72943 9000
9.73274 9000
9.73606 9000
9.73937 9000
9.74268 9000
9.74599 9000
9.7493 9000
9.75262 9000
9.75593 9000
9.75924 9000
9.76255 9000
9.76586 9000
9.76918 9000
9.77249 9000
9.7758 9000
9.77911 9000
9.78242 9000
9.78574 9000
9.81673 9000
9.82004 9000
9.82336 9000
9.82667 9000
9.82998 9000
9.83329 9000
9.8366 9000
9.83992 9000
9.84323 9000
9.84654 9000
9.84985 9000
9.85316 9000
9.85648 9000
9.85979 9000
9.8631 9000
9.86641 9000
9.86972 9000
9.87304 9000
9.87635 9000
9.87966 9000
9.91065 9000
9.91397 9000
9.91728 9000
9.92059 9000
9.9239 9000
9.92721 9000
9.93053 9000
9.93384 9000
9.93715 9000
9.94046 9000
9.94377 9000
9.94709 9000
9.9504 9000
9.95371 9000
9.95702 9000
9.96033 9000
9.96365 9000
9.96696 9000
9.97027 9000
9.97358 9000
10.0029 9000
10.0062 9000
10.0095 9000
10.0129 9000
10.0162 9000
10.0195 9000
10.0228 9000
10.0261 9000
10.0294 9000
10.0327 9000
10.036 9000
10.0394 9000
10.0427 9000
10.046 9000
10.0493 9000
10.0526 9000
10.0559 9000
10.0592 9000
10.0625 9000
10.0658 9000
10.0952 9000
10.0985 9000
10.1018 9000
10.1051 9000
10.1084 9000
10.1117 9000
10.1151 9000
10.1184 9000
10.1217 9000
10.125 9000
10.1283 9000
10.1316 9000
10.1349 9000
10.1382 9000
10.1416 9000
10.1449 9000
10.1482 9000
10.1515 9000
10.1548 9000
10.1581 9000
10.1875 9000
10.1908 9000
10.1941 9000
10.1974 9000
10.2007 9000
10.204 9000
10.2073 9000
10.2106 9000
10.2139 9000
10.2173 9000
10.2206 9000
10.2239 9000
10.2272 9000
10.2305 9000
10.2338 9000
10.2371 9000
10.2404 9000
10.2438 9000
10.2471 9000
10.2504 9000
10.2537 9000
10.2814 9000
10.2847 9000
10.288 9000
10.2913 9000
10.2946 9000
10.2979 9000
10.3012 9000
10.3046 9000
10.3079 9000
10.3112 9000
10.3145 9000
10.3178 9000
10.3211 9000
10.3244 9000
10.3277 9000
10.3311 9000
10.3344 9000
10.3377 9000
10.341 9000
10.3443 9000
10.3476 9000
10.3753 9000
10.3786 9000
10.3819 9000
10.3852 9000
10.3885 9000
10.3919 9000
10.3952 9000
10.3985 9000
10.4018 9000
10.4051 9000
10.4084 9000
10.4117 9000
10.415 9000
10.4184 9000
10.4217 9000
10.425 9000
10.4283 9000
10.435 7380
10.435 7380
10.5897 7380
10.593 7380
10.5963 7380
10.5996 7380
10.6029 7380
10.6062 7380
10.6095 7380
10.6129 7380
10.6162 7380
10.6195 7380
10.6836 7380
10.6902 7380
10.6935 7380
10.6968 7380
10.7002 7380
10.7035 7380
10.7068 7380
10.7101 7380
10.7134 7380
10.7775 7380
10.7825 7380
10.7858 7380
10.7891 7380
10.7924 7380
10.7957 7380
10.799 7380
10.8024 7380
10.8057 7380
10.809 7380
10.8698 7380
10.8748 7380
10.8781 7380
10.8814 7380
10.8847 7380
10.888 7380
10.8913 7380
10.8946 7380
10.8979 7380
10.9013 7380
10.9621 7380
10.967 7380
10.9703 7380
10.9736 7380
10.977 7380
10.9803 7380
10.9836 7380
10.9869 7380
10.9902 7380
10.9935 7380
10.9968 7380
11.056 7380
11.0609 7380
11.0643 7380
11.0676 7380
11.0709 7380
11.0742 7380
11.0775 7380
11.0808 7380
11.0841 7380
11.0874 7380
11.0908 7380
11.1499 7380
11.1549 7380
11.1582 7380
11.1615 7380
11.1648 7380
11.1681 7380
11.1714 7380
11.1747 7380
11.1781 7380
11.1814 7380
11.1847 7380
11.2422 7380
11.2471 7380
11.2504 7380
11.2538 7380
11.2571 7380
11.2604 7380
11.2637 7380
11.267 7380
11.2703 7380
11.2736 7380
11.2769 7380
11.3344 7380
11.3394 7380
11.3427 7380
11.346 7380
11.3493 7380
11.3526 7380
11.356 7380
11.3593 7380
11.3626 7380
11.3659 7380
11.3692 7380
11.3725 7380
11.4284 7380
11.4333 7380
11.4366 7380
11.4399 7380
11.4433 7380
11.4466 7380
11.4499 7380
11.4532 7380
11.4565 7380
11.4598 7380
11.4631 7380
11.4664 7380
11.5223 7380
11.5272 7380
11.5306 7380
11.5339 7380
11.5372 7380
11.5405 7380
11.5438 7380
11.5471 7380
11.5504 7380
11.5537 7380
11.5571 7380
11.5604 7380
11.6145 7380
11.6195 7380
11.6228 7380
11.6261 7380
11.6294 7380
11.6328 7380
11.6361 7380
11.6394 7380
11.6427 7380
11.646 7380
11.6493 7380
11.6526 7380
11.7068 7380
11.7118 7380
11.7151 7380
11.7184 7380
11.7217 7380
11.725 7380
11.7283 7380
11.7316 7380
11.735 7380
11.7383 7380
11.7416 7380
11.7449 7380
11.7991 7380
11.8024 7380
11.8057 7380
11.809 7380
11.8123 7380
11.8156 7380
11.8189 7380
11.8223 7380
11.8256 7380
11.8289 7380
11.8322 7380
11.8355 7380
11.8388 7380
11.893 7380
11.8963 7380
11.8996 7380
11.9029 7380
11.9062 7380
11.9096 7380
11.9129 7380
11.9162 7380
11.9195 7380
11.9228 7380
11.9261 7380
11.9294 7380
11.9327 7380
11.9869 7380
11.9902 7380
11.9935 7380
11.9969 7380
12.0002 7380
12.0035 7380
12.0068 7380
12.0101 7380
12.0134 7380
12.0167 7380
12.02 7380
12.0234 7380
12.0267 7380
12.0792 7380
12.0825 7380
12.0858 7380
12.0891 7380
12.0924 7380
12.0957 7380
12.0991 7380
12.1024 7380
12.1057 7380
12.109 7380
12.1123 7380
12.1156 7380
12.1189 7380
12.1715 7380
12.1748 7380
12.1781 7380
12.1814 7380
12.1847 7380
12.188 7380
12.1913 7380
12.1946 7380
12.1979 7380
12.2013 7380
12.2046 7380
12.2079 7380
12.2112 7380
12.2145 7380
12.2654 7380
12.2687 7380
12.272 7380
12.2753 7380
12.2786 7380
12.2819 7380
12.2852 7380
12.2886 7380
12.2919 7380
12.2952 7380
12.2985 7380
12.3018 7380
12.3051 7380
12.3084 7380
12.3593 7380
12.3626 7380
12.3659 7380
12.3692 7380
12.3725 7380
12.3759 7380
12.3792 7380
12.3825 7380
12.3858 7380
12.3891 7380
12.3924 7380
12.3957 7380
12.399 7380
12.4024 7380
12.4516 7380
12.4549 7380
12.4582 7380
12.4615 7380
12.4648 7380
12.4681 7380
12.4714 7380
12.4747 7380
12.4781 7380
12.4814 7380
12.4847 7380
12.488 7380
12.4913 7380
12.4946 7380
12.5438 7380
12.5471 7380
12.5505 7380
12.5538 7380
12.5571 7380
12.5604 7380
12.5637 7380
12.567 7380
12.5703 7380
12.5736 7380
12.577 7380
12.5803 7380
12.5836 7380
12.5869 7380
12.5902 7380
12.6378 7380
12.6411 7380
12.6444 7380
12.6477 7380
12.651 7380
12.6543 7380
12.6576 7380
12.6609 7380
12.6642 7380
12.6676 7380
12.6709 7380
12.6742 7380
12.6775 7380
12.6808 7380
12.6841 7380
12.7317 7380
12.735 7380
12.7383 7380
12.7416 7380
12.7449 7380
12.7482 7380
12.7515 7380
12.7549 7380
12.7582 7380
12.7615 7380
12.7648 7380
12.7681 7380
12.7714 7380
12.7747 7380
12.778 7380
12.8239 7380
12.8273 7380
12.8306 7380
12.8339 7380
12.8372 7380
12.8405 7380
12.8438 7380
12.8471 7380
12.8504 7380
12.8538 7380
12.8571 7380
12.8604 7380
12.8637 7380
12.867 7380
12.8703 7380
12.9162 7380
12.9195 7380
12.9228 7380
12.9261 7380
12.9295 7380
12.9328 7380
12.9361 7380
12.9394 7380
12.9427 7380
12.946 7380
12.9493 7380
12.9526 7380
12.956 7380
12.9593 7380
12.9626 7380
13.0085 7380
13.0118 7380
13.0151 7380
13.0184 7380
13.0217 7380
13.025 7380
13.0283 7380
13.0317 7380
13.035 7380
13.0383 7380
13.0416 7380
13.0449 7380
13.0482 7380
13.0515 7380
13.0548 7380
13.0582 7380
13.1024 7380
13.1057 7380
13.109 7380
13.1123 7380
13.1156 7380
13.119 7380
13.1223 7380
13.1256 7380
13.1289 7380
13.1322 7380
13.1355 7380
13.1388 7380
13.1421 7380
