0.0905768 1
0.182886 361
0.276809 1081
0.370731 1801
0.462998 2521
0.46631 3241
0.55692 3961
0.560232 4681
0.563544 5401
0.650842 6121
0.654154 6841
0.657466 7561
0.660778 8281
0.743109 9001
0.746421 9721
0.749733 10441
0.753045 11161
0.756357 11881
0.759669 12601
0.835375 13321
0.838687 14041
0.841999 14761
0.845311 15481
0.848623 16201
0.851935 16921
0.855247 17641
0.858559 18361
0.861871 19081
0.927642 19801
0.930954 20521
0.934266 21241
0.937578 21961
0.94089 22681
0.944202 23401
0.947514 24121
0.950826 24841
0.954138 25561
0.95745 26281
0.960762 27001
0.964074 27721
0.967386 28441
0.970698 29161
1.02156 29881
1.02488 30601
1.02819 31321
1.0315 32041
1.03481 32761
1.03812 33481
1.04144 34201
1.04475 34921
1.04806 35641
1.05137 36361
1.05468 37081
1.058 37801
1.06131 38521
1.06462 39241
1.06793 39961
1.07124 40681
1.07456 41401
1.08118 42841
1.08449 43561
1.0878 44281
1.11549 45001
1.1188 45721
1.12211 46441
1.12542 47161
1.12873 47881
1.13205 48601
1.13536 49321
1.13867 50041
1.14198 50761
1.14529 51481
1.14861 52201
1.15192 52921
1.15523 53641
1.15854 54361
1.16185 55081
1.16517 55801
1.16848 56521
1.17179 57241
1.1751 57961
1.17841 58681
1.18173 59401
1.18504 60121
1.18835 60841
1.19166 61561
1.19497 62281
1.19829 63001
1.2016 63721
1.20491 64441
1.20822 65161
1.21153 65881
1.21485 66601
1.21816 67321
1.22147 68041
1.22478 68761
1.22809 69481
1.23141 70201
1.23472 70921
1.23803 71641
1.24134 72361
1.24465 73081
1.24797 73801
1.25128 74521
1.25459 75241
1.2579 75961
1.26121 76681
1.26453 77401
1.26784 78121
1.27115 78841
1.27446 79561
1.27777 80281
1.28109 81001
1.2844 81721
1.28771 82441
1.29102 83161
1.29433 83881
1.29765 84601
1.30096 85321
1.30427 86041
1.30758 86761
1.31089 87481
1.31421 88201
1.31752 88921
1.32083 89641
1.5328 135361
1.53611 136081
1.53942 136801
1.54273 137521
1.54605 138241
1.54936 138961
1.55267 139681
1.55598 140401
1.55929 141121
1.56261 141841
1.56592 142561
1.56923 143281
1.57254 144001
1.57585 144721
1.57917 145441
1.58248 146161
1.58579 146881
1.5891 147601
1.59241 148321
1.59573 149041
1.59904 149761
1.60235 150481
1.72489 176761
1.76421 177481
1.76752 178201
1.77083 178921
1.77414 179641
1.77745 180361
1.78077 181081
1.78408 181801
1.78739 182521
1.7907 183241
1.79401 183961
1.79733 184681
1.80064 185401
1.80395 186121
1.80726 186841
1.81057 187561
1.81389 188281
1.8172 189001
1.85813 189721
1.86144 190441
1.86475 191161
1.86807 191881
1.87138 192601
1.87469 193321
1.878 194041
1.88131 194761
1.88463 195481
1.88794 196201
1.89125 196921
1.89456 197641
1.89787 198361
1.90119 199081
1.9045 199801
1.90781 200521
1.91112 201241
1.95205 201961
1.95536 202681
1.95868 203401
1.96199 204121
1.9653 204841
1.96861 205561
1.97192 206281
1.97524 207001
2.07578 220321
2.08741 221041
2.09072 221761
2.09404 222481
2.09735 223201
2.13828 223921
2.14159 224641
2.1449 225361
2.14821 226081
2.15153 226801
2.15484 227521
2.15815 228241
2.16146 228961
2.16477 229681
2.16809 230401
2.18133 231121
2.18465 231841
2.18796 232561
2.19127 233281
2.23055 234001
2.23386 234721
2.23717 235441
2.24048 236161
2.24379 236881
2.24711 237601
2.25042 238321
2.25373 239041
2.25704 239761
2.26035 240481
2.26367 241201
2.2736 241921
2.27691 242641
2.28023 243361
2.28354 244081
2.28685 244801
2.32447 245521
2.32778 246241
2.33109 246961
2.3344 247681
2.33772 248401
2.34103 249121
2.34434 249841
2.34765 250561
2.35096 251281
2.35428 252001
2.35759 252721
2.3609 253441
2.36752 254161
2.37084 254881
2.37415 255601
2.37746 256321
2.38077 257041
2.41673 257761
2.42005 258481
2.42336 259201
2.42667 259921
2.42998 260641
2.43329 261361
2.43661 262081
2.43992 262801
2.44323 263521
2.44654 264241
2.44985 264961
2.45317 265681
2.45648 266401
2.46145 267121
2.46476 267841
2.46807 268561
2.47138 269281
2.47469 270001
2.51066 270721
2.51397 271441
2.51728 272161
2.52059 272881
2.5239 273601
2.52722 274321
2.53053 275041
2.53384 275761
2.53715 276481
2.54046 277201
2.54378 277921
2.54709 278641
2.5504 279361
2.55371 280081
2.55702 280801
2.56034 281521
2.56365 282241
2.56696 282961
2.60292 283681
2.60623 284401
2.60955 285121
2.61286 285841
2.61617 286561
2.61948 287281
2.62279 288001
2.62611 288721
2.62942 289441
2.63273 290161
2.63604 290881
2.63935 291601
2.64267 292321
2.64598 293041
2.64929 293761
2.6526 294481
2.65591 295201
2.65923 295921
2.66254 296641
2.69519 297361
2.6985 298081
2.70181 298801
2.70513 299521
2.70844 300241
2.71175 300961
2.71506 301681
2.71837 302401
2.72169 303121
2.725 303841
2.72831 304561
2.73162 305281
2.73493 306001
2.73825 306721
2.74156 307441
2.74487 308161
2.74818 308881
2.75149 309601
2.75481 310321
2.75812 311041
2.78746 311761
2.79077 312481
2.79408 313201
2.79739 313921
2.8007 314641
2.80402 315361
2.80733 316081
2.81064 316801
2.81395 317521
2.81726 318241
2.82058 318961
2.82389 319681
2.8272 320401
2.83051 321121
2.83382 321841
2.83714 322561
2.84045 323281
2.84376 324001
2.84707 324721
2.85038 325441
2.8537 326161
2.88138 326881
2.88469 327601
2.888 328321
2.89131 329041
2.89463 329761
2.89794 330481
2.90125 331201
2.90456 331921
2.90787 332641
2.91119 333361
2.9145 334081
2.91781 334801
2.92112 335521
2.92443 336241
2.92775 336961
2.93106 337681
2.93437 338401
2.93768 339121
2.94099 339841
2.94431 340561
2.94762 341281
2.95093 342001
2.9753 342721
2.97861 343441
2.98192 344161
2.98524 344881
2.98855 345601
2.99186 346321
2.99517 347041
2.99848 347761
3.0018 348481
3.00511 349201
3.00842 349921
3.01173 350641
3.01504 351361
3.01836 352081
3.02167 352801
3.02498 353521
3.02829 354241
3.0316 354961
3.03492 355681
3.03823 356401
3.04154 357121
3.04485 357841
3.06757 358561
3.07088 359281
3.07419 360001
3.0775 360721
3.08081 361441
3.08413 362161
3.08744 362881
3.09075 363601
3.09406 364321
3.09737 365041
3.10069 365761
3.104 366481
3.10731 367201
3.11062 367921
3.11393 368641
3.11725 369361
3.12056 370081
3.12387 370801
3.12718 371521
3.13049 372241
3.13381 372961
3.13712 373681
3.14043 374401
3.15983 375121
3.16315 375841
3.16646 376561
3.16977 377281
3.17308 378001
3.17639 378721
3.17971 379441
3.18302 380161
3.18633 380881
3.18964 381601
3.19295 382321
3.19627 383041
3.19958 383761
3.20289 384481
3.2062 385201
3.20951 385921
3.21283 386641
3.21614 387361
3.21945 388081
3.22276 388801
3.22607 389521
3.22939 390241
3.2327 390961
3.23601 391681
3.2521 392401
3.25541 393121
3.25872 393841
3.26204 394561
3.26535 395281
3.26866 396001
3.27197 396721
3.27528 397441
3.2786 398161
3.28191 398881
3.28522 399601
3.28853 400321
3.29184 401041
3.29516 401761
3.29847 402481
3.30178 403201
3.30509 403921
3.3084 404641
3.31172 405361
3.31503 406081
3.31834 406801
3.32165 407521
3.32496 408241
3.32828 408961
3.33159 409681
3.34602 410401
3.34933 411121
3.35265 411841
3.35596 412561
3.35927 413281
3.36258 414001
3.36589 414721
3.36921 415441
3.37252 416161
3.37583 416881
3.37914 417601
3.38245 418321
3.38577 419041
3.38908 419761
3.39239 420481
3.3957 421201
3.39901 421921
3.40233 422641
3.40564 423361
3.40895 424081
3.41226 424801
3.41557 425521
3.41889 426241
3.4222 426961
3.42551 427681
3.42882 428401
3.43994 429121
3.44326 429841
3.44657 430561
3.44988 431281
3.45319 432001
3.4565 432721
3.45982 433441
3.46313 434161
3.46644 434881
3.46975 435601
3.47306 436321
3.47638 437041
3.47969 437761
3.483 438481
3.48631 439201
3.48962 439921
3.49294 440641
3.49625 441361
3.49956 442081
3.50287 442801
3.50618 443521
3.5095 444241
3.51281 444961
3.51612 445681
3.51943 446401
3.52274 447121
3.52606 447841
3.53387 448561
3.53718 449281
3.54049 450001
3.5438 450721
3.54711 451441
3.55043 452161
3.55374 452881
3.55705 453601
3.56036 454321
3.56367 455041
3.56699 455761
3.5703 456481
3.57361 457201
3.57692 457921
3.58023 458641
3.58355 459361
3.58686 460081
3.59017 460801
3.59348 461521
3.59679 462241
3.60011 462961
3.60342 463681
3.60673 464401
3.61004 465121
3.61335 465841
3.61667 466561
3.61998 467281
3.62613 468001
3.62945 468721
3.63276 469441
3.63607 470161
3.63938 470881
3.64269 471601
3.64601 472321
3.64932 473041
3.65263 473761
3.65594 474481
3.65925 475201
3.66257 475921
3.66588 476641
3.66919 477361
3.6725 478081
3.67581 478801
3.67913 479521
3.68244 480241
3.68575 480961
3.68906 481681
3.69237 482401
3.69569 483121
3.699 483841
3.70231 484561
3.70562 485281
3.70893 486001
3.71225 486721
3.71556 487441
3.71887 488161
3.72218 488881
3.72549 489601
3.72881 490321
3.73212 491041
3.73543 491761
3.73874 492481
3.74205 493201
3.74537 493921
3.74868 494641
3.75199 495361
3.7553 496081
3.75861 496801
3.76193 497521
3.76524 498241
3.76855 498961
3.77186 499681
3.77517 500401
3.77849 501121
3.7818 501841
3.78511 502561
3.78842 503281
3.79173 504001
3.79505 504721
3.79836 505441
3.80167 506161
3.80498 506881
3.80829 507601
3.81161 508321
3.81492 509041
3.81823 509761
3.82154 510481
3.82485 511201
3.82817 511921
3.83148 512641
3.83479 513361
3.8381 514081
3.84141 514801
3.84473 515521
3.84804 516241
3.85135 516961
3.85466 517681
3.85797 518401
3.86129 519121
3.8646 519841
3.86791 520561
3.87122 521281
3.87453 522001
3.87785 522721
3.88116 523441
3.88447 524161
3.88778 524881
3.89109 525601
3.8944 526321
3.89772 527041
3.90103 527761
3.90434 528481
3.90765 529201
3.91096 529921
3.91428 530641
3.91759 531361
3.9209 532081
3.92421 532801
3.92752 533521
3.93084 534241
3.93415 534961
3.93746 535681
3.94077 536401
3.94408 537121
3.9474 537841
3.95071 538561
3.95402 539281
3.95733 540001
3.96064 540721
3.96396 541441
3.96727 542161
3.97058 542881
3.97389 543601
3.9772 544321
3.98052 545041
3.98383 545761
3.98714 546481
3.99045 547201
3.99376 547921
3.99708 548641
4.00039 549361
4.0037 550081
4.00701 550801
4.01032 551521
4.01364 552241
4.01695 552961
4.02026 553681
4.02357 554401
4.02688 555121
4.0302 555841
4.03351 556561
4.03682 557281
4.04013 558001
4.04344 558721
4.04676 559441
4.05007 560161
4.05338 560881
4.05669 561601
4.06 562321
4.06332 563041
4.06663 563761
4.06994 564481
4.07325 565201
4.07656 565921
4.07988 566641
4.08319 567361
4.0865 568081
4.08981 568801
4.09312 569521
4.09644 570241
4.09975 570961
4.10306 571681
4.10637 572401
4.10968 573121
4.113 573841
4.11631 574561
4.11962 575281
4.12293 576001
4.12624 576721
4.12956 577441
4.13287 578161
4.13618 578881
4.13949 579601
4.1428 580321
4.14612 581041
4.14943 581761
4.15274 582481
4.15605 583201
4.15936 583921
4.16268 584641
4.16599 585361
4.1693 586081
4.17261 586801
4.17592 587521
4.17924 588241
4.18255 588961
4.18586 589681
4.18917 590401
4.19248 591121
4.1958 591841
4.19911 592561
4.20242 593281
4.20573 594001
4.20904 594721
4.21236 595441
4.21567 596161
4.21898 596881
4.22229 597601
4.2256 598321
4.22892 599041
4.23223 599761
4.23554 600481
4.23885 601201
4.24216 601921
4.24548 602641
4.24879 603361
4.2521 604081
4.25541 604801
4.25872 605521
4.26204 606241
4.26535 606961
4.26866 607681
4.27197 608401
4.27528 609121
4.2786 609841
4.28191 610561
4.28522 611281
4.28853 612001
4.29184 612721
4.29516 613441
4.29847 614161
4.30178 614881
4.30509 615601
4.3084 616321
4.31172 617041
4.31503 617761
4.31834 618481
4.32165 619201
4.32496 619921
4.32828 620641
4.33159 621361
4.3349 622081
4.33821 622801
4.34152 623521
4.34484 624241
4.34815 624961
4.35146 625681
4.35477 626401
4.35808 627121
4.3614 627841
4.36471 628561
4.36802 629281
4.37133 630001
4.37464 630721
4.37796 631441
4.38127 632161
4.38458 632881
4.38789 633601
4.3912 634321
4.39452 635041
4.39783 635761
4.40114 636481
4.40445 637201
4.40776 637921
4.41108 638641
4.41439 639361
4.4177 640081
4.42101 640801
4.42432 641521
4.42764 642241
4.43095 642961
4.43426 643681
4.43757 644401
4.44088 645121
4.4442 645841
4.44751 646561
4.45082 647281
4.45413 648001
4.45744 648721
4.46076 649441
4.46407 650161
4.46738 650881
4.47069 651601
4.474 652321
4.47732 653041
4.48063 653761
4.48394 654481
4.48725 655201
4.49056 655921
4.49388 656641
4.49719 657361
4.5005 658081
4.50381 658801
4.50712 659521
4.51044 660241
4.51375 660961
4.51706 661681
4.52037 662401
4.52368 663121
4.527 663841
4.53031 664561
4.53362 665281
4.53693 666001
4.54024 666721
4.54356 667441
4.54687 668161
4.55018 668881
4.55349 669601
4.5568 670321
4.56012 671041
4.56343 671761
4.56674 672481
4.57005 673201
4.57336 673921
4.57668 674641
4.57999 675361
4.5833 676081
4.58661 676801
4.58992 677521
4.59324 678241
4.59655 678961
4.59986 679681
4.60317 680401
4.60648 681121
4.6098 681841
4.61311 682561
4.61642 683281
4.61973 684001
4.62304 684721
4.62636 685441
4.62967 686161
4.63298 686881
4.63629 687601
4.6396 688321
4.64292 689041
4.64623 689761
4.64954 690481
4.65285 691201
4.65616 691921
4.65948 692641
4.66279 693361
4.6661 694081
4.66941 694801
4.67272 695521
4.67604 696241
4.67935 696961
4.68266 697681
4.68597 698401
4.68928 699121
4.6926 699841
4.69591 700561
4.69922 701281
4.70253 702001
4.70584 702721
4.70916 703441
4.71247 704161
4.71578 704881
4.71909 705601
4.7224 706321
4.72572 707041
4.72903 707761
4.73234 708481
4.73565 709201
4.73896 709921
4.74228 710641
4.74559 711361
4.7489 712081
4.75221 712801
4.75552 713521
4.75884 714241
4.76215 714961
4.76546 715681
4.76877 716401
4.77208 717121
4.7754 717841
4.77871 718561
4.78202 719281
4.78533 720001
4.78864 720721
4.79196 721441
4.79527 722161
4.79858 722881
4.80189 723601
4.8052 724321
4.80852 725041
4.81183 725761
4.81514 726481
4.81845 727201
4.82176 727921
4.82508 728641
4.82839 729361
4.8317 730081
4.83501 730801
4.83832 731521
4.84164 732241
4.84495 732961
4.84826 733681
4.85157 734401
4.85488 735121
4.8582 735841
4.86151 736561
4.86482 737281
4.86813 738001
4.87144 738721
4.87476 739441
4.87807 740161
4.88138 740881
4.88469 741601
4.888 742321
4.89132 743041
4.89463 743761
4.89794 744481
4.90125 745201
4.90456 745921
4.90788 746641
4.91119 747361
4.9145 748081
4.91781 748801
4.92112 749521
4.92444 750241
4.92775 750961
4.93106 751681
4.93437 752401
4.93768 753121
4.941 753841
4.94431 754561
4.94762 755281
4.95093 756001
4.95424 756721
4.95756 757441
4.96087 758161
4.96418 758881
4.96749 759601
4.9708 760321
4.97412 761041
4.97743 761761
4.98074 762481
4.98405 763201
4.98736 763921
4.99068 764641
4.99399 765361
4.9973 766081
5.00061 766801
5.00392 767521
5.00724 768241
5.01055 768961
5.01386 769681
5.01717 770401
5.02048 771121
5.0238 771841
5.02711 772561
5.03042 773281
5.03373 774001
5.03704 774721
5.04036 775441
5.04367 776161
5.04698 776881
5.05029 777601
5.0536 778321
5.05692 779041
5.06023 779761
5.06354 780481
5.06685 781201
5.07016 781921
5.07348 782641
5.07679 783361
5.0801 784081
5.08341 784801
5.08672 785521
5.09004 786241
5.09335 786961
5.09666 787681
5.09997 788401
5.10328 789121
5.1066 789841
5.10991 790561
5.11322 791281
5.11653 792001
5.11984 792721
5.12316 793441
5.12647 794161
5.12978 794881
5.13309 795601
5.1364 796321
5.13972 797041
5.14303 797761
5.14634 798481
5.14965 799201
5.15296 799921
5.15628 800641
5.15959 801361
5.1629 802081
5.16621 802801
5.16952 803521
5.17284 804241
5.17615 804961
5.17946 805681
5.18277 806401
5.18608 807121
5.1894 807841
5.19271 808561
5.19602 809281
5.19933 810001
5.20264 810721
5.20596 811441
5.20927 812161
5.21258 812881
5.21589 813601
5.2192 814321
5.22252 815041
5.22583 815761
5.22914 816481
5.23245 817201
5.23576 817921
5.23908 818641
5.24239 819361
5.2457 820081
5.24901 820801
5.25232 821521
5.25564 822241
5.25895 822961
5.26226 823681
5.26557 824401
5.26888 825121
5.2722 825841
5.27551 826561
5.27882 827281
5.28213 828001
5.28544 828721
5.28876 829441
5.29207 830161
5.29538 830881
5.29869 831601
5.302 832321
5.30532 833041
5.30863 833761
5.31194 834481
5.31525 835201
5.31856 835921
5.32188 836641
5.32519 837361
5.3285 838081
5.33181 838801
5.33512 839521
5.33844 840241
5.34175 840961
5.34506 841681
5.34837 842401
5.35168 843121
5.355 843841
5.35831 844561
5.36162 845281
5.36493 846001
5.36824 846721
5.37156 847441
5.37487 848161
5.37818 848881
5.38149 849601
5.3848 850321
5.38812 851041
5.39143 851761
5.39474 852481
5.39805 853201
5.40136 853921
5.40468 854641
5.40799 855361
5.4113 856081
5.41461 856801
5.41792 857521
5.42124 858241
5.42455 858961
5.42786 859681
5.43117 860401
5.43448 861121
5.4378 861841
5.44111 862561
5.44442 863281
5.44773 864001
5.45104 864721
5.45436 865441
5.45767 866161
5.46098 866881
5.46429 867601
5.4676 868321
5.47092 869041
5.47423 869761
5.47754 870481
5.48085 871201
5.48416 871921
5.48748 872641
5.49079 873361
5.4941 874081
5.49741 874801
5.50072 875521
5.50404 876241
5.50735 876961
5.51066 877681
5.51397 878401
5.51728 879121
5.5206 879841
5.52391 880561
5.52722 881281
5.53053 882001
5.53384 882721
5.53716 883441
5.54047 884161
5.54378 884881
5.54709 885601
5.5504 886321
5.55372 887041
5.55703 887761
5.56034 888481
5.56365 889201
5.56696 889921
5.57028 890641
5.57359 891361
5.5769 892081
5.58021 892801
5.58352 893521
5.58684 894241
5.59015 894961
5.59346 895681
5.59677 896401
5.60008 897121
5.6034 897841
5.60671 898561
5.61002 899281
5.61333 900001
5.61664 900721
5.62327 902161
5.62658 902881
5.62989 903601
5.6332 904321
5.63652 905041
5.63983 905761
5.64314 906481
5.64645 907201
5.64976 907921
5.65308 908641
5.65639 909361
5.6597 910081
5.66301 910801
5.66632 911521
5.66964 912241
5.67295 912961
5.67626 913681
5.67957 914401
5.68288 915121
5.6862 915841
5.68951 916561
5.69282 917281
5.69613 918001
5.69944 918721
5.70276 919441
5.70607 920161
5.70938 920881
5.71269 921601
5.716 922321
5.71932 923041
5.72263 923761
5.72594 924481
5.72925 925201
5.73256 925921
5.73588 926641
5.73919 927361
5.7425 928081
5.74581 928801
5.74912 929521
5.75244 930241
5.75575 930961
5.75906 931681
5.76237 932401
5.76568 933121
5.769 933841
5.77231 934561
5.77562 935281
5.77893 936001
5.78224 936721
5.78556 937441
5.78887 938161
5.79218 938881
5.79549 939601
5.7988 940321
5.80212 941041
5.80543 941761
5.80874 942481
5.81205 943201
5.81536 943921
5.81868 944641
5.82199 945361
5.8253 946081
5.82861 946801
5.83192 947521
5.83524 948241
5.83855 948961
5.84186 949681
5.84517 950401
5.84848 951121
5.8518 951841
5.85511 952561
5.85842 953281
5.86173 954001
5.86504 954721
5.86836 955441
5.87167 956161
5.87498 956881
5.87829 957601
5.8816 958321
5.88492 959041
5.88823 959761
5.89154 960481
5.89485 961201
5.89816 961921
5.90148 962641
5.90479 963361
5.9081 964081
5.91141 964801
5.91472 965521
5.91804 966241
5.92135 966961
5.92466 967681
5.92797 968401
5.93128 969121
5.9346 969841
5.93791 970561
5.94122 971281
5.94453 972001
5.94784 972721
5.95116 973441
5.95447 974161
5.95778 974881
5.96109 975601
5.9644 976321
5.96772 977041
5.97103 977761
5.97434 978481
5.97765 979201
5.98096 979921
5.98428 980641
5.98759 981361
5.9909 982081
5.99421 982801
5.99752 983521
6.00084 984241
6.00415 984961
6.00746 985681
6.01077 986401
6.01408 987121
6.0174 987841
6.02071 988561
6.02402 989281
6.02733 990001
6.03064 990721
6.03396 991441
6.03727 992161
6.04058 992881
6.04389 993601
6.0472 994321
6.05052 995041
6.05383 995761
6.05714 996481
6.06045 997201
6.06376 997921
6.06708 998641
6.07039 999361
6.0737 1000081
6.07701 1000801
6.08032 1001521
6.08364 1002241
6.08695 1002961
6.09026 1003681
6.09357 1004401
6.09688 1005121
6.1002 1005841
6.10351 1006561
6.10682 1007281
6.11013 1008001
6.11344 1008721
6.11676 1009441
6.12007 1010161
6.12338 1010881
6.12669 1011601
6.13 1012321
6.13332 1013041
6.13663 1013761
6.13994 1014481
6.14325 1015201
6.14656 1015921
6.14988 1016641
6.15319 1017361
6.1565 1018081
6.15981 1018801
6.16312 1019521
6.16644 1020241
6.16975 1020961
6.17306 1021681
6.17637 1022401
6.17968 1023121
6.183 1023841
6.18631 1024561
6.18962 1025281
6.19293 1026001
6.19624 1026721
6.19956 1027441
6.20287 1028161
6.20618 1028881
6.20949 1029601
6.2128 1030321
6.21612 1031041
6.21943 1031761
6.22274 1032481
6.22605 1033201
6.22936 1033921
6.23268 1034641
6.23599 1035361
6.2393 1036081
6.24261 1036801
6.24592 1037521
6.24924 1038241
6.25255 1038961
6.25586 1039681
6.25917 1040401
6.26248 1041121
6.2658 1041841
6.26911 1042561
6.27242 1043281
6.27573 1044001
6.27904 1044721
6.28236 1045441
6.28567 1046161
6.28898 1046881
6.29229 1047601
6.2956 1048321
6.29892 1049041
6.30223 1049761
6.30554 1050481
6.30885 1051201
6.31216 1051921
6.31548 1052641
6.31879 1053361
6.3221 1054081
6.32541 1054801
6.32872 1055521
6.33204 1056241
6.33535 1056961
6.33866 1057681
6.34197 1058401
6.34528 1059121
6.3486 1059841
6.35191 1060561
6.35522 1061281
6.35853 1062001
6.36184 1062721
6.36516 1063441
6.36847 1064161
6.37178 1064881
6.37509 1065601
6.3784 1066321
6.38172 1067041
6.38503 1067761
6.38834 1068481
6.39165 1069201
6.39496 1069921
6.39828 1070641
6.40159 1071361
6.4049 1072081
6.40821 1072801
6.41152 1073521
6.41484 1074241
6.41815 1074961
6.42146 1075681
6.42477 1076401
6.42808 1077121
6.4314 1077841
6.43471 1078561
6.43802 1079281
6.44133 1080001
6.44464 1080721
6.44796 1081441
6.45127 1082161
6.45458 1082881
6.45789 1083601
6.4612 1084321
6.46452 1085041
6.46783 1085761
6.47114 1086481
6.47445 1087201
6.47776 1087921
6.48108 1088641
6.48439 1089361
6.4877 1090081
6.49101 1090801
6.49432 1091521
6.49764 1092241
6.50095 1092961
6.50426 1093681
6.50757 1094401
6.51088 1095121
6.5142 1095841
6.51751 1096561
6.52082 1097281
6.52413 1098001
6.52744 1098721
6.53076 1099441
6.53407 1100161
6.53738 1100881
6.54069 1101601
6.544 1102321
6.54732 1103041
6.55063 1103761
6.55394 1104481
6.55725 1105201
6.56056 1105921
6.56388 1106641
6.56719 1107361
6.5705 1108081
6.57381 1108801
6.57712 1109521
6.58044 1110241
6.58375 1110961
6.58706 1111681
6.59037 1112401
6.59368 1113121
6.597 1113841
6.60031 1114561
6.60362 1115281
6.60693 1116001
6.61024 1116721
6.61356 1117441
6.61687 1118161
6.62018 1118881
6.62349 1119601
6.6268 1120321
6.63012 1121041
6.63343 1121761
6.63674 1122481
6.64005 1123201
6.64336 1123921
6.64668 1124641
6.64999 1125361
6.6533 1126081
6.65661 1126801
6.65992 1127521
6.66324 1128241
6.66655 1128961
6.66986 1129681
6.67317 1130401
6.67648 1131121
6.6798 1131841
6.68311 1132561
6.68642 1133281
6.68973 1134001
6.69304 1134721
6.69636 1135441
6.69967 1136161
6.70298 1136881
6.70629 1137601
6.7096 1138321
6.71292 1139041
6.71623 1139761
6.71954 1140481
6.72285 1141201
6.72616 1141921
6.72948 1142641
6.73279 1143361
6.7361 1144081
6.73941 1144801
6.74272 1145521
6.74604 1146241
6.74935 1146961
6.75266 1147681
6.75597 1148401
6.75928 1149121
6.7626 1149841
6.76591 1150561
6.76922 1151281
6.77253 1152001
6.77584 1152721
6.77916 1153441
6.78247 1154161
6.78578 1154881
6.78909 1155601
6.7924 1156321
6.79572 1157041
6.79903 1157761
6.80234 1158481
6.80565 1159201
6.80896 1159921
6.81228 1160641
6.81559 1161361
6.8189 1162081
6.82221 1162801
6.82552 1163521
6.82884 1164241
6.83215 1164961
6.83546 1165681
6.83877 1166401
6.84208 1167121
6.8454 1167841
6.84871 1168561
6.85202 1169281
6.85533 1170001
6.85864 1170721
6.86196 1171441
6.86527 1172161
6.86858 1172881
6.87189 1173601
6.8752 1174321
6.87852 1175041
6.88183 1175761
6.88514 1176481
6.88845 1177201
6.89176 1177921
6.89508 1178641
6.89839 1179361
6.9017 1180081
6.90501 1180801
6.90832 1181521
6.91164 1182241
6.91495 1182961
6.91826 1183681
6.92157 1184401
6.92488 1185121
6.9282 1185841
6.93151 1186561
6.93482 1187281
6.93813 1188001
6.94144 1188721
6.94476 1189441
6.94807 1190161
6.95138 1190881
6.95469 1191601
6.958 1192321
6.96132 1193041
6.96463 1193761
6.96794 1194481
6.97125 1195201
6.97456 1195921
6.97788 1196641
6.98119 1197361
6.9845 1198081
6.98781 1198801
6.99112 1199521
6.99444 1200241
6.99775 1200961
7.00106 1201681
7.00437 1202401
7.00768 1203121
7.011 1203841
7.01431 1204561
7.01762 1205281
7.02093 1206001
7.02424 1206721
7.02756 1207441
7.03087 1208161
7.03418 1208881
7.03749 1209601
7.0408 1210321
7.04412 1211041
7.04743 1211761
7.05074 1212481
7.05405 1213201
7.05736 1213921
7.06068 1214641
7.06399 1215361
7.0673 1216081
7.07061 1216801
7.07392 1217521
7.07724 1218241
7.08055 1218961
7.08386 1219681
7.08717 1220401
7.09048 1221121
7.0938 1221841
7.09711 1222561
7.10042 1223281
7.10373 1224001
7.10704 1224721
7.11036 1225441
7.11367 1226161
7.11698 1226881
7.12029 1227601
7.1236 1228321
7.12692 1229041
7.13023 1229761
7.13354 1230481
7.13685 1231201
7.14016 1231921
7.14348 1232641
7.14679 1233361
7.1501 1234081
7.15341 1234801
7.15672 1235521
7.16004 1236241
7.16335 1236961
7.16666 1237681
7.16997 1238401
7.17328 1239121
7.1766 1239841
7.17991 1240561
7.18322 1241281
7.18653 1242001
7.18984 1242721
7.19315 1243441
7.19647 1244161
7.19978 1244881
7.20309 1245601
7.2064 1246321
7.20971 1247041
7.21303 1247761
7.21634 1248481
7.21965 1249201
7.22296 1249921
7.22627 1250641
7.22959 1251361
7.2329 1252081
7.23621 1252801
7.23952 1253521
7.24283 1254241
7.24615 1254961
7.24946 1255681
7.25277 1256401
7.25608 1257121
7.25939 1257841
7.26271 1258561
7.26602 1259281
7.26933 1260001
7.27264 1260721
7.27595 1261441
7.27927 1262161
7.28258 1262881
7.28589 1263601
7.2892 1264321
7.29251 1265041
7.29583 1265761
7.29914 1266481
7.30245 1267201
7.30576 1267921
7.30907 1268641
7.31239 1269361
7.3157 1270081
7.31901 1270801
7.32232 1271521
7.32563 1272241
7.32895 1272961
7.33226 1273681
7.33557 1274401
7.33888 1275121
7.34219 1275841
7.34551 1276561
7.34882 1277281
7.35213 1278001
7.35544 1278721
7.35875 1279441
7.36207 1280161
7.36538 1280881
7.36869 1281601
7.372 1282321
7.37531 1283041
7.37863 1283761
7.38194 1284481
7.38525 1285201
7.38856 1285921
7.39187 1286641
7.39519 1287361
7.3985 1288081
7.40181 1288801
7.40512 1289521
7.40843 1290241
7.41175 1290961
7.41506 1291681
7.41837 1292401
7.42168 1293121
7.42499 1293841
7.42831 1294561
7.43162 1295281
7.43493 1296001
7.43824 1296721
7.44155 1297441
7.44487 1298161
7.44818 1298881
7.45149 1299601
7.4548 1300321
7.45811 1301041
7.46143 1301761
7.46474 1302481
7.46805 1303201
7.47136 1303921
7.47467 1304641
7.47799 1305361
7.4813 1306081
7.48461 1306801
7.48792 1307521
7.49123 1308241
7.49455 1308961
7.49786 1309681
7.50117 1310401
7.50448 1311121
7.50779 1311841
7.51111 1312561
7.51442 1313281
7.51773 1314001
7.52104 1314721
7.52435 1315441
7.52767 1316161
7.53098 1316881
7.53429 1317601
7.5376 1318321
7.54091 1319041
7.54423 1319761
7.54754 1320481
7.55085 1321201
7.55416 1321921
7.55747 1322641
7.56079 1323361
7.5641 1324081
7.56741 1324801
7.57072 1325521
7.57403 1326241
7.57735 1326961
7.58066 1327681
7.58397 1328401
7.58728 1329121
7.59059 1329841
7.59391 1330561
7.59722 1331281
7.60053 1332001
7.60384 1332721
7.60715 1333441
7.61047 1334161
7.61378 1334881
7.61709 1335601
7.6204 1336321
7.62371 1337041
7.62703 1337761
7.63034 1338481
7.63365 1339201
7.63696 1339921
7.64027 1340641
7.64359 1341361
7.6469 1342081
7.65021 1342801
7.65352 1343521
7.65683 1344241
7.66015 1344961
7.66346 1345681
7.66677 1346401
7.67008 1347121
7.67339 1347841
7.67671 1348561
7.68002 1349281
7.68333 1350001
7.68664 1350721
7.68995 1351441
7.69327 1352161
7.69658 1352881
7.69989 1353601
7.7032 1354321
7.70651 1355041
7.70983 1355761
7.71314 1356481
7.71645 1357201
7.71976 1357921
7.72307 1358641
7.72639 1359361
7.7297 1360081
7.73301 1360801
7.73632 1361521
7.73963 1362241
7.74295 1362961
7.74626 1363681
7.74957 1364401
7.75288 1365121
7.75619 1365841
7.75951 1366561
7.76282 1367281
7.76613 1368001
7.76944 1368721
7.77275 1369441
7.77607 1370161
7.77938 1370881
7.78269 1371601
7.786 1372321
7.78931 1373041
7.79263 1373761
7.79594 1374481
7.79925 1375201
7.80256 1375921
7.80587 1376641
7.80919 1377361
7.8125 1378081
7.81581 1378801
7.81912 1379521
7.82243 1380241
7.82575 1380961
7.82906 1381681
7.83237 1382401
7.83568 1383121
7.83899 1383841
7.84231 1384561
7.84562 1385281
7.84893 1386001
7.85224 1386721
7.85555 1387441
7.85887 1388161
7.86218 1388881
7.86549 1389601
7.8688 1390321
7.87211 1391041
7.87543 1391761
7.87874 1392481
7.88205 1393201
7.88536 1393921
7.88867 1394641
7.89199 1395361
7.8953 1396081
7.89861 1396801
7.90192 1397521
7.90523 1398241
7.90855 1398961
7.91186 1399681
7.91517 1400401
7.91848 1401121
7.92179 1401841
7.92511 1402561
7.92842 1403281
7.93173 1404001
7.93504 1404721
7.93835 1405441
7.94167 1406161
7.94498 1406881
7.94829 1407601
7.9516 1408321
7.95491 1409041
7.95823 1409761
7.96154 1410481
7.96485 1411201
7.96816 1411921
7.97147 1412641
7.97479 1413361
7.9781 1414081
8.09899 1440001
8.12836 1440721
8.13168 1441441
8.13499 1442161
8.1383 1442881
8.14161 1443601
8.14492 1444321
8.14824 1445041
8.15155 1445761
8.15486 1446481
8.15817 1447201
8.16148 1447921
8.1648 1448641
8.16811 1449361
8.17142 1450081
8.17473 1450801
8.1797 1451521
8.18301 1452241
8.18632 1452961
8.18964 1453681
8.19295 1454401
8.22229 1455121
8.2256 1455841
8.22891 1456561
8.23222 1457281
8.23553 1458001
8.23885 1458721
8.24216 1459441
8.24547 1460161
8.24878 1460881
8.25209 1461601
8.25541 1462321
8.25872 1463041
8.26203 1463761
8.26534 1464481
8.26865 1465201
8.27362 1465921
8.27693 1466641
8.28025 1467361
8.28356 1468081
8.28687 1468801
8.31621 1469521
8.31952 1470241
8.32283 1470961
8.32614 1471681
8.32946 1472401
8.33277 1473121
8.33608 1473841
8.33939 1474561
8.3427 1475281
8.34602 1476001
8.34933 1476721
8.35264 1477441
8.35595 1478161
8.35926 1478881
8.36258 1479601
8.36589 1480321
8.3692 1481041
8.37251 1481761
8.37582 1482481
8.37914 1483201
8.40847 1483921
8.41179 1484641
8.4151 1485361
8.41841 1486081
8.42172 1486801
8.42503 1487521
8.42835 1488241
8.43166 1488961
8.43497 1489681
8.43828 1490401
8.44159 1491121
8.44491 1491841
8.44822 1492561
8.45153 1493281
8.45484 1494001
8.45815 1494721
8.46147 1495441
8.46478 1496161
8.46809 1496881
8.4714 1497601
8.47471 1498321
8.50074 1499041
8.50405 1499761
8.50736 1500481
8.51068 1501201
8.51399 1501921
8.5173 1502641
8.52061 1503361
8.52392 1504081
8.52724 1504801
8.53055 1505521
8.53386 1506241
8.53717 1506961
8.54048 1507681
8.5438 1508401
8.54711 1509121
8.55042 1509841
8.55373 1510561
8.55704 1511281
8.56036 1512001
8.56367 1512721
8.56698 1513441
8.57029 1514161
8.5736 1514881
8.59466 1515601
8.59798 1516321
8.60129 1517041
8.6046 1517761
8.60791 1518481
8.61122 1519201
8.61454 1519921
8.61785 1520641
8.62116 1521361
8.62447 1522081
8.62778 1522801
8.6311 1523521
8.63441 1524241
8.63772 1524961
8.64103 1525681
8.64434 1526401
8.64766 1527121
8.65097 1527841
8.65428 1528561
8.65759 1529281
8.6609 1530001
8.66422 1530721
8.66753 1531441
8.68693 1532161
8.69024 1532881
8.69355 1533601
8.69687 1534321
8.70018 1535041
8.70349 1535761
8.7068 1536481
8.71011 1537201
8.71343 1537921
8.71674 1538641
8.72005 1539361
8.72336 1540081
8.72667 1540801
8.72999 1541521
8.7333 1542241
8.73661 1542961
8.73992 1543681
8.74323 1544401
8.74655 1545121
8.74986 1545841
8.75317 1546561
8.75648 1547281
8.75979 1548001
8.76311 1548721
8.7792 1549441
8.78251 1550161
8.78582 1550881
8.78913 1551601
8.79244 1552321
8.79576 1553041
8.79907 1553761
8.80238 1554481
8.80569 1555201
8.809 1555921
8.81232 1556641
8.81563 1557361
8.81894 1558081
8.82225 1558801
8.82556 1559521
8.82888 1560241
8.83219 1560961
8.8355 1561681
8.83881 1562401
8.84212 1563121
8.84544 1563841
8.84875 1564561
8.85206 1565281
8.85537 1566001
8.85868 1566721
8.87146 1567441
8.87477 1568161
8.87809 1568881
8.8814 1569601
8.88471 1570321
8.88802 1571041
8.89133 1571761
8.89465 1572481
8.89796 1573201
8.90127 1573921
8.90458 1574641
8.90789 1575361
8.91121 1576081
8.91452 1576801
8.91783 1577521
8.92114 1578241
8.92445 1578961
8.92777 1579681
8.93108 1580401
8.93439 1581121
8.9377 1581841
8.94101 1582561
8.94433 1583281
8.94764 1584001
8.95095 1584721
8.95426 1585441
8.96538 1586161
8.9687 1586881
8.97201 1587601
8.97532 1588321
8.97863 1589041
8.98194 1589761
8.98526 1590481
8.98857 1591201
8.99188 1591921
8.99519 1592641
8.9985 1593361
9.00182 1594081
9.00513 1594801
9.00844 1595521
9.01175 1596241
9.01506 1596961
9.01838 1597681
9.02169 1598401
9.025 1599121
9.02831 1599841
9.03162 1600561
9.03494 1601281
9.03825 1602001
9.04156 1602721
9.04487 1603441
9.04818 1604161
9.0515 1604881
9.05931 1605601
9.06262 1606321
9.06593 1607041
9.06924 1607761
9.07256 1608481
9.07587 1609201
9.07918 1609921
9.08249 1610641
9.0858 1611361
9.08912 1612081
9.09243 1612801
9.09574 1613521
9.09905 1614241
9.10236 1614961
9.10568 1615681
9.10899 1616401
9.1123 1617121
9.11561 1617841
9.11892 1618561
9.12224 1619281
9.12555 1620001
9.12886 1620721
9.13217 1621441
9.13548 1622161
9.1388 1622881
9.14211 1623601
9.14542 1624321
9.14873 1625041
9.15323 1625761
9.15654 1626481
9.15985 1627201
9.16317 1627921
9.16648 1628641
9.16979 1629361
9.1731 1630081
9.17641 1630801
9.17973 1631521
9.18304 1632241
9.18635 1632961
9.18966 1633681
9.19297 1634401
9.19629 1635121
9.1996 1635841
9.20291 1636561
9.20622 1637281
9.20953 1638001
9.21285 1638721
9.21616 1639441
9.21947 1640161
9.22278 1640881
9.22609 1641601
9.22941 1642321
9.23272 1643041
9.23603 1643761
9.23934 1644481
9.24265 1645201
9.24597 1645921
9.24928 1646641
9.25259 1647361
9.2559 1648081
9.25921 1648801
9.26253 1649521
9.26584 1650241
9.26915 1650961
9.27246 1651681
9.27577 1652401
9.27909 1653121
9.2824 1653841
9.28571 1654561
9.28902 1655281
9.29233 1656001
9.29565 1656721
9.29896 1657441
9.30227 1658161
9.30558 1658881
9.30889 1659601
9.31221 1660321
9.31552 1661041
9.31883 1661761
9.32214 1662481
9.32545 1663201
9.32877 1663921
9.33208 1664641
9.33539 1665361
9.3387 1666081
9.34201 1666801
9.34533 1667521
9.34864 1668241
9.35195 1668961
9.35526 1669681
9.35857 1670401
9.36189 1671121
9.3652 1671841
9.36851 1672561
9.37182 1673281
9.37513 1674001
9.37845 1674721
9.38176 1675441
9.38507 1676161
9.38838 1676881
9.39169 1677601
9.39501 1678321
9.39832 1679041
9.40163 1679761
9.40494 1680481
9.40825 1681201
9.41157 1681921
9.41488 1682641
9.41819 1683361
9.4215 1684081
9.42481 1684801
9.42813 1685521
9.43144 1686241
9.43475 1686961
9.43806 1687681
9.44137 1688401
9.44469 1689121
9.448 1689841
9.45131 1690561
9.45462 1691281
9.45793 1692001
9.46125 1692721
9.46456 1693441
9.46787 1694161
9.47118 1694881
9.47449 1695601
9.47781 1696321
9.48112 1697041
9.48443 1697761
9.48774 1698481
9.49105 1699201
9.49437 1699921
9.49768 1700641
9.50099 1701361
9.5043 1702081
9.50761 1702801
9.51093 1703521
9.51424 1704241
9.51755 1704961
9.52086 1705681
9.52417 1706401
9.52749 1707121
9.5308 1707841
9.53411 1708561
9.53742 1709281
9.54073 1710001
9.54405 1710721
9.54736 1711441
9.55067 1712161
9.55398 1712881
9.55729 1713601
9.56061 1714321
9.56392 1715041
9.56723 1715761
9.57054 1716481
9.57385 1717201
9.57717 1717921
9.58048 1718641
9.58379 1719361
9.5871 1720081
9.59041 1720801
9.59373 1721521
9.59704 1722241
9.60035 1722961
9.60366 1723681
9.60697 1724401
9.61029 1725121
9.6136 1725841
9.61691 1726561
9.62022 1727281
9.62353 1728001
9.62685 1728721
9.63016 1729441
9.63347 1730161
9.63678 1730881
9.64009 1731601
9.64341 1732321
9.64672 1733041
9.65003 1733761
9.65334 1734481
9.65665 1735201
9.65997 1735921
9.66328 1736641
9.66659 1737361
9.6699 1738081
9.67321 1738801
9.67653 1739521
9.67984 1740241
9.68315 1740961
9.68646 1741681
9.68977 1742401
9.69309 1743121
9.6964 1743841
9.69971 1744561
9.70302 1745281
9.70633 1746001
9.70965 1746721
9.71296 1747441
9.71627 1748161
9.71958 1748881
9.72289 1749601
9.72621 1750321
9.72952 1751041
9.73283 1751761
9.73614 1752481
9.73945 1753201
9.74277 1753921
9.74608 1754641
9.74939 1755361
9.7527 1756081
9.75601 1756801
9.75933 1757521
9.76264 1758241
9.76595 1758961
9.76926 1759681
9.77257 1760401
9.77589 1761121
9.7792 1761841
9.78251 1762561
9.78582 1763281
9.78913 1764001
9.79245 1764721
9.79576 1765441
9.79907 1766161
9.80238 1766881
9.80569 1767601
9.80901 1768321
9.81232 1769041
9.81563 1769761
9.81894 1770481
9.82225 1771201
9.82557 1771921
9.82888 1772641
9.83219 1773361
9.8355 1774081
9.83881 1774801
9.84213 1775521
9.84544 1776241
9.84875 1776961
9.85206 1777681
9.85537 1778401
9.85869 1779121
9.862 1779841
9.86531 1780561
9.86862 1781281
9.87193 1782001
9.87525 1782721
9.87856 1783441
9.88187 1784161
9.88518 1784881
9.88849 1785601
9.89181 1786321
9.89512 1787041
9.89843 1787761
9.90174 1788481
9.90505 1789201
9.90837 1789921
9.91168 1790641
9.91499 1791361
9.9183 1792081
9.92161 1792801
9.92493 1793521
9.92824 1794241
9.93155 1794961
9.93486 1795681
9.93817 1796401
9.94149 1797121
9.9448 1797841
9.94811 1798561
9.95142 1799281
9.95473 1800001
9.95805 1800721
9.96136 1801441
9.96467 1802161
9.96798 1802881
9.97129 1803601
9.97461 1804321
9.97792 1805041
9.98123 1805761
9.98454 1806481
9.98785 1807201
9.99117 1807921
9.99448 1808641
9.99779 1809361
10.0011 1810081
10.0044 1810801
10.0077 1811521
10.011 1812241
10.0143 1812961
10.0177 1813681
10.021 1814401
10.0243 1815121
10.0276 1815841
10.0309 1816561
10.0342 1817281
10.0375 1818001
10.0408 1818721
10.0442 1819441
10.0475 1820161
10.0508 1820881
10.0541 1821601
10.0574 1822321
10.0607 1823041
10.064 1823761
10.0673 1824481
10.0707 1825201
10.074 1825921
10.0773 1826641
10.0806 1827361
10.0839 1828081
10.0872 1828801
10.0905 1829521
10.0938 1830241
10.0971 1830961
10.1005 1831681
10.1038 1832401
10.1071 1833121
10.1104 1833841
10.1137 1834561
10.117 1835281
10.1203 1836001
10.1236 1836721
10.127 1837441
10.1303 1838161
10.1336 1838881
10.1369 1839601
10.1402 1840321
10.1435 1841041
10.1468 1841761
10.1501 1842481
10.1535 1843201
10.1568 1843921
10.1601 1844641
10.1634 1845361
10.1667 1846081
10.17 1846801
10.1733 1847521
10.1766 1848241
10.1799 1848961
10.1833 1849681
10.1866 1850401
10.1899 1851121
10.1932 1851841
10.1965 1852561
10.1998 1853281
10.2031 1854001
10.2064 1854721
10.2098 1855441
10.2131 1856161
10.2164 1856881
10.2197 1857601
10.223 1858321
10.2263 1859041
10.2296 1859761
10.2329 1860481
10.2363 1861201
10.2396 1861921
10.2429 1862641
10.2462 1863361
10.2495 1864081
10.2528 1864801
10.2561 1865521
10.2594 1866241
10.2627 1866961
10.2661 1867681
10.2694 1868401
10.2727 1869121
10.276 1869841
10.2793 1870561
10.2826 1871281
10.2859 1872001
10.2892 1872721
10.2926 1873441
10.2959 1874161
10.2992 1874881
10.3025 1875601
10.3058 1876321
10.3091 1877041
10.3124 1877761
10.3157 1878481
10.3191 1879201
10.3224 1879921
10.3257 1880641
10.329 1881361
10.3323 1882081
10.3356 1882801
10.3389 1883521
10.3422 1884241
10.3455 1884961
10.3489 1885681
10.3522 1886401
10.3555 1887121
10.3588 1887841
10.3621 1888561
10.3654 1889281
10.3687 1890001
10.372 1890721
10.3754 1891441
10.3787 1892161
10.382 1892881
10.3853 1893601
10.3886 1894321
10.3919 1895041
10.3952 1895761
10.3985 1896481
10.4019 1897201
10.4052 1897921
10.4085 1898641
10.4118 1899361
10.4151 1900081
10.4184 1900801
10.4217 1901521
10.425 1902241
10.4283 1902961
10.4317 1903681
10.435 1904401
10.4383 1905121
10.4416 1905841
10.4449 1906561
10.4482 1907281
10.4515 1908001
10.4548 1908721
10.4582 1909441
10.4615 1910161
10.4648 1910881
10.4681 1911601
10.4714 1912321
10.4747 1913041
10.478 1913761
10.4813 1914481
10.4847 1915201
10.488 1915921
10.4913 1916641
10.4946 1917361
10.4979 1918081
10.5012 1918801
10.5045 1919521
10.5078 1920241
10.5111 1920961
10.5145 1921681
10.5178 1922401
10.5211 1923121
10.5244 1923841
10.5277 1924561
10.531 1925281
10.5343 1926001
10.5376 1926721
10.541 1927441
10.5443 1928161
10.5476 1928881
10.5509 1929601
10.5542 1930321
10.5575 1931041
10.5608 1931761
10.5641 1932481
10.5675 1933201
10.5708 1933921
10.5741 1934641
10.5774 1935361
10.5807 1936081
10.584 1936801
10.5873 1937521
10.5906 1938241
10.5939 1938961
10.5973 1939681
10.6006 1940401
10.6039 1941121
10.6072 1941841
10.6105 1942561
10.6138 1943281
10.6171 1944001
10.6204 1944721
10.6238 1945441
10.6271 1946161
10.6304 1946881
10.6337 1947601
10.637 1948321
10.6403 1949041
10.6436 1949761
10.6469 1950481
10.6503 1951201
10.6536 1951921
10.6569 1952641
10.6602 1953361
10.6635 1954081
10.6668 1954801
10.6701 1955521
10.6734 1956241
10.6767 1956961
10.6801 1957681
10.6834 1958401
10.6867 1959121
10.69 1959841
10.6933 1960561
10.6966 1961281
10.6999 1962001
10.7032 1962721
10.7066 1963441
10.7099 1964161
10.7132 1964881
10.7165 1965601
10.7198 1966321
10.7231 1967041
10.7264 1967761
10.7297 1968481
10.7331 1969201
10.7364 1969921
10.7397 1970641
10.743 1971361
10.7463 1972081
10.7496 1972801
10.7529 1973521
10.7562 1974241
10.7595 1974961
10.7629 1975681
10.7662 1976401
10.7695 1977121
10.7728 1977841
10.7761 1978561
10.7794 1979281
10.7827 1980001
10.786 1980721
10.7894 1981441
10.7927 1982161
10.796 1982881
10.7993 1983601
10.8026 1984321
10.8059 1985041
10.8092 1985761
10.8125 1986481
10.8159 1987201
10.8192 1987921
10.8225 1988641
10.8258 1989361
10.8291 1990081
10.8324 1990801
10.8357 1991521
10.839 1992241
10.8423 1992961
10.8457 1993681
10.849 1994401
10.8523 1995121
10.8556 1995841
10.8589 1996561
10.8622 1997281
10.8655 1998001
10.8688 1998721
10.8722 1999441
10.8755 2000161
10.8788 2000881
10.8821 2001601
10.8854 2002321
10.8887 2003041
10.892 2003761
10.8953 2004481
10.8987 2005201
10.902 2005921
10.9053 2006641
10.9086 2007361
10.9119 2008081
10.9152 2008801
10.9185 2009521
10.9218 2010241
10.9251 2010961
10.9285 2011681
10.9318 2012401
10.9351 2013121
10.9384 2013841
10.9417 2014561
10.945 2015281
10.9483 2016001
10.9516 2016721
10.955 2017441
10.9583 2018161
10.9616 2018881
10.9649 2019601
10.9682 2020321
10.9715 2021041
10.9748 2021761
10.9781 2022481
10.9815 2023201
10.9848 2023921
10.9881 2024641
10.9914 2025361
10.9947 2026081
10.998 2026801
11.0013 2027521
11.0046 2028241
11.0079 2028961
11.0113 2029681
11.0146 2030401
11.0179 2031121
11.0212 2031841
11.0245 2032561
11.0278 2033281
11.0311 2034001
11.0344 2034721
11.0378 2035441
11.0411 2036161
11.0444 2036881
11.0477 2037601
11.051 2038321
11.0543 2039041
11.0576 2039761
11.0609 2040481
11.0643 2041201
11.0676 2041921
11.0709 2042641
11.0742 2043361
11.0775 2044081
11.0808 2044801
11.0841 2045521
11.0874 2046241
11.0907 2046961
11.0941 2047681
11.0974 2048401
11.1007 2049121
11.104 2049841
11.1073 2050561
11.1106 2051281
11.1139 2052001
11.1172 2052721
11.1206 2053441
11.1239 2054161
11.1272 2054881
11.1305 2055601
11.1338 2056321
11.1371 2057041
11.1404 2057761
11.1437 2058481
11.1471 2059201
11.1504 2059921
11.1537 2060641
11.157 2061361
11.1603 2062081
11.1636 2062801
11.1669 2063521
11.1702 2064241
11.1735 2064961
11.1769 2065681
11.1802 2066401
11.1835 2067121
11.1868 2067841
11.1901 2068561
11.1934 2069281
11.1967 2070001
11.2 2070721
11.2034 2071441
11.2067 2072161
11.21 2072881
11.2133 2073601
11.2166 2074321
11.2199 2075041
11.2232 2075761
11.2265 2076481
11.2299 2077201
11.2332 2077921
11.2365 2078641
11.2398 2079361
11.2431 2080081
11.2464 2080801
11.2497 2081521
11.253 2082241
11.2563 2082961
11.2597 2083681
11.263 2084401
11.2663 2085121
11.2696 2085841
11.2729 2086561
11.2762 2087281
11.2795 2088001
11.2828 2088721
11.2862 2089441
11.2895 2090161
11.2928 2090881
11.2961 2091601
11.2994 2092321
11.3027 2093041
11.306 2093761
11.3093 2094481
11.3127 2095201
11.316 2095921
11.3193 2096641
11.3226 2097361
11.3259 2098081
11.3292 2098801
11.3325 2099521
11.3358 2100241
11.3391 2100961
11.3425 2101681
11.3458 2102401
11.3491 2103121
11.3524 2103841
11.3557 2104561
11.359 2105281
11.3623 2106001
11.3656 2106721
11.369 2107441
11.3723 2108161
11.3756 2108881
11.3789 2109601
11.3822 2110321
11.3855 2111041
11.3888 2111761
11.3921 2112481
11.3955 2113201
11.3988 2113921
11.4021 2114641
11.4054 2115361
11.4087 2116081
11.412 2116801
11.4153 2117521
11.4186 2118241
11.4219 2118961
11.4253 2119681
11.4286 2120401
11.4319 2121121
11.4352 2121841
11.4385 2122561
11.4418 2123281
11.4451 2124001
11.4484 2124721
11.4518 2125441
11.4551 2126161
11.4584 2126881
11.4617 2127601
11.465 2128321
11.4683 2129041
11.4716 2129761
11.4749 2130481
11.4783 2131201
11.4816 2131921
11.4849 2132641
11.4882 2133361
11.4915 2134081
11.4948 2134801
11.4981 2135521
11.5014 2136241
11.5047 2136961
11.5081 2137681
11.5114 2138401
11.5147 2139121
11.518 2139841
11.5213 2140561
11.5246 2141281
11.5279 2142001
11.5312 2142721
11.5346 2143441
11.5379 2144161
11.5412 2144881
11.5445 2145601
11.5478 2146321
11.5511 2147041
11.5544 2147761
11.5577 2148481
11.5611 2149201
11.5644 2149921
11.5677 2150641
11.571 2151361
11.5743 2152081
11.5776 2152801
11.5809 2153521
11.5842 2154241
11.5875 2154961
11.5909 2155681
11.5942 2156401
11.5975 2157121
11.6008 2157841
11.6041 2158561
11.6074 2159281
11.6107 2160001
11.614 2160721
11.6174 2161441
11.6207 2162161
11.624 2162881
11.6273 2163601
11.6306 2164321
11.6339 2165041
11.6372 2165761
11.6405 2166481
11.6439 2167201
11.6472 2167921
11.6505 2168641
11.6538 2169361
11.6571 2170081
11.6604 2170801
11.6637 2171521
11.667 2172241
11.6703 2172961
11.6737 2173681
11.677 2174401
11.7979 2200321
11.8272 2201041
11.8305 2201761
11.8339 2202481
11.8372 2203201
11.8405 2203921
11.8438 2204641
11.8471 2205361
11.8504 2206081
11.8537 2206801
11.857 2207521
11.8604 2208241
11.8637 2208961
11.867 2209681
11.8703 2210401
11.8736 2211121
11.8769 2211841
11.8802 2212561
11.8835 2213281
11.8869 2214001
11.8902 2214721
11.9212 2215441
11.9245 2216161
11.9278 2216881
11.9311 2217601
11.9344 2218321
11.9377 2219041
11.941 2219761
11.9443 2220481
11.9477 2221201
11.951 2221921
11.9543 2222641
11.9576 2223361
11.9609 2224081
11.9642 2224801
11.9675 2225521
11.9708 2226241
11.9742 2226961
11.9775 2227681
11.9808 2228401
11.9841 2229121
12.0151 2229841
12.0184 2230561
12.0217 2231281
12.025 2232001
12.0283 2232721
12.0316 2233441
12.035 2234161
12.0383 2234881
12.0416 2235601
12.0449 2236321
12.0482 2237041
12.0515 2237761
12.0548 2238481
12.0581 2239201
12.0614 2239921
12.0648 2240641
12.0681 2241361
12.0714 2242081
12.0747 2242801
12.078 2243521
12.1073 2244241
12.1107 2244961
12.114 2245681
12.1173 2246401
12.1206 2247121
12.1239 2247841
12.1272 2248561
12.1305 2249281
12.1338 2250001
12.1372 2250721
12.1405 2251441
12.1438 2252161
12.1471 2252881
12.1504 2253601
12.1537 2254321
12.157 2255041
12.1603 2255761
12.1637 2256481
12.167 2257201
12.1703 2257921
12.1736 2258641
12.1996 2259361
12.2029 2260081
12.2062 2260801
12.2096 2261521
12.2129 2262241
12.2162 2262961
12.2195 2263681
12.2228 2264401
12.2261 2265121
12.2294 2265841
12.2327 2266561
12.236 2267281
12.2394 2268001
12.2427 2268721
12.246 2269441
12.2493 2270161
12.2526 2270881
12.2559 2271601
12.2592 2272321
12.2625 2273041
12.2659 2273761
12.2692 2274481
12.2725 2275201
12.2935 2275921
12.2968 2276641
12.3002 2277361
12.3035 2278081
12.3068 2278801
12.3101 2279521
12.3134 2280241
12.3167 2280961
12.32 2281681
12.3233 2282401
12.3267 2283121
12.33 2283841
12.3333 2284561
12.3366 2285281
12.3399 2286001
12.3432 2286721
12.3465 2287441
12.3498 2288161
12.3532 2288881
12.3565 2289601
12.3598 2290321
12.3631 2291041
12.3664 2291761
12.3858 2292481
12.4847 2310841
12.5029 2311561
12.5063 2312281
12.5096 2313001
12.5129 2313721
12.5162 2314441
12.5195 2315161
12.5228 2315881
12.5261 2316601
12.5294 2317321
12.5328 2318041
12.5361 2318761
12.5394 2319481
12.5427 2320201
12.546 2320921
12.5493 2321641
12.5526 2322361
12.5559 2323081
12.572 2323801
12.5754 2324521
12.5952 2325241
12.5985 2325961
12.6018 2326681
12.6052 2327401
12.6085 2328121
12.6118 2328841
12.6151 2329561
12.6184 2330281
12.6217 2331001
12.625 2331721
12.6283 2332441
12.6316 2333161
12.635 2333881
12.6383 2334601
12.6416 2335321
12.6449 2336041
12.6482 2336761
12.6515 2337481
12.666 2338201
12.6693 2338921
12.6891 2339641
12.6924 2340361
12.6958 2341081
12.6991 2341801
12.7024 2342521
12.7057 2343241
12.709 2343961
12.7123 2344681
12.7156 2345401
12.7189 2346121
12.7223 2346841
12.7256 2347561
12.7289 2348281
12.7322 2349001
12.7355 2349721
12.7388 2350441
12.7421 2351161
12.7454 2351881
12.7488 2352601
12.7599 2353321
12.7632 2354041
12.7831 2354761
12.7864 2355481
12.7897 2356201
12.793 2356921
12.7963 2357641
12.7996 2358361
12.8029 2359081
12.8062 2359801
12.8079 2360162
