0.0 0
0.180557 0.18
0.362846 0.18025
0.546749 0.180719
0.730651 0.181129
0.912898 0.204238
0.91621 0.201958
1.0968 0.199713
1.10011 0.198249
1.10342 0.196843
1.2807 0.195238
1.28401 0.194333
1.28733 0.193416
1.29064 0.192614
1.46295 0.213412
1.46626 0.209986
1.46957 0.206863
1.47288 0.204505
1.4762 0.202567
1.47951 0.200871
1.6452 0.220137
1.64851 0.21587
1.65182 0.212011
1.65513 0.209135
1.65844 0.206618
1.66176 0.204416
1.66507 0.202989
1.66838 0.201615
1.67169 0.200413
1.82744 0.218862
1.83075 0.214629
1.83407 0.21105
1.83738 0.208294
1.84069 0.205882
1.844 0.203772
1.84731 0.2023
1.85063 0.201013
1.85394 0.199886
1.85725 0.199401
1.86056 0.19885
1.86387 0.198369
1.86719 0.198448
1.8705 0.198517
2.01134 0.196702
2.01466 0.19549
2.01797 0.194428
2.02128 0.1935
2.02459 0.193062
2.0279 0.19268
2.03122 0.19247
2.03453 0.192661
2.03784 0.192703
2.04115 0.192865
2.04446 0.193382
2.04778 0.193834
2.05109 0.194355
2.0544 0.195186
2.05771 0.195788
2.06102 0.196439
2.06434 0.197384
2.06765 0.198211
2.07096 0.19881
2.07427 0.199834
2.07758 0.200729
2.19525 0.198638
2.19856 0.197183
2.20187 0.19591
2.20518 0.194922
2.20849 0.194431
2.21181 0.193878
2.21512 0.193518
2.21843 0.193578
2.22174 0.193631
2.22505 0.193677
2.22837 0.194092
2.23168 0.194456
2.23499 0.194774
2.2383 0.195552
2.24161 0.196108
2.24493 0.196595
2.24824 0.19752
2.25155 0.19833
2.25486 0.198914
2.25817 0.199925
2.26149 0.200809
2.2648 0.201583
2.26811 0.20276
2.27142 0.203665
2.27473 0.204457
2.27805 0.20565
2.28136 0.206694
2.28467 0.207607
2.28798 0.208781
2.29129 0.209808
2.29461 0.210707
2.37749 0.221869
2.3808 0.21726
2.38412 0.213353
2.38743 0.210309
2.39074 0.207645
2.39405 0.205314
2.39736 0.20365
2.40068 0.202194
2.40399 0.20092
2.4073 0.200305
2.41061 0.199642
2.41392 0.199061
2.41724 0.199054
2.42055 0.199047
2.42386 0.198916
2.42717 0.199302
2.43048 0.199639
2.4338 0.199934
2.43711 0.200692
2.44042 0.201356
2.44373 0.201811
2.44704 0.20271
2.45036 0.203496
2.45367 0.204184
2.45698 0.205161
2.46029 0.206016
2.4636 0.206764
2.46692 0.207793
2.47023 0.208819
2.47354 0.209592
2.47685 0.210643
2.48016 0.211688
2.48348 0.212602
2.48679 0.213776
2.4901 0.214804
2.49341 0.215704
2.49672 0.216866
2.50004 0.218008
2.50335 0.218882
2.50666 0.220021
2.50997 0.221019
2.51328 0.222016
2.5166 0.223264
2.51991 0.224356
2.52322 0.225312
2.52653 0.226523
2.52984 0.227582
2.5614 0.222135
2.56471 0.217743
2.56802 0.214025
2.57133 0.210647
2.57464 0.208066
2.57796 0.205808
2.58127 0.203957
2.58458 0.202712
2.58789 0.201498
2.5912 0.200561
2.59452 0.200116
2.59783 0.199726
2.60114 0.199511
2.60445 0.199697
2.60776 0.199735
2.61108 0.199893
2.61439 0.200406
2.6177 0.200855
2.62101 0.201248
2.62432 0.201967
2.62764 0.202596
2.63095 0.203147
2.63426 0.204129
2.63757 0.204862
2.64088 0.205505
2.6442 0.206567
2.64751 0.207496
2.65082 0.208184
2.65413 0.209286
2.65744 0.21025
2.66076 0.211094
2.66407 0.212332
2.66738 0.213291
2.67069 0.214129
2.674 0.215363
2.67732 0.216443
2.68063 0.217387
2.68394 0.218589
2.68725 0.21964
2.69056 0.22056
2.69388 0.22174
2.69719 0.222898
2.7005 0.223786
2.70381 0.224937
2.70712 0.22607
2.71044 0.227061
2.71375 0.228304
2.71706 0.229391
2.72037 0.230342
2.72368 0.231549
2.727 0.232606
2.73031 0.23353
2.73362 0.234714
2.73693 0.235749
2.74024 0.236781
2.74356 0.238058
2.74687 0.239051
2.75018 0.240045
2.75349 0.241289
2.7568 0.242378
2.76012 0.243456
2.76343 0.244774
2.76674 0.245802
2.77005 0.246827
2.77336 0.248098
2.77668 0.249211
2.77999 0.25006
2.7833 0.251302
2.78661 0.252389
2.78992 0.253341
2.79324 0.254673
2.79655 0.252214
2.79986 0.250062
2.80317 0.248679
2.80648 0.247345
2.8098 0.246176
2.81311 0.245654
2.81642 0.245198
2.81973 0.244798
2.82304 0.244948
2.82635 0.244955
2.82967 0.24496
2.83298 0.24534
2.83629 0.245798
2.8396 0.246073
2.84291 0.246689
2.84623 0.247353
2.84954 0.247934
2.85285 0.248817
2.85616 0.24959
2.85947 0.250266
2.86279 0.251233
2.8661 0.252204
2.86941 0.252928
2.87272 0.253937
2.87603 0.254945
2.87935 0.255827
2.88266 0.256974
2.88597 0.257852
2.88928 0.258745
2.89259 0.259902
2.89591 0.260914
2.89922 0.261925
2.90253 0.263184
2.90584 0.264161
2.90915 0.265141
2.91247 0.266374
2.91578 0.267452
2.91909 0.268395
2.9224 0.269596
2.92571 0.270646
2.92903 0.271691
2.93234 0.272979
2.93565 0.273982
2.93896 0.274859
2.94227 0.276127
2.94559 0.277236
2.9489 0.278081
2.95221 0.279321
2.95552 0.280406
2.95883 0.281355
2.96215 0.282686
2.96546 0.283725
2.96877 0.284635
2.97208 0.28593
2.97539 0.287064
2.97871 0.288056
2.98202 0.289424
2.98533 0.290496
2.98864 0.291434
2.99195 0.29263
2.99527 0.293801
2.99858 0.294701
3.00189 0.295863
3.0052 0.297005
3.00851 0.298005
3.01183 0.299254
3.01514 0.300347
3.01845 0.301304
3.02176 0.302516
3.02507 0.303701
3.02839 0.304614
3.0317 0.305787
3.03501 0.306939
3.03832 0.307946
3.04163 0.309203
3.04495 0.310303
3.04826 0.311265
3.05157 0.312482
3.05488 0.313547
3.05819 0.314603
3.06151 0.315903
3.06482 0.316915
3.06813 0.317926
3.07144 0.319185
3.07475 0.320287
3.07807 0.321251
3.08138 0.32247
3.08469 0.323536
3.088 0.324594
3.09131 0.325895
3.09463 0.326908
3.09794 0.327794
3.10125 0.32907
3.10456 0.330186
3.10787 0.331038
3.11119 0.332283
3.1145 0.333373
3.11781 0.334326
3.12112 0.33566
3.12443 0.336828
3.12775 0.337724
3.13106 0.339009
3.13437 0.340133
3.13768 0.341116
3.14099 0.342352
3.14431 0.343433
3.14762 0.344379
3.15093 0.345581
3.15424 0.346759
3.15755 0.347664
3.16087 0.348831
3.16418 0.349977
3.16749 0.35098
3.1708 0.352232
3.17411 0.353328
3.17743 0.354287
3.18074 0.355501
3.18405 0.356689
3.18736 0.357603
3.19067 0.358777
3.19399 0.359805
3.1973 0.360829
3.20061 0.362101
3.20392 0.363213
3.20723 0.364187
3.21055 0.365413
3.21386 0.366487
3.21717 0.367551
3.22048 0.368857
3.22379 0.369875
3.22711 0.37089
3.23042 0.372154
3.23373 0.37326
3.23704 0.374227
3.24035 0.375449
3.24367 0.376518
3.24698 0.377453
3.25029 0.378771
3.2536 0.3798
3.25691 0.3807
4.15943 0.375113
4.16275 0.370348
4.16606 0.366555
4.16937 0.363361
4.17268 0.360565
4.17599 0.35812
4.17931 0.35623
4.18262 0.354951
4.18593 0.354207
4.18924 0.354056
4.19255 0.354299
4.19587 0.354887
4.19918 0.355901
4.20249 0.357163
4.2058 0.358643
4.20911 0.360188
4.21243 0.361539
4.21574 0.362722
4.22071 0.360382
4.22402 0.358834
4.22733 0.357855
4.23064 0.357373
4.23395 0.357326
4.23727 0.357785
4.24058 0.358562
4.24389 0.359617
4.2472 0.36104
4.25051 0.36266
4.25383 0.364452
4.25714 0.366521
4.26045 0.368706
4.26376 0.365868
4.26707 0.363884
4.27039 0.362524
4.2737 0.361708
4.27701 0.361495
4.28032 0.361683
4.28363 0.362222
4.28695 0.36307
4.29026 0.364311
4.29357 0.365772
4.29688 0.367426
4.30019 0.369372
4.30351 0.366701
4.30682 0.364738
4.31013 0.363521
4.31344 0.362831
4.31675 0.362602
4.32007 0.362902
4.32338 0.363539
4.32669 0.364472
4.33 0.365788
4.33331 0.367314
4.33663 0.369025
4.34159 0.366522
4.34491 0.364707
4.34822 0.363618
4.35153 0.363041
4.35484 0.362911
4.35815 0.363297
4.36147 0.36401
4.36478 0.365009
4.36809 0.366383
4.3714 0.36796
4.37471 0.369715
4.37803 0.367375
4.38134 0.365703
4.38465 0.364616
4.38796 0.364039
4.39127 0.364034
4.39459 0.364405
4.3979 0.365104
4.40121 0.366216
4.40452 0.367564
4.40783 0.369118
4.41115 0.370979
4.41446 0.368731
4.41777 0.36714
4.42108 0.366247
4.42439 0.365842
4.42771 0.365861
4.43102 0.366379
4.43433 0.367206
4.43764 0.368306
4.44095 0.369642
4.44427 0.371312
4.44758 0.369148
4.45089 0.36763
4.4542 0.366801
4.45751 0.366451
4.46083 0.366519
4.46414 0.367079
4.46745 0.367945
4.47076 0.369076
4.47407 0.370567
4.47739 0.368496
4.4807 0.367059
4.48401 0.366302
4.48732 0.366014
4.49063 0.366137
4.49395 0.36662
4.49726 0.367543
4.50057 0.368725
4.50388 0.370134
4.50719 0.371867
4.51051 0.369259
4.51382 0.366477
4.51713 0.364167
4.52044 0.362146
4.52375 0.359878
4.52707 0.358018
4.53038 0.356391
4.53369 0.354842
4.537 0.353612
4.54031 0.352535
4.54363 0.351468
4.54694 0.350535
4.55025 0.349843
4.55356 0.349113
4.55687 0.348474
4.56019 0.348039
4.5635 0.347409
4.56681 0.346733
4.57012 0.346267
4.57343 0.345858
4.57675 0.345501
4.58006 0.345188
4.58337 0.344915
4.58668 0.344675
4.58999 0.344341
4.59331 0.344173
4.59662 0.344027
4.59993 0.343773
4.60324 0.343677
4.60655 0.343592
4.60987 0.343393
4.61318 0.343344
4.61649 0.343301
4.6198 0.343138
4.62311 0.343121
4.62643 0.343106
4.62974 0.343093
4.63305 0.343081
4.63636 0.343071
4.63967 0.343062
4.64299 0.342554
4.6463 0.342235
4.64961 0.341831
4.65292 0.341477
4.65623 0.341292
4.65955 0.341006
4.66286 0.340755
4.66617 0.340661
4.66948 0.340453
4.67279 0.340271
4.67611 0.340237
4.67942 0.339958
4.68273 0.339713
4.68604 0.339499
4.68935 0.339312
4.69267 0.339148
4.69598 0.338879
4.69929 0.338769
4.7026 0.338673
4.70591 0.338464
4.70923 0.338406
4.71254 0.338355
4.71585 0.338186
4.71916 0.338163
4.72247 0.338142
4.72579 0.338124
4.7291 0.338109
4.73241 0.338095
4.73572 0.338083
4.73903 0.338073
4.74235 0.338064
4.74566 0.338056
4.74897 0.337549
4.75228 0.33723
4.75559 0.336826
4.75891 0.336473
4.76222 0.336289
4.76553 0.336003
4.76884 0.335753
4.77215 0.335658
4.77547 0.335576
4.77878 0.335379
4.78209 0.335332
4.7854 0.33529
4.78871 0.335129
4.79203 0.335113
4.79534 0.335099
4.79865 0.334961
4.80196 0.334841
4.80527 0.334861
4.80859 0.334753
4.8119 0.334659
4.81521 0.334702
4.81852 0.334614
4.82183 0.334537
4.82515 0.334595
4.82846 0.334646
4.83177 0.334565
4.83508 0.334619
4.83839 0.334667
4.84171 0.334584
4.84502 0.334636
4.84833 0.334681
4.85164 0.334596
4.85495 0.334522
4.85827 0.334581
4.86158 0.334509
4.86489 0.334445
4.8682 0.334514
4.87151 0.33445
4.87483 0.334394
4.87814 0.33447
4.88145 0.334536
4.88476 0.334469
4.88807 0.334535
4.89139 0.334593
4.8947 0.334519
4.89801 0.334579
4.90132 0.334632
4.90463 0.334553
4.90795 0.334484
4.91126 0.334548
4.91457 0.33448
4.91788 0.33442
4.92119 0.334492
4.92451 0.334556
4.92782 0.334486
4.93113 0.334551
4.93444 0.334607
4.93775 0.334531
4.94107 0.33459
4.94438 0.334641
4.94769 0.334561
4.951 0.334616
4.95431 0.334664
4.95763 0.334581
4.96094 0.334508
4.96425 0.33457
4.96756 0.334498
4.97087 0.334436
4.97419 0.334507
4.9775 0.334568
4.98081 0.334497
4.98412 0.33456
4.98743 0.334615
4.99075 0.334538
4.99406 0.334596
4.99737 0.334646
5.00068 0.334566
5.00399 0.334495
5.00731 0.334558
5.01062 0.334488
5.01393 0.334427
5.01724 0.334499
5.02055 0.334436
5.02387 0.334382
5.02718 0.334459
5.03049 0.334527
5.0338 0.334461
5.03711 0.334528
5.04043 0.334587
5.04374 0.334514
5.04705 0.334575
5.05036 0.334628
5.05367 0.334549
5.05699 0.334481
5.0603 0.334546
5.06361 0.334477
5.06692 0.334418
5.07023 0.33449
5.07355 0.334429
5.07686 0.334376
5.08017 0.334454
5.08348 0.334522
5.08679 0.334457
5.09011 0.334525
5.09342 0.334584
5.09673 0.334511
5.10004 0.334572
5.10335 0.334626
5.10667 0.334547
5.10998 0.334479
5.11329 0.334544
5.1166 0.334476
5.11991 0.334417
5.12323 0.33449
5.12654 0.334428
5.12985 0.334375
5.13316 0.334453
5.13647 0.334521
5.13979 0.334456
5.1431 0.334524
5.14641 0.334584
5.14972 0.334511
5.15303 0.334572
5.15635 0.334625
5.15966 0.334547
5.16297 0.334479
5.16628 0.334544
5.16959 0.334476
5.17291 0.334416
5.17622 0.334489
5.17953 0.334428
5.18284 0.334375
5.18615 0.334453
5.18947 0.334521
5.19278 0.334456
5.19609 0.334524
5.1994 0.334584
5.20271 0.334511
5.20603 0.334572
5.20934 0.334625
5.21265 0.334547
5.21596 0.334479
5.21927 0.334544
5.22259 0.334476
5.2259 0.334416
5.22921 0.334489
5.23252 0.334428
5.23583 0.334375
5.23915 0.334453
5.24246 0.334521
5.24577 0.334456
5.24908 0.334524
5.25239 0.334584
5.25571 0.334511
5.25902 0.334572
5.26233 0.334625
5.26564 0.334547
5.26895 0.334479
5.27227 0.334544
5.27558 0.334476
5.27889 0.334416
5.2822 0.334489
5.28551 0.334428
5.28883 0.334375
5.29214 0.334453
5.29545 0.334521
5.29876 0.334456
5.30207 0.334524
5.30539 0.334584
5.3087 0.334511
5.31201 0.334572
5.31532 0.334625
5.31863 0.334547
5.32195 0.334479
5.32526 0.334544
5.32857 0.334476
5.33188 0.334416
5.33519 0.334489
5.33851 0.334553
5.34182 0.334484
5.34513 0.334549
5.34844 0.334605
5.35175 0.334529
5.35507 0.334588
5.35838 0.33464
5.36169 0.33456
5.365 0.334615
5.36831 0.334663
5.37163 0.33458
5.37494 0.334508
5.37825 0.334569
5.38156 0.334498
5.38487 0.334436
5.38819 0.334506
5.3915 0.334568
5.39481 0.334497
5.39812 0.33456
5.40143 0.334615
5.40475 0.334538
5.40806 0.334596
5.41137 0.334646
5.41468 0.334565
5.41799 0.334495
5.42131 0.334558
5.42462 0.334488
5.42793 0.334427
5.43124 0.334499
5.43455 0.334436
5.43787 0.334382
5.44118 0.334459
5.44449 0.334527
5.4478 0.334461
5.45111 0.334528
5.45443 0.334587
5.45774 0.334514
5.46105 0.334575
5.46436 0.334628
5.46767 0.334549
5.47099 0.334481
5.4743 0.334546
5.47761 0.334477
5.48092 0.334418
5.48423 0.33449
5.48755 0.334429
5.49086 0.334376
5.49417 0.334454
5.49748 0.334522
5.50079 0.334457
5.50411 0.334525
5.50742 0.334584
5.51073 0.334511
5.51404 0.334572
5.51735 0.334626
5.52067 0.334547
5.52398 0.334479
5.52729 0.334544
5.5306 0.334476
5.53391 0.334417
5.53723 0.33449
5.54054 0.334428
5.54385 0.334375
5.54716 0.334453
5.55047 0.334521
5.55379 0.334456
5.5571 0.334524
5.56041 0.334584
5.56372 0.334511
5.56703 0.334572
5.57035 0.334625
5.57366 0.334547
5.57697 0.334479
5.58028 0.334544
5.58359 0.334476
5.58691 0.334416
5.59022 0.334489
5.59353 0.334428
5.59684 0.334375
5.60015 0.334453
5.60347 0.334521
5.60678 0.334456
5.61009 0.334524
5.6134 0.334584
5.61671 0.334511
5.62003 0.334572
5.62334 0.334625
5.62665 0.334547
5.62996 0.334479
5.63327 0.334544
5.63659 0.334476
5.6399 0.334416
5.64321 0.334489
5.64652 0.334428
5.64983 0.334375
5.65315 0.334453
5.65646 0.334521
5.65977 0.334456
5.66308 0.334524
5.66639 0.334584
5.66971 0.334511
5.67302 0.334572
5.67633 0.334625
5.67964 0.334547
5.68295 0.334479
5.68627 0.334544
5.68958 0.334476
5.69289 0.334416
5.6962 0.334489
5.69951 0.334428
5.70283 0.334375
5.70614 0.334453
5.70945 0.334521
5.71276 0.334456
5.71607 0.334524
5.71939 0.334584
5.7227 0.334511
5.72601 0.334572
5.72932 0.334625
5.73263 0.334547
5.73595 0.334479
5.73926 0.334544
5.74257 0.334476
5.74588 0.334416
5.74919 0.334489
5.75251 0.334553
5.75582 0.334484
5.75913 0.334549
5.76244 0.334605
5.76575 0.334529
5.76907 0.334588
5.77238 0.33464
5.77569 0.33456
5.779 0.334615
5.78231 0.334663
5.78563 0.33458
5.78894 0.334508
5.79225 0.334569
5.79556 0.334498
5.79887 0.334436
5.80219 0.334506
5.8055 0.334568
5.80881 0.334497
5.81212 0.33456
5.81543 0.334615
5.81875 0.334538
5.82206 0.334596
5.82537 0.334646
5.82868 0.334565
5.83199 0.334495
5.83531 0.334558
5.83862 0.334488
5.84193 0.334427
5.84524 0.334499
5.84855 0.334436
5.85187 0.334382
5.85518 0.334459
5.85849 0.334527
5.8618 0.334461
5.86511 0.334528
5.86843 0.334587
5.87174 0.334514
5.87505 0.334575
5.87836 0.334628
5.88167 0.334549
5.88499 0.334481
5.8883 0.334546
5.89161 0.334477
5.89492 0.334418
5.89823 0.33449
5.90155 0.334429
5.90486 0.334376
5.90817 0.334454
5.91148 0.334522
5.91479 0.334457
5.91811 0.334525
5.92142 0.334584
5.92473 0.334511
5.92804 0.334572
5.93135 0.334626
5.93467 0.334547
5.93798 0.334479
5.94129 0.334544
5.9446 0.334476
5.94791 0.334417
5.95123 0.33449
5.95454 0.334428
5.95785 0.334375
5.96116 0.334453
5.96447 0.334521
5.96779 0.334456
5.9711 0.334524
5.97441 0.334584
5.97772 0.334511
5.98103 0.334572
5.98435 0.334625
5.98766 0.334547
5.99097 0.334479
5.99428 0.334544
5.99759 0.334476
6.00091 0.334416
6.00422 0.334489
6.00753 0.334428
6.01084 0.334375
6.01415 0.334453
6.01747 0.334521
6.02078 0.334456
6.02409 0.334524
6.0274 0.334584
6.03071 0.334511
6.03403 0.334572
6.03734 0.334625
6.04065 0.334547
6.04396 0.334479
6.04727 0.334544
6.05059 0.334476
6.0539 0.334416
6.05721 0.334489
6.06052 0.334428
6.06383 0.334375
6.06715 0.334453
6.07046 0.334521
6.07377 0.334456
6.07708 0.334524
6.08039 0.334584
6.08371 0.334511
6.08702 0.334572
6.09033 0.334625
6.09364 0.334547
6.09695 0.334479
6.10027 0.334544
6.10358 0.334476
6.10689 0.334416
6.1102 0.334489
6.11351 0.334428
6.11683 0.334375
6.12014 0.334453
6.12345 0.334521
6.12676 0.334456
6.13007 0.334524
6.13338 0.334584
6.1367 0.334511
6.14001 0.334572
6.14332 0.334625
6.14663 0.334547
6.14994 0.334479
6.15326 0.334544
6.15657 0.334476
6.15988 0.334416
6.16319 0.334489
6.1665 0.334553
6.16982 0.334484
6.17313 0.334549
6.17644 0.334605
6.17975 0.334529
6.18306 0.334588
6.18638 0.33464
6.18969 0.33456
6.193 0.334615
6.19631 0.334663
6.19962 0.33458
6.20294 0.334508
6.20625 0.334569
6.20956 0.334498
6.21287 0.334436
6.21618 0.334506
6.2195 0.334568
6.22281 0.334497
6.22612 0.33456
6.22943 0.334615
6.23274 0.334538
6.23606 0.334596
6.23937 0.334646
6.24268 0.334565
6.24599 0.334495
6.2493 0.334558
6.25262 0.334488
6.25593 0.334427
6.25924 0.334499
6.26255 0.334436
6.26586 0.334382
6.26918 0.334459
6.27249 0.334527
6.2758 0.334461
6.27911 0.334528
6.28242 0.334587
6.28574 0.334514
6.28905 0.334575
6.29236 0.334628
6.29567 0.334549
6.29898 0.334481
6.3023 0.334546
6.30561 0.334477
6.30892 0.334418
6.31223 0.33449
6.31554 0.334429
6.31886 0.334376
6.32217 0.334454
6.32548 0.334522
6.32879 0.334457
6.3321 0.334525
6.33542 0.334584
6.33873 0.334511
6.34204 0.334572
6.34535 0.334626
6.34866 0.334547
6.35198 0.334479
6.35529 0.334544
6.3586 0.334476
6.36191 0.334417
6.36522 0.33449
6.36854 0.334428
6.37185 0.334375
6.37516 0.334453
6.37847 0.334521
6.38178 0.334456
6.3851 0.334524
6.38841 0.334584
6.39172 0.334511
6.39503 0.334572
6.39834 0.334625
6.40166 0.334547
6.40497 0.334479
6.40828 0.334544
6.41159 0.334476
6.4149 0.334416
6.41822 0.334489
6.42153 0.334428
6.42484 0.334375
6.42815 0.334453
6.43146 0.334521
6.43478 0.334456
6.43809 0.334524
6.4414 0.334584
6.44471 0.334511
6.44802 0.334572
6.45134 0.334625
6.45465 0.334547
6.45796 0.334479
6.46127 0.334544
6.46458 0.334476
6.4679 0.334416
6.47121 0.334489
6.47452 0.334428
6.47783 0.334375
6.48114 0.334453
6.48446 0.334521
6.48777 0.334456
6.49108 0.334524
6.49439 0.334584
6.4977 0.334511
6.50102 0.334572
6.50433 0.334625
6.50764 0.334547
6.51095 0.334479
6.51426 0.334544
6.51758 0.334476
6.52089 0.334416
6.5242 0.334489
6.52751 0.334428
6.53082 0.334375
6.53414 0.334453
6.53745 0.334521
6.54076 0.334456
6.54407 0.334524
6.54738 0.334584
6.5507 0.334511
6.55401 0.334572
6.55732 0.334625
6.56063 0.334547
6.56394 0.334479
6.56726 0.334544
6.57057 0.334476
6.57388 0.334416
6.57719 0.334489
6.5805 0.334553
6.58382 0.334484
6.58713 0.334549
6.59044 0.334605
6.59375 0.334529
6.59706 0.334588
6.60038 0.33464
6.60369 0.33456
6.607 0.334615
6.61031 0.334663
6.61362 0.33458
6.61694 0.334508
6.62025 0.334569
6.62356 0.334498
6.62687 0.334436
6.63018 0.334506
6.6335 0.334568
6.63681 0.334497
6.64012 0.33456
6.64343 0.334615
6.64674 0.334538
6.65006 0.334596
6.65337 0.334646
6.65668 0.334565
6.65999 0.334495
6.6633 0.334558
6.66662 0.334488
6.66993 0.334427
6.67324 0.334499
6.67655 0.334436
6.67986 0.334382
6.68318 0.334459
6.68649 0.334527
6.6898 0.334461
6.69311 0.334528
6.69642 0.334587
6.69974 0.334514
6.70305 0.334575
6.70636 0.334628
6.70967 0.334549
6.71298 0.334481
6.7163 0.334546
6.71961 0.334477
6.72292 0.334418
6.72623 0.33449
6.72954 0.334429
6.73286 0.334376
6.73617 0.334454
6.73948 0.334522
6.74279 0.334457
6.7461 0.334525
6.74942 0.334584
6.75273 0.334511
6.75604 0.334572
6.75935 0.334626
6.76266 0.334547
6.76598 0.334479
6.76929 0.334544
6.7726 0.334476
6.77591 0.334417
6.77922 0.33449
6.78254 0.334428
6.78585 0.334375
6.78916 0.334453
6.79247 0.334521
6.79578 0.334456
6.7991 0.334524
6.80241 0.334584
6.80572 0.334511
6.80903 0.334572
6.81234 0.334625
6.81566 0.334547
6.81897 0.334479
6.82228 0.334544
6.82559 0.334476
6.8289 0.334416
6.83222 0.334489
6.83553 0.334428
6.83884 0.334375
6.84215 0.334453
6.84546 0.334521
6.84878 0.334456
6.85209 0.334524
6.8554 0.334584
6.85871 0.334511
6.86202 0.334572
6.86534 0.334625
6.86865 0.334547
6.87196 0.334479
6.87527 0.334544
6.87858 0.334476
6.8819 0.334416
6.88521 0.334489
6.88852 0.334428
6.89183 0.334375
6.89514 0.334453
6.89846 0.334521
6.90177 0.334456
6.90508 0.334524
6.90839 0.334584
6.9117 0.334511
6.91502 0.334572
6.91833 0.334625
6.92164 0.334547
6.92495 0.334479
6.92826 0.334544
6.93158 0.334476
6.93489 0.334416
6.9382 0.334489
6.94151 0.334428
6.94482 0.334375
6.94814 0.334453
6.95145 0.334521
6.95476 0.334456
6.95807 0.334524
6.96138 0.334584
6.9647 0.334511
6.96801 0.334572
6.97132 0.334625
6.97463 0.334547
6.97794 0.334479
6.98126 0.334544
6.98457 0.334476
6.98788 0.334416
6.99119 0.334489
6.9945 0.334553
6.99782 0.334484
7.00113 0.334549
7.00444 0.334605
7.00775 0.334529
7.01106 0.334588
7.01438 0.33464
7.01769 0.33456
7.021 0.334615
7.02431 0.334663
7.02762 0.33458
7.03094 0.334508
7.03425 0.334569
7.03756 0.334498
7.04087 0.334436
7.04418 0.334506
7.0475 0.334568
7.05081 0.334497
7.05412 0.33456
7.05743 0.334615
7.06074 0.334538
7.06406 0.334596
7.06737 0.334646
7.07068 0.334565
7.07399 0.334495
7.0773 0.334558
7.08062 0.334488
7.08393 0.334427
7.08724 0.334499
7.09055 0.334436
7.09386 0.334382
7.09718 0.334459
7.10049 0.334527
7.1038 0.334461
7.10711 0.334528
7.11042 0.334587
7.11374 0.334514
7.11705 0.334575
7.12036 0.334628
7.12367 0.334549
7.12698 0.334481
7.1303 0.334546
7.13361 0.334477
7.13692 0.334418
7.14023 0.33449
7.14354 0.334429
7.14686 0.334376
7.15017 0.334454
7.15348 0.334522
7.15679 0.334457
7.1601 0.334525
7.16342 0.334584
7.16673 0.334511
7.17004 0.334572
7.17335 0.334626
7.17666 0.334547
7.17998 0.334479
7.18329 0.334544
7.1866 0.334476
7.18991 0.334417
7.19322 0.33449
7.19654 0.334428
7.19985 0.334375
7.20316 0.334453
7.20647 0.334521
7.20978 0.334456
7.2131 0.334524
7.21641 0.334584
7.21972 0.334511
7.22303 0.334572
7.22634 0.334625
7.22966 0.334547
7.23297 0.334479
7.23628 0.334544
7.23959 0.334476
7.2429 0.334416
7.24622 0.334489
7.24953 0.334428
7.25284 0.334375
7.25615 0.334453
7.25946 0.334521
7.26278 0.334456
7.26609 0.334524
7.2694 0.334584
7.27271 0.334511
7.27602 0.334572
7.27934 0.334625
7.28265 0.334547
7.28596 0.334479
7.28927 0.334544
7.29258 0.334476
7.2959 0.334416
7.29921 0.334489
7.30252 0.334428
7.30583 0.334375
7.30914 0.334453
7.31246 0.334521
7.31577 0.334456
7.31908 0.334524
7.32239 0.334584
7.3257 0.334511
7.32902 0.334572
7.33233 0.334625
7.33564 0.334547
7.33895 0.334479
7.34226 0.334544
7.34558 0.334476
7.34889 0.334416
7.3522 0.334489
7.35551 0.334428
7.35882 0.334375
7.36214 0.334453
7.36545 0.334521
7.36876 0.334456
7.37207 0.334524
7.37538 0.334584
7.3787 0.334511
7.38201 0.334572
7.38532 0.334625
7.38863 0.334547
7.39194 0.334479
7.39526 0.334544
7.39857 0.334476
7.40188 0.334416
7.40519 0.334489
7.4085 0.334553
7.41182 0.334484
7.41513 0.334549
7.41844 0.334605
7.42175 0.334529
7.42506 0.334588
7.42838 0.33464
7.43169 0.33456
7.435 0.334615
7.43831 0.334663
7.44162 0.33458
7.44494 0.334508
7.44825 0.334569
7.45156 0.334498
7.45487 0.334436
7.45818 0.334506
7.4615 0.334568
7.46481 0.334497
7.46812 0.33456
7.47143 0.334615
7.47474 0.334538
7.47806 0.334596
7.48137 0.334646
7.48468 0.334565
7.48799 0.334495
7.4913 0.334558
7.49462 0.334488
7.49793 0.334427
7.50124 0.334499
7.50455 0.334436
7.50786 0.334382
7.51118 0.334459
7.51449 0.334527
7.5178 0.334461
7.52111 0.334528
7.52442 0.334587
7.52774 0.334514
7.53105 0.334575
7.53436 0.334628
7.53767 0.334549
7.54098 0.334481
7.5443 0.334546
7.54761 0.334477
7.55092 0.334418
7.55423 0.33449
7.55754 0.334429
7.56086 0.334376
7.56417 0.334454
7.56748 0.334522
7.57079 0.334457
7.5741 0.334525
7.57742 0.334584
7.58073 0.334511
7.58404 0.334572
7.58735 0.334626
7.59066 0.334547
7.59398 0.334479
7.59729 0.334544
7.6006 0.334476
7.60391 0.334417
7.60722 0.33449
7.61054 0.334428
7.61385 0.334375
7.61716 0.334453
7.62047 0.334521
7.62378 0.334456
7.6271 0.334524
7.63041 0.334584
7.63372 0.334511
7.63703 0.334572
7.64034 0.334625
7.64366 0.334547
7.64697 0.334479
7.65028 0.334544
7.65359 0.334476
7.6569 0.334416
7.66022 0.334489
7.66353 0.334428
7.66684 0.334375
7.67015 0.334453
7.67346 0.334521
7.67678 0.334456
7.68009 0.334524
7.6834 0.334584
7.68671 0.334511
7.69002 0.334572
7.69334 0.334625
7.69665 0.334547
7.69996 0.334479
7.70327 0.334544
7.70658 0.334476
7.7099 0.334416
7.71321 0.334489
7.71652 0.334428
7.71983 0.334375
7.72314 0.334453
7.72646 0.334521
7.72977 0.334456
7.73308 0.334524
7.73639 0.334584
7.7397 0.334511
7.74302 0.334572
7.74633 0.334625
7.74964 0.334547
7.75295 0.334479
7.75626 0.334544
7.75958 0.334476
7.76289 0.334416
7.7662 0.334489
7.76951 0.334428
7.77282 0.334375
7.77614 0.334453
7.77945 0.334521
7.78276 0.334456
7.78607 0.334524
7.78938 0.334584
7.7927 0.334511
7.79601 0.334572
7.79932 0.334625
7.80263 0.334547
7.80594 0.334479
7.80926 0.334544
7.81257 0.334476
7.81588 0.334416
7.81919 0.334489
7.8225 0.334553
7.82582 0.334484
7.82913 0.334549
7.83244 0.334605
7.83575 0.334529
7.83906 0.334588
7.84238 0.33464
7.84569 0.33456
7.849 0.33449
7.85231 0.334554
7.85562 0.334484
7.85894 0.334424
7.86225 0.334496
7.86556 0.334434
7.86887 0.33438
7.87218 0.334457
7.8755 0.334525
7.87881 0.334459
7.88212 0.334527
7.88543 0.334586
7.88874 0.334513
7.89206 0.334574
7.89537 0.334627
7.89868 0.334549
7.90199 0.33448
7.9053 0.334545
7.90862 0.334477
7.91193 0.334417
7.91524 0.33449
7.91855 0.334429
7.92186 0.334375
7.92518 0.334453
7.92849 0.334522
7.9318 0.334456
7.93511 0.334524
7.93842 0.334584
7.94174 0.334511
7.94505 0.334572
7.94836 0.334626
7.95167 0.334547
7.95498 0.334479
7.9583 0.334544
7.96161 0.334476
7.96492 0.334417
7.96823 0.334489
7.97154 0.334428
7.97486 0.334375
7.97817 0.334453
7.98148 0.334521
7.98479 0.334456
7.9881 0.334524
7.99142 0.334584
7.99473 0.334511
7.99804 0.334572
8.00135 0.334625
8.00466 0.334547
8.00798 0.334479
8.01129 0.334544
8.0146 0.334476
8.01791 0.334416
8.02122 0.334489
8.02454 0.334428
8.02785 0.334375
8.03116 0.334453
8.03447 0.334521
8.03778 0.334456
8.0411 0.334524
8.04441 0.334584
8.04772 0.334511
8.05103 0.334572
8.05434 0.334625
8.05766 0.334547
8.06097 0.334479
8.06428 0.334544
8.06759 0.334476
8.0709 0.334416
8.07422 0.334489
8.07753 0.334428
8.08084 0.334375
8.08415 0.334453
8.08746 0.334521
8.09078 0.334456
8.09409 0.334524
8.0974 0.334584
8.10071 0.334511
8.10402 0.334572
8.10734 0.334625
8.11065 0.334547
8.11396 0.334479
8.11727 0.334544
8.12058 0.334476
8.1239 0.334416
8.12721 0.334489
8.13052 0.334428
8.13383 0.334375
8.13714 0.334453
8.14046 0.334521
8.14377 0.334456
8.14708 0.334524
8.15039 0.334584
8.1537 0.334511
8.15702 0.334572
8.16033 0.334625
8.16364 0.334547
8.16695 0.334479
8.17026 0.334544
8.17358 0.334476
8.17689 0.334416
8.1802 0.334489
8.18351 0.334553
8.18682 0.334484
8.19014 0.334549
8.19345 0.334605
8.19676 0.334529
8.20007 0.334588
8.20338 0.33464
8.2067 0.33456
8.21001 0.334615
8.21332 0.334663
8.21663 0.33458
8.21994 0.334508
8.22326 0.334569
8.22657 0.334498
8.22988 0.334436
8.23319 0.334506
8.2365 0.334568
8.23982 0.334497
8.24313 0.33456
8.24644 0.334615
8.24975 0.334538
8.25306 0.334596
8.25638 0.334646
8.25969 0.334565
8.263 0.334495
8.26631 0.334558
8.26962 0.334488
8.27294 0.334427
8.27625 0.334499
8.27956 0.334436
8.28287 0.334382
8.28618 0.334459
8.2895 0.334527
8.29281 0.334461
8.29612 0.334528
8.29943 0.334587
8.30274 0.334514
8.30606 0.334575
8.30937 0.334628
8.31268 0.334549
8.31599 0.334481
8.3193 0.334546
8.32262 0.334477
8.32593 0.334418
8.32924 0.33449
8.33255 0.334429
8.33586 0.334376
8.33918 0.334454
8.34249 0.334522
8.3458 0.334457
8.34911 0.334525
8.35242 0.334584
8.35574 0.334511
8.35905 0.334572
8.36236 0.334626
8.36567 0.334547
8.36898 0.334479
8.3723 0.334544
8.37561 0.334476
8.37892 0.334417
8.38223 0.33449
8.38554 0.334428
8.38886 0.334375
8.39217 0.334453
8.39548 0.334521
8.39879 0.334456
8.4021 0.334524
8.40542 0.334584
8.40873 0.334511
8.41204 0.334572
8.41535 0.334625
8.41866 0.334547
8.42198 0.334479
8.42529 0.334544
8.4286 0.334476
8.43191 0.334416
8.43522 0.334489
8.43854 0.334428
8.44185 0.334375
8.44516 0.334453
8.44847 0.334521
8.45178 0.334456
8.4551 0.334524
8.45841 0.334584
8.46172 0.334511
8.46503 0.334572
8.46834 0.334625
8.47166 0.334547
8.47497 0.334479
8.47828 0.334544
8.48159 0.334476
8.4849 0.334416
8.48822 0.334489
8.49153 0.334428
8.49484 0.334375
8.49815 0.334453
8.50146 0.334521
8.50478 0.334456
8.50809 0.334524
8.5114 0.334584
8.51471 0.334511
8.51802 0.334572
8.52134 0.334625
8.52465 0.334547
8.52796 0.334479
8.53127 0.334544
8.53458 0.334476
8.5379 0.334416
8.54121 0.334489
8.54452 0.334428
8.54783 0.334375
8.55114 0.334453
8.55446 0.334521
8.55777 0.334456
8.56108 0.334524
8.56439 0.334584
8.5677 0.334511
8.57102 0.334572
8.57433 0.334625
8.57764 0.334547
8.58095 0.334479
8.58426 0.334544
8.58758 0.334476
8.59089 0.334416
8.5942 0.334489
8.59751 0.334553
8.60082 0.334484
8.60414 0.334549
8.60745 0.334605
8.61076 0.334529
8.61407 0.334588
8.61738 0.33464
8.6207 0.33456
8.62401 0.334615
8.62732 0.334663
8.63063 0.33458
8.63394 0.334508
8.63726 0.334569
8.64057 0.334498
8.64388 0.334436
8.64719 0.334506
8.6505 0.334568
8.65382 0.334497
8.65713 0.33456
8.66044 0.334615
8.66375 0.334538
8.66706 0.334596
8.67038 0.334646
8.67369 0.334565
8.677 0.334495
8.68031 0.334558
8.68362 0.334488
8.68694 0.334427
8.69025 0.334499
8.69356 0.334436
8.69687 0.334382
8.70018 0.334459
8.7035 0.334527
8.70681 0.334461
8.71012 0.334528
8.71343 0.334587
8.71674 0.334514
8.72006 0.334575
8.72337 0.334628
8.72668 0.334549
8.72999 0.334481
8.7333 0.334546
8.73662 0.334477
8.73993 0.334418
8.74324 0.33449
8.74655 0.334429
8.74986 0.334376
8.75318 0.334454
8.75649 0.334522
8.7598 0.334457
8.76311 0.334525
8.76642 0.334584
8.76974 0.334511
8.77305 0.334572
8.77636 0.334626
8.77967 0.334547
8.78298 0.334479
8.7863 0.334544
8.78961 0.334476
8.79292 0.334417
8.79623 0.33449
8.79954 0.334428
8.80286 0.334375
8.80617 0.334453
8.80948 0.334521
8.81279 0.334456
8.8161 0.334524
8.81942 0.334584
8.82273 0.334511
8.82604 0.334572
8.82935 0.334625
8.83266 0.334547
8.83598 0.334479
8.83929 0.334544
8.8426 0.334476
8.84591 0.334416
8.84922 0.334489
8.85254 0.334428
8.85585 0.334375
8.85916 0.334453
8.86247 0.334521
8.86578 0.334456
8.8691 0.334524
8.87241 0.334584
8.87572 0.334511
8.87903 0.334572
8.88234 0.334625
8.88566 0.334547
8.88897 0.334479
8.89228 0.334544
8.89559 0.334476
8.8989 0.334416
8.90222 0.334489
8.90553 0.334428
8.90884 0.334375
8.91215 0.334453
8.91546 0.334521
8.91878 0.334456
8.92209 0.334524
8.9254 0.334584
8.92871 0.334511
8.93202 0.334572
8.93534 0.334625
8.93865 0.334547
8.94196 0.334479
8.94527 0.334544
8.94858 0.334476
8.9519 0.334416
8.95521 0.334489
8.95852 0.334428
8.96183 0.334375
8.96514 0.334453
8.96846 0.334521
8.97177 0.334456
8.97508 0.334524
8.97839 0.334584
8.9817 0.334511
8.98502 0.334572
8.98833 0.334625
8.99164 0.334547
8.99495 0.334479
8.99826 0.334544
9.00158 0.334476
9.00489 0.334416
9.0082 0.334489
9.01151 0.334553
9.01482 0.334484
9.01814 0.334549
9.02145 0.334605
9.02476 0.334529
9.02807 0.334588
9.03138 0.33464
9.0347 0.33456
9.03801 0.334615
9.04132 0.334663
9.04463 0.33458
9.04794 0.334508
9.05126 0.334569
9.05457 0.334498
9.05788 0.334436
9.06119 0.334506
9.0645 0.334568
9.06782 0.334497
9.07113 0.33456
9.07444 0.334615
9.07775 0.334538
9.08106 0.334596
9.08438 0.334646
9.08769 0.334565
9.091 0.334495
9.09431 0.334558
9.09762 0.334488
9.10094 0.334427
9.10425 0.334499
9.10756 0.334436
9.11087 0.334382
9.11418 0.334459
9.1175 0.334527
9.12081 0.334461
9.12412 0.334528
9.12743 0.334587
9.13074 0.334514
9.13406 0.334575
9.13737 0.334628
9.14068 0.334549
9.14399 0.334481
9.1473 0.334546
9.15062 0.334477
9.15393 0.334418
9.15724 0.33449
9.16055 0.334429
9.16386 0.334376
9.16718 0.334454
9.17049 0.334522
9.1738 0.334457
9.17711 0.334525
9.18042 0.334584
9.18374 0.334511
9.18705 0.334572
9.19036 0.334626
9.19367 0.334547
9.19698 0.334479
9.2003 0.334544
9.20361 0.334476
9.20692 0.334417
9.21023 0.33449
9.21354 0.334428
9.21686 0.334375
9.22017 0.334453
9.22348 0.334521
9.22679 0.334456
9.2301 0.334524
9.23342 0.334584
9.23673 0.334511
9.24004 0.334572
9.24335 0.334625
9.24666 0.334547
9.24998 0.334479
9.25329 0.334544
9.2566 0.334476
9.25991 0.334416
9.26322 0.334489
9.26654 0.334428
9.26985 0.334375
9.27316 0.334453
9.27647 0.334521
9.27978 0.334456
9.2831 0.334524
9.28641 0.334584
9.28972 0.334511
9.29303 0.334572
9.29634 0.334625
9.29966 0.334547
9.30297 0.334479
9.30628 0.334544
9.30959 0.334476
9.3129 0.334416
9.31622 0.334489
9.31953 0.334428
9.32284 0.334375
9.32615 0.334453
9.32946 0.334521
9.33278 0.334456
9.33609 0.334524
9.3394 0.334584
9.34271 0.334511
9.34602 0.334572
9.34934 0.334625
9.35265 0.334547
9.35596 0.334479
9.35927 0.334544
9.36258 0.334476
9.3659 0.334416
9.36921 0.334489
9.37252 0.334428
9.37583 0.334375
9.37914 0.334453
9.38246 0.334521
9.38577 0.334456
9.38908 0.334524
9.39239 0.334584
9.3957 0.334511
9.39902 0.334572
9.40233 0.334625
9.40564 0.334547
9.40895 0.334479
9.41226 0.334544
9.41558 0.334476
9.41889 0.334416
9.4222 0.334489
9.42551 0.334553
9.42882 0.334484
9.43214 0.334549
9.43545 0.334605
9.43876 0.334529
9.44207 0.334588
9.44538 0.33464
9.44869 0.33456
9.45201 0.334615
9.45532 0.334663
9.45863 0.33458
9.46194 0.334508
9.46525 0.334569
9.46857 0.334498
9.47188 0.334436
9.47519 0.334506
9.4785 0.334568
9.48181 0.334497
9.48513 0.33456
9.48844 0.334615
9.49175 0.334538
9.49506 0.334596
9.49837 0.334646
9.50169 0.334565
9.505 0.334495
9.50831 0.334558
9.51162 0.334488
9.51493 0.334427
9.51825 0.334499
9.52156 0.334436
9.52487 0.334382
9.52818 0.334459
9.53149 0.334527
9.53481 0.334461
9.53812 0.334528
9.54143 0.334587
9.54474 0.334514
9.54805 0.334575
9.55137 0.334628
9.55468 0.334549
9.55799 0.334481
9.5613 0.334546
9.56461 0.334477
9.56793 0.334418
9.57124 0.33449
9.57455 0.334429
9.57786 0.334376
9.58117 0.334454
9.58449 0.334522
9.5878 0.334457
9.59111 0.334525
9.59442 0.334584
9.59773 0.334511
9.60105 0.334572
9.60436 0.334626
9.60767 0.334547
9.61098 0.334479
9.61429 0.334544
9.61761 0.334476
9.62092 0.334417
9.62423 0.33449
9.62754 0.334428
9.63085 0.334375
9.63417 0.334453
9.63748 0.334521
9.64079 0.334456
9.6441 0.334524
9.64741 0.334584
9.65073 0.334511
9.65404 0.334572
9.65735 0.334625
9.66066 0.334547
9.66397 0.334479
9.66729 0.334544
9.6706 0.334476
9.67391 0.334416
9.67722 0.334489
9.68053 0.334428
9.68385 0.334375
9.68716 0.334453
9.69047 0.334521
9.69378 0.334456
9.69709 0.334524
9.70041 0.334584
9.70372 0.334511
9.70703 0.334572
9.71034 0.334625
9.71365 0.334547
9.71697 0.334479
9.72028 0.334544
9.72359 0.334476
9.7269 0.334416
9.73021 0.334489
9.73353 0.334428
9.73684 0.334375
9.74015 0.334453
9.74346 0.334521
9.74677 0.334456
9.75009 0.334524
9.7534 0.334584
9.75671 0.334511
9.76002 0.334572
9.76333 0.334625
9.76665 0.334547
9.76996 0.334479
9.77327 0.334544
9.77658 0.334476
9.77989 0.334416
9.78321 0.334489
9.78652 0.334428
9.78983 0.334375
9.79314 0.334453
9.79645 0.334521
9.79977 0.334456
9.80308 0.334524
9.80639 0.334584
9.8097 0.334511
9.81301 0.334572
9.81633 0.334625
9.81964 0.334547
9.82295 0.334479
9.82626 0.334544
9.82957 0.334476
9.83289 0.334416
9.8362 0.334489
9.83951 0.334553
9.84282 0.334484
9.84613 0.334549
9.84945 0.334605
9.85276 0.334529
9.85607 0.334588
9.85938 0.33464
9.86269 0.33456
9.86601 0.334615
9.86932 0.334663
9.87263 0.33458
9.87594 0.334508
9.87925 0.334569
9.88257 0.334498
9.88588 0.334436
9.88919 0.334506
9.8925 0.334568
9.89581 0.334497
9.89913 0.33456
9.90244 0.334615
9.90575 0.334538
9.90906 0.334596
9.91237 0.334646
9.91569 0.334565
9.919 0.334495
9.92231 0.334558
9.92562 0.334488
9.92893 0.334427
9.93225 0.334499
9.93556 0.334436
9.93887 0.334382
9.94218 0.334459
9.94549 0.334527
9.94881 0.334461
9.95212 0.334528
9.95543 0.334587
9.95874 0.334514
9.96205 0.334575
9.96537 0.334628
9.96868 0.334549
9.97199 0.334481
9.9753 0.334546
9.97861 0.334477
9.98193 0.334418
9.98524 0.33449
9.98855 0.334429
9.99186 0.334376
9.99517 0.334454
9.99849 0.334522
10.0018 0.334457
10.0051 0.334525
10.0084 0.334584
10.0117 0.334511
10.015 0.334572
10.0184 0.334626
10.0217 0.334547
10.025 0.334479
10.0283 0.334544
10.0316 0.334476
10.0349 0.334417
10.0382 0.33449
10.0415 0.334428
10.0449 0.334375
10.0482 0.334453
10.0515 0.334521
10.0548 0.334456
10.0581 0.334524
10.0614 0.334584
10.0647 0.334511
10.068 0.334572
10.0714 0.334625
10.0747 0.334547
10.078 0.334479
10.0813 0.334544
10.0846 0.334476
10.0879 0.334416
10.0912 0.334489
10.0945 0.334428
10.0978 0.334375
10.1012 0.334453
10.1045 0.334521
10.1078 0.334456
10.1111 0.334524
10.1144 0.334584
10.1177 0.334511
10.121 0.334572
10.1243 0.334625
10.1277 0.334547
10.131 0.334479
10.1343 0.334544
10.1376 0.334476
10.1409 0.334416
10.1442 0.334489
10.1475 0.334428
10.1508 0.334375
10.1542 0.334453
10.1575 0.334521
10.1608 0.334456
10.1641 0.334524
10.1674 0.334584
10.1707 0.334511
10.174 0.334572
10.1773 0.334625
10.1806 0.334547
10.184 0.334479
10.1873 0.334544
10.1906 0.334476
10.1939 0.334416
10.1972 0.334489
10.2005 0.334428
10.2038 0.334375
10.2071 0.334453
10.2105 0.334521
10.2138 0.334456
10.2171 0.334524
10.2204 0.334584
10.2237 0.334511
10.227 0.334572
10.2303 0.334625
10.2336 0.334547
10.237 0.334479
10.2403 0.334544
10.2436 0.334476
10.2469 0.334416
10.2502 0.334489
10.2535 0.334553
10.2568 0.334484
10.2601 0.334549
10.2634 0.334605
10.2668 0.334529
10.2701 0.334588
10.2734 0.33464
10.2767 0.33456
10.28 0.334615
10.2833 0.334663
10.2866 0.33458
10.2899 0.334508
10.2933 0.334569
10.2966 0.334498
10.2999 0.334436
10.3032 0.334506
10.3065 0.334568
10.3098 0.334497
10.3131 0.33456
10.3164 0.334615
10.3198 0.334538
10.3231 0.334596
10.3264 0.334646
10.3297 0.334565
10.333 0.334495
10.3363 0.334558
10.3396 0.334488
10.3429 0.334427
10.3462 0.334499
10.3496 0.334436
10.3529 0.334382
10.3562 0.334459
10.3595 0.334527
10.3628 0.334461
10.3661 0.334528
10.3694 0.334587
10.3727 0.334514
10.3761 0.334575
10.3794 0.334628
10.3827 0.334549
10.386 0.334481
10.3893 0.334546
10.3926 0.334477
10.3959 0.334418
10.3992 0.33449
10.4026 0.334429
10.4059 0.334376
10.4092 0.334454
10.4125 0.334522
10.4158 0.334457
10.4191 0.334525
10.4224 0.334584
10.4257 0.334511
10.429 0.334572
10.4324 0.334626
10.4357 0.334547
10.439 0.334479
10.4423 0.334544
10.4456 0.334476
10.4489 0.334417
10.4522 0.33449
10.4555 0.334428
10.4589 0.334375
10.4622 0.334453
10.4655 0.334521
10.4688 0.334456
10.4721 0.334524
10.4754 0.334584
10.4787 0.334511
10.482 0.334572
10.4854 0.334625
10.4887 0.334547
10.492 0.334479
10.4953 0.334544
10.4986 0.334476
10.5019 0.334416
10.5052 0.334489
10.5085 0.334428
10.5118 0.334375
10.5152 0.334453
10.5185 0.334521
10.5218 0.334456
10.5251 0.334524
10.5284 0.334584
10.5317 0.334511
10.535 0.334572
10.5383 0.334625
10.5417 0.334547
10.545 0.334479
10.5483 0.334544
10.5516 0.334476
10.5549 0.334416
10.5582 0.334489
10.5615 0.334428
10.5648 0.334375
10.5682 0.334453
10.5715 0.334521
10.5748 0.334456
10.5781 0.334524
10.5814 0.334584
10.5847 0.334511
10.588 0.334572
10.5913 0.334625
10.5946 0.334547
10.598 0.334479
10.6013 0.334544
10.6046 0.334476
10.6079 0.334416
10.6112 0.334489
10.6145 0.334428
10.6178 0.334375
10.6211 0.334453
10.6245 0.334521
10.6278 0.334456
10.6311 0.334524
10.6344 0.334584
10.6377 0.334511
10.641 0.334572
10.6443 0.334625
10.6476 0.334547
10.651 0.334479
10.6543 0.334544
10.6576 0.334476
10.6609 0.334416
10.6642 0.334489
10.6675 0.334553
10.6708 0.334484
10.6741 0.334549
10.6774 0.334605
10.6808 0.334529
10.6841 0.334588
10.6874 0.33464
10.6907 0.33456
10.694 0.334615
10.6973 0.334663
10.7006 0.33458
10.7039 0.334508
10.7073 0.334569
10.7106 0.334498
10.7139 0.334436
10.7172 0.334506
10.7205 0.334568
10.7238 0.334497
10.7271 0.33456
10.7304 0.334615
10.7338 0.334538
10.7371 0.334596
10.7404 0.334646
10.7437 0.334565
10.747 0.334495
10.7503 0.334558
10.7536 0.334488
10.7569 0.334427
10.7602 0.334499
10.7636 0.334436
10.7669 0.334382
10.7702 0.334459
10.7735 0.334527
10.7768 0.334461
10.7801 0.334528
10.7834 0.334587
10.7867 0.334514
10.7901 0.334575
10.7934 0.334628
10.7967 0.334549
10.8 0.334481
10.8033 0.334546
10.8066 0.334477
10.8099 0.334418
10.8132 0.33449
10.8166 0.334429
10.8199 0.334376
10.8232 0.334454
10.8265 0.334522
10.8298 0.334457
10.8331 0.334525
10.8364 0.334584
10.8397 0.334511
10.843 0.334572
10.8464 0.334626
10.8497 0.334547
10.853 0.334479
10.8563 0.334544
10.8596 0.334476
10.8629 0.334417
10.8662 0.33449
10.8695 0.334428
10.8729 0.334375
10.8762 0.334453
10.8795 0.334521
10.8828 0.334456
10.8861 0.334524
10.8894 0.334584
10.8927 0.334511
10.896 0.334572
10.8994 0.334625
10.9027 0.334547
10.906 0.334479
10.9093 0.334544
10.9126 0.334476
10.9159 0.334416
10.9192 0.334489
10.9225 0.334428
10.9258 0.334375
10.9292 0.334453
10.9325 0.334521
10.9358 0.334456
10.9391 0.334524
10.9424 0.334584
10.9457 0.334511
10.949 0.334572
10.9523 0.334625
10.9557 0.334547
10.959 0.334479
10.9623 0.334544
10.9656 0.334476
10.9689 0.334416
10.9722 0.334489
10.9755 0.334428
10.9788 0.334375
10.9822 0.334453
10.9855 0.334521
10.9888 0.334456
10.9921 0.334524
10.9954 0.334584
10.9987 0.334511
11.002 0.334572
11.0053 0.334625
11.0086 0.334547
11.012 0.334479
11.0153 0.334544
11.0186 0.334476
11.0219 0.334416
11.0252 0.334489
11.0285 0.334428
11.0318 0.334375
11.0351 0.334453
11.0385 0.334521
11.0418 0.334456
11.0451 0.334524
11.0484 0.334584
11.0517 0.334511
11.055 0.334572
11.0583 0.334625
11.0616 0.334547
11.065 0.334479
11.0683 0.334544
11.0716 0.334476
11.0749 0.334416
11.0782 0.334489
11.0815 0.334553
11.0848 0.334484
11.0881 0.334549
11.0914 0.334605
11.0948 0.334529
11.0981 0.334588
11.1014 0.33464
11.1047 0.33456
11.108 0.334615
11.1113 0.334663
11.1146 0.33458
11.1179 0.334508
11.1213 0.334569
11.1246 0.334498
11.1279 0.334436
11.1312 0.334506
11.1345 0.334568
11.1378 0.334497
11.1411 0.33456
11.1444 0.334615
11.1477 0.334538
11.1511 0.334596
11.1544 0.334646
11.1577 0.334565
11.161 0.334495
11.1643 0.334558
11.1676 0.334488
11.1709 0.334427
11.1742 0.334499
11.1776 0.334436
11.1809 0.334382
11.1842 0.334459
11.1875 0.334527
11.1908 0.334461
11.1941 0.334528
11.1974 0.334587
11.2007 0.334514
11.2041 0.334575
11.2074 0.334628
11.2107 0.334549
11.214 0.334481
11.2173 0.334546
11.2206 0.334477
11.2239 0.334418
11.2272 0.33449
11.2305 0.334429
11.2339 0.334376
11.2372 0.334454
11.2405 0.334522
11.2438 0.334457
11.2471 0.334525
11.2504 0.334584
11.2537 0.334511
11.257 0.334572
11.2604 0.334626
11.2637 0.334547
11.267 0.334479
11.2703 0.334544
11.2736 0.334476
11.2769 0.334417
11.2802 0.33449
11.2835 0.334428
11.2869 0.334375
11.2902 0.334453
11.2935 0.334521
11.2968 0.334456
11.3001 0.334524
11.3034 0.334584
11.3067 0.334511
11.31 0.334572
11.3133 0.334625
11.3167 0.334547
11.32 0.334479
11.3233 0.334544
11.3266 0.334476
11.3299 0.334416
11.3332 0.334489
11.3365 0.334428
11.3398 0.334375
11.3432 0.334453
11.3465 0.334521
11.3498 0.334456
11.3531 0.334524
11.3564 0.334584
11.3597 0.334511
11.363 0.334572
11.3663 0.334625
11.3697 0.334547
11.373 0.334479
11.3763 0.334544
11.3796 0.334476
11.3829 0.334416
11.3862 0.334489
11.3895 0.334428
11.3928 0.334375
11.3961 0.334453
11.3995 0.334521
11.4028 0.334456
11.4061 0.334524
11.4094 0.334584
11.4127 0.334511
11.416 0.334572
11.4193 0.334625
11.4226 0.334547
11.426 0.334479
11.4293 0.334544
11.4326 0.334476
11.4359 0.334416
11.4392 0.334489
11.4425 0.334428
11.4458 0.334375
11.4491 0.334453
11.4525 0.334521
11.4558 0.334456
11.4591 0.334524
11.4624 0.334584
11.4657 0.334511
11.469 0.334572
11.4723 0.334625
11.4756 0.334547
11.4789 0.334479
11.4823 0.334544
11.4856 0.334476
11.4889 0.334416
11.4922 0.334489
11.4955 0.334553
11.4988 0.334484
11.5021 0.334549
11.5054 0.334605
11.5088 0.334529
11.5121 0.334588
11.5154 0.33464
11.5187 0.33456
11.522 0.334615
11.5253 0.334663
11.5286 0.33458
11.5319 0.334508
11.5353 0.334569
11.5386 0.334498
11.5419 0.334436
11.5452 0.334506
11.5485 0.334568
11.5518 0.334497
11.5551 0.33456
11.5584 0.334615
11.5617 0.334538
11.5651 0.334596
11.5684 0.334646
11.5717 0.334565
11.575 0.334495
11.5783 0.334558
11.5816 0.334488
11.5849 0.334427
11.5882 0.334499
11.5916 0.334436
11.5949 0.334382
11.5982 0.334459
11.6015 0.334527
11.6048 0.334461
11.6081 0.334528
11.6114 0.334587
11.6147 0.334514
11.6181 0.334575
11.6214 0.334628
11.6247 0.334549
11.628 0.334481
11.6313 0.334546
11.6346 0.334477
11.6379 0.334418
11.6412 0.33449
11.6445 0.334429
11.6479 0.334376
11.6512 0.334454
11.6545 0.334522
11.6578 0.334457
11.6611 0.334525
11.6644 0.334584
11.6677 0.334511
11.671 0.334572
11.6744 0.334626
11.6777 0.334547
11.681 0.334479
11.6843 0.334544
11.6876 0.334476
11.6909 0.334417
11.6942 0.33449
11.6975 0.334428
11.7009 0.334375
11.7042 0.334453
11.7075 0.334521
11.7108 0.334456
11.7141 0.334524
11.7174 0.334584
11.7207 0.334511
11.724 0.334572
11.7273 0.334625
11.7307 0.334547
11.734 0.334479
11.7373 0.334544
11.7406 0.334476
11.7439 0.334416
11.7472 0.334489
11.7505 0.334428
11.7538 0.334375
11.7572 0.334453
11.7605 0.334521
11.7638 0.334456
11.7671 0.334524
11.7704 0.334584
11.7737 0.334511
11.777 0.334572
11.7803 0.334625
11.7837 0.334547
11.787 0.334479
11.7903 0.334544
11.7936 0.334476
11.7969 0.334416
11.8002 0.334489
11.8035 0.334428
11.8068 0.334375
11.8101 0.334453
11.8135 0.334521
11.8168 0.334456
11.8201 0.334524
11.8234 0.334584
11.8267 0.334511
11.83 0.334572
11.8333 0.334625
11.8366 0.334547
11.84 0.334479
11.8433 0.334544
11.8466 0.334476
11.8499 0.334416
11.8532 0.334489
11.8565 0.334428
11.8598 0.334375
11.8631 0.334453
11.8665 0.334521
11.8698 0.334456
11.8731 0.334524
11.8764 0.334584
11.8797 0.334511
11.883 0.334572
11.8863 0.334625
11.8896 0.334547
11.8929 0.334479
11.8963 0.334544
11.8996 0.334476
11.9029 0.334416
11.9062 0.334489
11.9095 0.334553
11.9128 0.334484
11.9161 0.334549
11.9194 0.334605
11.9228 0.334529
11.9261 0.334588
11.9294 0.33464
11.9327 0.33456
11.936 0.334615
11.9393 0.334663
11.9426 0.33458
11.9459 0.334508
11.9493 0.334569
11.9526 0.334498
11.9559 0.334436
11.9592 0.334506
11.9625 0.334568
11.9658 0.334497
11.9691 0.33456
11.9724 0.334615
11.9757 0.334538
11.9791 0.334596
11.9824 0.334646
11.9857 0.334565
11.989 0.334495
11.9923 0.334558
11.9956 0.334488
11.9989 0.334427
12.0022 0.334499
12.0056 0.334436
12.0089 0.334382
12.0122 0.334459
12.0155 0.334527
12.0188 0.334461
12.0221 0.334528
12.0254 0.334587
12.0287 0.334514
12.0321 0.334575
12.0354 0.334628
12.0387 0.334549
12.042 0.334481
12.0453 0.334546
12.0486 0.334477
12.0519 0.334418
12.0552 0.33449
12.0585 0.334429
12.0619 0.334376
12.0652 0.334454
12.0685 0.334522
12.0718 0.334457
12.0751 0.334525
12.0784 0.334584
12.0817 0.334511
12.085 0.334572
12.0884 0.334626
12.0917 0.334547
12.095 0.334479
12.0983 0.334544
12.1016 0.334476
12.1049 0.334417
12.1082 0.33449
12.1115 0.334428
12.1149 0.334375
12.1182 0.334453
12.1215 0.334521
12.1248 0.334456
12.1281 0.334524
12.1314 0.334584
12.1347 0.334511
12.138 0.334572
12.1413 0.334625
12.1447 0.334547
12.148 0.334479
12.1513 0.334544
12.1546 0.334476
12.1579 0.334416
12.1612 0.334489
12.1645 0.334428
12.1678 0.334375
12.1712 0.334453
12.1745 0.334521
12.1778 0.334456
12.1811 0.334524
12.1844 0.334584
12.1877 0.334511
12.191 0.334572
12.1943 0.334625
12.1977 0.334547
12.201 0.334479
12.2043 0.334544
12.2076 0.334476
12.2109 0.334416
12.2142 0.334489
12.2175 0.334428
12.2208 0.334375
12.2241 0.334453
12.2275 0.334521
12.2308 0.334456
12.2341 0.334524
12.2374 0.334584
12.2407 0.334511
12.244 0.334572
12.2473 0.334625
12.2506 0.334547
12.254 0.334479
12.2573 0.334544
12.2606 0.334476
12.2639 0.334416
12.2672 0.334489
12.2705 0.334428
12.2738 0.334375
12.2771 0.334453
12.2805 0.334521
12.2838 0.334456
12.2871 0.334524
12.2904 0.334584
12.2937 0.334511
12.297 0.334572
12.3003 0.334625
12.3036 0.334547
12.3069 0.334479
12.3103 0.334544
12.3136 0.334476
12.3169 0.334416
12.3202 0.334489
12.3235 0.334553
12.3268 0.334484
12.3301 0.334549
12.3334 0.334605
12.3368 0.334529
12.3401 0.334588
12.3434 0.33464
12.3467 0.33456
12.35 0.334615
12.3533 0.334663
12.3566 0.33458
12.3599 0.334508
12.3633 0.334569
12.3666 0.334498
12.3699 0.334436
12.3732 0.334506
12.3765 0.334568
12.3798 0.334497
12.3831 0.33456
12.3864 0.334615
12.3897 0.334538
12.3931 0.334596
12.3964 0.334646
12.3997 0.334565
12.403 0.334495
12.4063 0.334558
12.4096 0.334488
12.4129 0.334427
12.4162 0.334499
12.4196 0.334436
12.4229 0.334382
12.4262 0.334459
12.4295 0.334527
12.4328 0.334461
12.4361 0.334528
12.4394 0.334587
12.4427 0.334514
12.4461 0.334575
12.4494 0.334628
12.4527 0.334549
12.456 0.334481
12.4593 0.334546
12.4626 0.334477
12.4659 0.334418
12.4692 0.33449
12.4725 0.334429
12.4759 0.334376
12.4792 0.334454
12.4825 0.334522
12.4858 0.334457
12.4891 0.334525
12.4924 0.334584
12.4957 0.334511
12.499 0.334572
12.5024 0.334626
12.5057 0.334547
12.509 0.334479
12.5123 0.334544
12.5156 0.334476
12.5189 0.334417
12.5222 0.33449
12.5255 0.334428
12.5289 0.334375
12.5322 0.334453
12.5355 0.334521
12.5388 0.334456
12.5421 0.334524
12.5454 0.334584
12.5487 0.334511
12.552 0.334572
12.5553 0.334625
12.5587 0.334547
12.562 0.334479
12.5653 0.334544
12.5686 0.334476
12.5719 0.334416
12.5752 0.334489
12.5785 0.334428
12.5818 0.334375
12.5852 0.334453
12.5885 0.334521
12.5918 0.334456
12.5951 0.334524
12.5984 0.334584
12.6017 0.334511
12.605 0.334572
12.6083 0.334625
12.6117 0.334547
12.615 0.334479
12.6183 0.334544
12.6216 0.334476
12.6249 0.334416
12.6282 0.334489
12.6315 0.334428
12.6348 0.334375
12.6381 0.334453
12.6415 0.334521
12.6448 0.334456
12.6481 0.334524
12.6514 0.334584
12.6547 0.334511
12.658 0.334572
12.6613 0.334625
12.6646 0.334547
12.668 0.334479
12.6713 0.334544
12.6746 0.334476
12.6779 0.334416
12.6812 0.334489
12.6845 0.334428
12.6878 0.334375
12.6911 0.334453
12.6945 0.334521
12.6978 0.334456
12.7011 0.334524
12.7044 0.334584
12.7077 0.334511
12.711 0.334572
12.7143 0.334625
12.7176 0.334547
12.7209 0.334479
12.7243 0.334544
12.7276 0.334476
12.7309 0.334416
12.7342 0.334489
12.7375 0.334553
12.7408 0.334484
12.7441 0.334549
12.7474 0.334605
12.7508 0.334529
12.7541 0.334588
12.7574 0.33464
12.7607 0.33456
12.764 0.334615
12.7673 0.334663
12.7706 0.33458
12.7739 0.334508
12.7773 0.334569
12.7806 0.334498
12.7839 0.334436
12.7872 0.334506
12.7905 0.334568
12.7938 0.334497
12.7971 0.33456
12.8004 0.334615
12.8037 0.334538
12.8071 0.334596
12.8104 0.334646
12.8137 0.334565
12.817 0.334495
12.8203 0.334558
12.8236 0.334488
12.8269 0.334427
12.8302 0.334499
12.8336 0.334436
12.8369 0.334382
12.8402 0.334459
12.8435 0.334527
12.8468 0.334461
12.8501 0.334528
12.8534 0.334587
12.8567 0.334514
12.8601 0.334575
12.8634 0.334628
12.8667 0.334549
12.87 0.334481
12.8733 0.334546
12.8766 0.334477
12.8799 0.334418
12.8832 0.33449
12.8865 0.334429
12.8899 0.334376
12.8932 0.334454
12.8965 0.334522
12.8998 0.334457
12.9031 0.334525
12.9064 0.334584
12.9097 0.334511
12.913 0.334572
12.9164 0.334626
12.9197 0.334547
12.923 0.334479
12.9263 0.334544
12.9296 0.334476
12.9329 0.334417
12.9362 0.33449
12.9395 0.334428
12.9429 0.334375
12.9462 0.334453
12.9495 0.334521
12.9528 0.334456
12.9561 0.334524
12.9594 0.334584
12.9627 0.334511
12.966 0.334572
12.9693 0.334625
12.9727 0.334547
12.976 0.334479
12.9793 0.334544
12.9826 0.334476
12.9859 0.334416
12.9892 0.334489
12.9925 0.334428
12.9958 0.334375
12.9992 0.334453
13.0025 0.334521
13.0058 0.334456
13.0091 0.334524
13.0124 0.334584
13.0157 0.334511
13.019 0.334572
13.0223 0.334625
13.0257 0.334547
13.029 0.334479
13.0323 0.334544
13.0356 0.334476
13.0389 0.334416
13.0422 0.334489
13.0455 0.334428
13.0488 0.334375
13.0521 0.334453
13.0555 0.334521
13.0588 0.334456
13.0621 0.334524
13.0654 0.334584
13.0687 0.334511
13.072 0.334572
13.0753 0.334625
13.0786 0.334547
13.082 0.334479
13.0853 0.334544
13.0886 0.334476
13.0919 0.334416
13.0952 0.334489
13.0985 0.334428
13.1018 0.334375
13.1051 0.334453
13.1085 0.334521
13.1118 0.334456
13.1151 0.334524
13.1184 0.334584
13.1217 0.334511
13.125 0.334572
13.1283 0.334625
13.1316 0.334547
13.1349 0.334479
13.1383 0.334544
13.1416 0.334476
13.1449 0.334416
13.1482 0.334489
13.1515 0.334553
13.1548 0.334484
13.1581 0.334549
13.1614 0.334605
13.1648 0.334529
13.1681 0.334588
13.1714 0.33464
13.1747 0.33456
13.178 0.334615
13.1813 0.334663
13.1846 0.33458
13.1879 0.334508
13.1913 0.334569
13.1946 0.334498
13.1979 0.334436
13.2012 0.334506
13.2045 0.334568
13.2078 0.334497
13.2111 0.33456
13.2144 0.334615
13.2177 0.334538
13.2211 0.334596
13.2244 0.334646
13.2277 0.334565
13.231 0.334495
13.2343 0.334558
13.2376 0.334488
13.2409 0.334427
13.2442 0.334499
13.2476 0.334436
13.2509 0.334382
13.2542 0.334459
13.2575 0.334527
13.2608 0.334461
13.2641 0.334528
13.2674 0.334587
13.2707 0.334514
13.2741 0.334575
13.2774 0.334628
13.2807 0.334549
13.284 0.334481
13.2873 0.334546
13.2906 0.334477
13.2939 0.334418
13.2972 0.33449
13.3005 0.334429
13.3039 0.334376
13.3072 0.334454
13.3105 0.334522
13.3138 0.334457
13.3171 0.334525
13.3204 0.334584
13.3237 0.334511
13.327 0.334572
13.3304 0.334626
13.3337 0.334547
13.337 0.334479
13.3403 0.334544
13.3436 0.334476
13.3469 0.334417
13.3502 0.33449
13.3535 0.334428
13.3569 0.334375
13.3602 0.334453
13.3635 0.334521
13.3668 0.334456
13.3701 0.334524
13.3734 0.334584
13.3767 0.334511
13.38 0.334572
13.3833 0.334625
13.3867 0.334547
13.39 0.334479
13.3933 0.334544
13.3966 0.334476
13.3999 0.334416
13.4032 0.334489
13.4065 0.334428
13.4098 0.334375
13.4132 0.334453
13.4165 0.334521
13.4198 0.334456
13.4231 0.334524
13.4264 0.334584
13.4297 0.334511
13.433 0.334572
13.4363 0.334625
13.4397 0.334547
13.443 0.334479
13.4463 0.334544
13.4496 0.334476
13.4529 0.334416
13.4562 0.334489
13.4595 0.334428
13.4628 0.334375
13.4661 0.334453
13.4695 0.334521
13.4728 0.334456
13.4761 0.334524
13.4794 0.334584
13.4827 0.334511
13.486 0.334572
13.4893 0.334625
13.4926 0.334547
13.496 0.334479
13.4993 0.334544
13.5026 0.334476
13.5059 0.334416
13.5092 0.334489
13.5125 0.334428
13.5158 0.334375
13.5191 0.334453
13.5225 0.334521
13.5258 0.334456
13.5291 0.334524
13.5324 0.334584
13.5357 0.334511
13.539 0.334572
13.5423 0.334625
13.5456 0.334547
13.5489 0.334479
13.5523 0.334544
13.5556 0.334476
13.5589 0.334416
13.5622 0.334489
13.5655 0.334553
13.5688 0.334484
13.5721 0.334549
13.5754 0.334605
13.5788 0.334529
13.5821 0.334588
13.5854 0.33464
13.5887 0.33456
13.592 0.334615
13.5953 0.334663
13.5986 0.33458
13.6019 0.334508
13.6053 0.334569
13.6086 0.334498
13.6119 0.334436
13.6152 0.334506
13.6185 0.334568
13.6218 0.334497
13.6251 0.33456
13.6284 0.334615
13.6317 0.334538
13.6351 0.334596
13.6384 0.334646
13.6417 0.334565
13.645 0.334495
13.6483 0.334558
13.6516 0.334488
13.6549 0.334427
13.6582 0.334499
13.6616 0.334436
13.6649 0.334382
13.6682 0.334459
13.6715 0.334527
13.6748 0.334461
13.6781 0.334528
13.6814 0.334587
13.6847 0.334514
13.6881 0.334575
13.6914 0.334628
13.6947 0.334549
13.698 0.334481
13.7013 0.334546
13.7046 0.334477
13.7079 0.334418
13.7112 0.33449
13.7145 0.334429
13.7179 0.334376
13.7212 0.334454
13.7245 0.334522
13.7278 0.334457
13.7311 0.334525
13.7344 0.334584
13.7377 0.334511
13.741 0.334572
13.7444 0.334626
13.7477 0.334547
13.751 0.334479
13.7543 0.334544
13.7576 0.334476
13.7609 0.334417
13.7642 0.33449
13.7675 0.334428
13.7709 0.334375
13.7742 0.334453
13.7775 0.334521
13.7808 0.334456
13.7841 0.334524
13.7874 0.334584
13.7907 0.334511
13.794 0.334572
13.7973 0.334625
13.8007 0.334547
13.804 0.334479
13.8073 0.334544
13.8106 0.334476
13.8139 0.334416
13.8172 0.334489
13.8205 0.334428
13.8238 0.334375
13.8272 0.334453
13.8305 0.334521
13.8338 0.334456
13.8371 0.334524
13.8404 0.334584
13.8437 0.334511
13.847 0.334572
13.8503 0.334625
13.8537 0.334547
13.857 0.334479
13.8603 0.334544
13.8636 0.334476
13.8669 0.334416
13.8702 0.334489
13.8735 0.334428
13.8768 0.334375
13.8801 0.334453
13.8835 0.334521
13.8868 0.334456
13.8901 0.334524
13.8934 0.334584
13.8967 0.334511
13.9 0.334572
13.9033 0.334625
13.9066 0.334547
13.91 0.334479
13.9133 0.334544
13.9166 0.334476
13.9199 0.334416
13.9232 0.334489
13.9265 0.334428
13.9298 0.334375
13.9331 0.334453
13.9365 0.334521
13.9398 0.334456
13.9431 0.334524
13.9464 0.334584
13.9497 0.334511
13.953 0.334572
13.9563 0.334625
13.9596 0.334547
13.9629 0.334479
13.9663 0.334544
13.9696 0.334476
13.9729 0.334416
13.9762 0.334489
13.9795 0.334553
13.9828 0.334484
13.9861 0.334549
13.9894 0.334605
13.9928 0.334529
13.9961 0.334588
13.9994 0.33464
14.0027 0.33456
14.006 0.334615
14.0093 0.334663
14.0126 0.33458
14.0159 0.334508
14.0193 0.334569
14.0226 0.334498
14.0259 0.334436
14.0292 0.334506
14.0325 0.334568
14.0358 0.334497
14.0391 0.33456
14.0424 0.334615
14.0457 0.334538
14.0491 0.334596
14.0524 0.334646
14.0557 0.334565
14.059 0.334495
14.0623 0.334558
14.0656 0.334488
14.0689 0.334427
14.0722 0.334499
14.0756 0.334436
14.0789 0.334382
14.0822 0.334459
14.0855 0.334527
14.0888 0.334461
14.0921 0.334528
14.0954 0.334587
14.0987 0.334514
14.1021 0.334575
14.1054 0.334628
14.1087 0.334549
14.112 0.334481
14.1153 0.334546
14.1186 0.334477
14.1219 0.334418
14.1252 0.33449
14.1285 0.334429
14.1319 0.334376
14.1352 0.334454
14.1385 0.334522
14.1418 0.334457
14.1451 0.334525
14.1484 0.334584
14.1517 0.334511
14.155 0.334572
14.1584 0.334626
14.1617 0.334547
14.165 0.334479
14.1683 0.334544
14.1716 0.334476
14.1749 0.334417
14.1782 0.33449
14.1815 0.334428
14.1849 0.334375
14.1882 0.334453
14.1915 0.334521
14.1948 0.334456
14.1981 0.334524
14.2014 0.334584
14.2047 0.334511
14.208 0.334572
14.2113 0.334625
14.2147 0.334547
14.218 0.334479
14.2213 0.334544
14.2246 0.334476
14.2279 0.334416
14.2312 0.334489
14.2345 0.334428
14.2378 0.334375
14.2412 0.334453
14.2445 0.334521
14.2478 0.334456
14.2511 0.334524
14.2544 0.334584
14.2577 0.334511
14.261 0.334572
14.2643 0.334625
14.2677 0.334547
14.271 0.334479
14.2743 0.334544
14.2776 0.334476
14.2809 0.334416
14.2842 0.334489
14.2875 0.334428
14.2908 0.334375
14.2941 0.334453
14.2975 0.334521
14.3008 0.334456
14.3041 0.334524
14.3074 0.334584
14.3107 0.334511
14.314 0.334572
14.3173 0.334625
14.3206 0.334547
14.324 0.334479
14.3273 0.334544
14.3306 0.334476
14.3339 0.334416
14.3372 0.334489
14.3405 0.334428
14.3438 0.334375
14.3471 0.334453
14.3505 0.334521
14.3538 0.334456
14.3571 0.334524
14.3604 0.334584
14.3637 0.334511
14.367 0.334572
14.3703 0.334625
14.3736 0.334547
14.3769 0.334479
14.3803 0.334544
14.3836 0.334476
14.3869 0.334416
14.3902 0.334489
14.3935 0.334553
14.3968 0.334484
14.4001 0.334549
14.4034 0.334605
14.4068 0.334529
14.4101 0.334588
14.4134 0.33464
14.4167 0.33456
14.42 0.334615
14.4233 0.334663
14.4266 0.33458
14.4299 0.334508
14.4333 0.334569
14.4366 0.334498
14.4399 0.334436
14.4432 0.334506
14.4465 0.334568
14.4498 0.334497
14.4531 0.33456
14.4564 0.334615
14.4597 0.334538
14.4631 0.334596
14.4664 0.334646
14.4697 0.334565
14.473 0.334495
14.4763 0.334558
14.4796 0.334488
14.4829 0.334427
14.4862 0.334499
14.4896 0.334436
14.4929 0.334382
14.4962 0.334459
14.4995 0.334527
14.5028 0.334461
14.5061 0.334528
14.5094 0.334587
14.5127 0.334514
14.5161 0.334575
14.5194 0.334628
14.5227 0.334549
14.526 0.334481
14.5293 0.334546
14.5326 0.334477
14.5359 0.334418
14.5392 0.33449
14.5425 0.334429
14.5459 0.334376
14.5492 0.334454
14.5525 0.334522
14.5558 0.334457
14.5591 0.334525
14.5624 0.334584
14.5657 0.334511
14.569 0.334572
14.5724 0.334626
14.5757 0.334547
14.579 0.334479
14.5823 0.334544
14.5856 0.334476
14.5889 0.334417
14.5922 0.33449
14.5955 0.334428
14.5989 0.334375
14.6022 0.334453
14.6055 0.334521
14.6088 0.334456
14.6121 0.334524
14.6154 0.334584
14.6187 0.334511
14.622 0.334572
14.6253 0.334625
14.6287 0.334547
14.632 0.334479
14.6353 0.334544
14.6386 0.334476
14.6419 0.334416
14.6452 0.334489
14.6485 0.334428
14.6518 0.334375
14.6552 0.334453
14.6585 0.334521
14.6618 0.334456
14.6651 0.334524
14.6684 0.334584
14.6717 0.334511
14.675 0.334572
14.6783 0.334625
14.6817 0.334547
14.685 0.334479
14.6883 0.334544
14.6916 0.334476
14.6949 0.334416
14.6982 0.334489
14.7015 0.334428
14.7048 0.334375
14.7081 0.334453
14.7115 0.334521
14.7148 0.334456
14.7181 0.334524
14.7214 0.334584
14.7247 0.334511
14.728 0.334572
14.7313 0.334625
14.7346 0.334547
14.738 0.334479
14.7413 0.334544
14.7446 0.334476
14.7479 0.334416
14.7512 0.334489
14.7545 0.334428
14.7578 0.334375
14.7611 0.334453
14.7645 0.334521
14.7678 0.334456
14.7711 0.334524
14.7744 0.334584
14.7777 0.334511
14.781 0.334572
14.7843 0.334625
14.7876 0.334547
14.7909 0.334479
14.7943 0.334544
14.7976 0.334476
14.8009 0.334416
14.8042 0.334489
14.8075 0.334553
14.8108 0.334484
14.8141 0.334549
14.8174 0.334605
14.8208 0.334529
14.8241 0.334588
14.8274 0.33464
14.8307 0.33456
14.834 0.334615
14.8373 0.334663
14.8406 0.33458
14.8439 0.334508
14.8473 0.334569
14.8506 0.334498
14.8539 0.334436
14.8572 0.334506
14.8605 0.334568
14.8638 0.334497
14.8671 0.33456
14.8704 0.334615
14.8737 0.334538
14.8771 0.334596
14.8804 0.334646
14.8837 0.334565
14.887 0.334495
14.8903 0.334558
14.8936 0.334488
14.8969 0.334427
14.9002 0.334499
14.9036 0.334436
14.9069 0.334382
14.9102 0.334459
14.9135 0.334527
14.9168 0.334461
14.9201 0.334528
14.9234 0.334587
14.9267 0.334514
14.9301 0.334575
14.9334 0.334628
14.9367 0.334549
14.94 0.334481
14.9433 0.334546
14.9466 0.334477
14.9499 0.334418
14.9532 0.33449
14.9565 0.334429
14.9599 0.334376
14.9632 0.334454
14.9665 0.334522
14.9698 0.334457
14.9731 0.334525
14.9764 0.334584
14.9797 0.334511
14.983 0.334572
14.9864 0.334626
14.9897 0.334547
14.993 0.334479
14.9963 0.334544
14.9996 0.334476
