0.0 0
0.180557 0.18
0.362846 0.18025
0.546749 0.180719
0.730651 0.181129
0.912898 0.204238
0.91621 0.201958
1.0968 0.199713
1.10011 0.198249
1.10342 0.196843
1.2807 0.195238
1.28401 0.194333
1.28733 0.193416
1.29064 0.192614
1.46295 0.213412
1.46626 0.209986
1.46957 0.206863
1.47288 0.204505
1.4762 0.202567
1.47951 0.200871
1.6452 0.220137
1.64851 0.21587
1.65182 0.212011
1.65513 0.209135
1.65844 0.206618
1.66176 0.204416
1.66507 0.202989
1.66838 0.201615
1.67169 0.200413
1.82744 0.218862
1.83075 0.214629
1.83407 0.21105
1.83738 0.208294
1.84069 0.205882
1.844 0.203772
1.84731 0.2023
1.85063 0.201013
1.85394 0.199886
1.85725 0.199401
1.86056 0.19885
1.86387 0.198369
1.86719 0.198448
1.8705 0.198517
2.01134 0.196702
2.01466 0.19549
2.01797 0.194428
2.02128 0.1935
2.02459 0.193062
2.0279 0.19268
2.03122 0.19247
2.03453 0.192661
2.03784 0.192703
2.04115 0.192865
2.04446 0.193382
2.04778 0.193834
2.05109 0.194355
2.0544 0.195186
2.05771 0.195788
2.06102 0.196439
2.06434 0.197384
2.06765 0.198211
2.07096 0.19881
2.07427 0.199834
2.07758 0.200729
2.19525 0.198638
2.19856 0.197183
2.20187 0.19591
2.20518 0.194922
2.20849 0.194431
2.21181 0.193878
2.21512 0.193518
2.21843 0.193578
2.22174 0.193631
2.22505 0.193677
2.22837 0.194092
2.23168 0.194456
2.23499 0.194774
2.2383 0.195552
2.24161 0.196108
2.24493 0.196595
2.24824 0.19752
2.25155 0.19833
2.25486 0.198914
2.25817 0.199925
2.26149 0.200809
2.2648 0.201583
2.26811 0.20276
2.27142 0.203665
2.27473 0.204457
2.27805 0.20565
2.28136 0.206694
2.28467 0.207607
2.28798 0.208781
2.29129 0.209808
2.29461 0.210707
2.37749 0.221869
2.3808 0.21726
2.38412 0.213353
2.38743 0.210309
2.39074 0.207645
2.39405 0.205314
2.39736 0.20365
2.40068 0.202194
2.40399 0.20092
2.4073 0.200305
2.41061 0.199642
2.41392 0.199061
2.41724 0.199054
2.42055 0.199047
2.42386 0.198916
2.42717 0.199302
2.43048 0.199639
2.4338 0.199934
2.43711 0.200692
2.44042 0.201356
2.44373 0.201811
2.44704 0.20271
2.45036 0.203496
2.45367 0.204184
2.45698 0.205161
2.46029 0.206016
2.4636 0.206764
2.46692 0.207793
2.47023 0.208819
2.47354 0.209592
2.47685 0.210643
2.48016 0.211688
2.48348 0.212602
2.48679 0.213776
2.4901 0.214804
2.49341 0.215704
2.49672 0.216866
2.50004 0.218008
2.50335 0.218882
2.50666 0.220021
2.50997 0.221019
2.51328 0.222016
2.5166 0.223264
2.51991 0.224356
2.52322 0.225312
2.52653 0.226523
2.52984 0.227582
2.5614 0.222135
2.56471 0.217743
2.56802 0.214025
2.57133 0.210647
2.57464 0.208066
2.57796 0.205808
2.58127 0.203957
2.58458 0.202712
2.58789 0.201498
2.5912 0.200561
2.59452 0.200116
2.59783 0.199726
2.60114 0.199511
2.60445 0.199697
2.60776 0.199735
2.61108 0.199893
2.61439 0.200406
2.6177 0.200855
2.62101 0.201248
2.62432 0.201967
2.62764 0.202596
2.63095 0.203147
2.63426 0.204129
2.63757 0.204862
2.64088 0.205505
2.6442 0.206567
2.64751 0.207496
2.65082 0.208184
2.65413 0.209286
2.65744 0.21025
2.66076 0.211094
2.66407 0.212332
2.66738 0.213291
2.67069 0.214129
2.674 0.215363
2.67732 0.216443
2.68063 0.217387
2.68394 0.218589
2.68725 0.21964
2.69056 0.22056
2.69388 0.22174
2.69719 0.222898
2.7005 0.223786
2.70381 0.224937
2.70712 0.22607
2.71044 0.227061
2.71375 0.228304
2.71706 0.229391
2.72037 0.230342
2.72368 0.231549
2.727 0.232606
2.73031 0.23353
2.73362 0.234714
2.73693 0.235749
2.74024 0.236781
2.74356 0.238058
2.74687 0.239051
2.75018 0.240045
2.75349 0.241289
2.7568 0.242378
2.76012 0.243456
2.76343 0.244774
2.76674 0.245802
2.77005 0.246827
2.77336 0.248098
2.77668 0.249211
2.77999 0.25006
2.7833 0.251302
2.78661 0.252389
2.78992 0.253341
2.79324 0.254673
2.79655 0.252214
2.79986 0.250062
2.80317 0.248679
2.80648 0.247345
2.8098 0.246176
2.81311 0.245654
2.81642 0.245198
2.81973 0.244798
2.82304 0.244948
2.82635 0.244955
2.82967 0.24496
2.83298 0.24534
2.83629 0.245798
2.8396 0.246073
2.84291 0.246689
2.84623 0.247353
2.84954 0.247934
2.85285 0.248817
2.85616 0.24959
2.85947 0.250266
2.86279 0.251233
2.8661 0.252204
2.86941 0.252928
2.87272 0.253937
2.87603 0.254945
2.87935 0.255827
2.88266 0.256974
2.88597 0.257852
2.88928 0.258745
2.89259 0.259902
2.89591 0.260914
2.89922 0.261925
2.90253 0.263184
2.90584 0.264161
2.90915 0.265141
2.91247 0.266374
2.91578 0.267452
2.91909 0.268395
2.9224 0.269596
2.92571 0.270646
2.92903 0.271691
2.93234 0.272979
2.93565 0.273982
2.93896 0.274859
2.94227 0.276127
2.94559 0.277236
2.9489 0.278081
2.95221 0.279321
2.95552 0.280406
2.95883 0.281355
2.96215 0.282686
2.96546 0.283725
2.96877 0.284635
2.97208 0.28593
2.97539 0.287064
2.97871 0.288056
2.98202 0.289424
2.98533 0.290496
2.98864 0.291434
2.99195 0.29263
2.99527 0.293801
2.99858 0.294701
3.00189 0.295863
3.0052 0.297005
3.00851 0.298005
3.01183 0.299254
3.01514 0.300347
3.01845 0.301304
3.02176 0.302516
3.02507 0.303701
3.02839 0.304614
3.0317 0.305787
3.03501 0.306939
3.03832 0.307946
3.04163 0.309203
3.04495 0.310303
3.04826 0.311265
3.05157 0.312482
3.05488 0.313547
3.05819 0.314603
3.06151 0.315903
3.06482 0.316915
3.06813 0.317926
3.07144 0.319185
3.07475 0.320287
3.07807 0.321251
3.08138 0.32247
3.08469 0.323536
3.088 0.324594
3.09131 0.325895
3.09463 0.326908
3.09794 0.327794
3.10125 0.32907
3.10456 0.330186
3.10787 0.331038
3.11119 0.332283
3.1145 0.333373
3.11781 0.334326
3.12112 0.33566
3.12443 0.336828
3.12775 0.337724
3.13106 0.339009
3.13437 0.340133
3.13768 0.341116
3.14099 0.342352
3.14431 0.343433
3.14762 0.344379
3.15093 0.345581
3.15424 0.346759
3.15755 0.347664
3.16087 0.348831
3.16418 0.349977
3.16749 0.35098
3.1708 0.352232
3.17411 0.353328
3.17743 0.354287
3.18074 0.355501
3.18405 0.356689
3.18736 0.357603
3.19067 0.358777
3.19399 0.359805
3.1973 0.360829
3.20061 0.362101
3.20392 0.363213
3.20723 0.364187
3.21055 0.365413
3.21386 0.366487
3.21717 0.367551
3.22048 0.368857
3.22379 0.369875
3.22711 0.37089
3.23042 0.372154
3.23373 0.37326
3.23704 0.374227
3.24035 0.375449
3.24367 0.376518
3.24698 0.377453
3.25029 0.378771
3.2536 0.3798
3.25691 0.3807
4.80539 0.356113
4.98763 0.357098
4.99095 0.335586
5.17154 0.316638
5.17485 0.300433
5.17816 0.286379
5.35544 0.273582
5.35875 0.262759
5.36206 0.253414
5.36537 0.245112
5.53768 0.259348
5.541 0.250055
5.54431 0.242048
5.54762 0.235417
5.55093 0.22949
5.55424 0.224429
5.71993 0.240625
5.72324 0.233797
5.72655 0.227822
5.72987 0.222969
5.73318 0.218723
5.73649 0.215008
5.7398 0.212132
5.74311 0.20974
5.74643 0.207523
5.90218 0.225082
5.90549 0.220197
5.9088 0.215798
5.91211 0.212448
5.91543 0.209517
5.91874 0.206952
5.92205 0.205208
5.92536 0.203557
5.92867 0.202113
5.93199 0.201223
5.9353 0.200571
5.93861 0.199874
5.94192 0.19964
5.94523 0.19956
6.08608 0.197615
6.08939 0.196288
6.0927 0.195127
6.09602 0.194236
6.09933 0.193832
6.10264 0.193353
6.10595 0.192934
6.10926 0.193067
6.11258 0.193184
6.11589 0.193161
6.1192 0.193641
6.12251 0.19406
6.12582 0.194428
6.12914 0.195249
6.13245 0.195968
6.13576 0.196472
6.13907 0.197413
6.14238 0.198237
6.1457 0.198957
6.14901 0.200087
6.15232 0.200951
6.26998 0.198707
6.27329 0.197244
6.27661 0.195964
6.27992 0.194843
6.28323 0.194363
6.28654 0.193817
6.28985 0.19334
6.29317 0.193423
6.29648 0.193495
6.29979 0.193558
6.3031 0.194113
6.30641 0.194474
6.30973 0.19479
6.31304 0.195566
6.31635 0.196245
6.31966 0.196715
6.32297 0.1975
6.32629 0.198313
6.3296 0.199024
6.33291 0.200021
6.33622 0.200893
6.33953 0.201656
6.34285 0.202699
6.34616 0.203737
6.34947 0.20452
6.35278 0.20558
6.35609 0.206632
6.35941 0.207553
6.36272 0.208734
6.36603 0.209767
6.36934 0.210671
6.45223 0.221838
6.45554 0.217358
6.45885 0.213313
6.46216 0.210274
6.46548 0.207615
6.46879 0.205288
6.4721 0.203752
6.47541 0.202283
6.47872 0.200998
6.48204 0.200373
6.48535 0.199826
6.48866 0.199223
6.49197 0.19907
6.49528 0.199061
6.4986 0.199054
6.50191 0.199422
6.50522 0.199744
6.50853 0.200026
6.51184 0.200648
6.51516 0.201317
6.51847 0.201777
6.52178 0.202555
6.52509 0.203361
6.5284 0.204066
6.53172 0.205057
6.53503 0.20605
6.53834 0.206794
6.54165 0.20782
6.54496 0.208717
6.54828 0.209628
6.55159 0.210799
6.5549 0.211699
6.55821 0.212612
6.56152 0.213785
6.56484 0.214812
6.56815 0.215711
6.57146 0.216872
6.57477 0.217888
6.57808 0.218902
6.5814 0.220164
6.58471 0.221144
6.58802 0.222126
6.59133 0.22336
6.59464 0.22444
6.59796 0.22526
6.60127 0.226477
6.60458 0.227543
6.63613 0.2221
6.63944 0.217712
6.64275 0.213873
6.64607 0.210639
6.64938 0.208184
6.65269 0.205911
6.656 0.204047
6.65931 0.202791
6.66263 0.201693
6.66594 0.200606
6.66925 0.200155
6.67256 0.199761
6.67587 0.199416
6.67919 0.199614
6.6825 0.199662
6.68581 0.199704
6.68912 0.200241
6.69243 0.200711
6.69575 0.201122
6.69906 0.201982
6.70237 0.202609
6.70568 0.203158
6.70899 0.204013
6.71231 0.204887
6.71562 0.205526
6.71893 0.20646
6.72224 0.207403
6.72555 0.208227
6.72887 0.209324
6.73218 0.210283
6.73549 0.211123
6.7388 0.212233
6.74211 0.213328
6.74543 0.214162
6.74874 0.215267
6.75205 0.216359
6.75536 0.217314
6.75867 0.218525
6.76199 0.219459
6.7653 0.220402
6.76861 0.221601
6.77192 0.222651
6.77523 0.223695
6.77855 0.224983
6.78186 0.225985
6.78517 0.226987
6.78848 0.228239
6.79179 0.229334
6.79511 0.230292
6.79842 0.231506
6.80173 0.232567
6.80504 0.233621
6.80835 0.234919
6.81167 0.235929
6.81498 0.236813
6.81829 0.238086
6.8216 0.2392
6.82491 0.24005
6.82823 0.241294
6.83154 0.242382
6.83485 0.243335
6.83816 0.244668
6.84147 0.245709
6.84479 0.246621
6.8481 0.247918
6.85141 0.249053
6.85472 0.250047
6.85803 0.251416
6.86135 0.252489
6.86466 0.253428
6.86797 0.254624
6.87128 0.252171
6.87459 0.250025
6.87791 0.248522
6.88122 0.247331
6.88453 0.246165
6.88784 0.245519
6.89115 0.245079
6.89447 0.244695
6.89778 0.244733
6.90109 0.244766
6.9044 0.244795
6.90771 0.245196
6.91103 0.245671
6.91434 0.246088
6.91765 0.246827
6.92096 0.247348
6.92427 0.24793
6.92759 0.248814
6.9309 0.249587
6.93421 0.250263
6.93752 0.251231
6.94083 0.252077
6.94415 0.252942
6.94746 0.254074
6.95077 0.25494
6.95408 0.255823
6.95739 0.25697
6.96071 0.257974
6.96402 0.258852
6.96733 0.259995
6.97064 0.260996
6.97395 0.261871
6.97727 0.263138
6.98058 0.264245
6.98389 0.26509
6.9872 0.266328
6.99051 0.267412
6.99383 0.268361
6.99714 0.269691
7.00045 0.270729
7.00376 0.271638
7.00707 0.272933
7.01039 0.274067
7.0137 0.274933
7.01701 0.276192
7.02032 0.277293
7.02363 0.278256
7.02695 0.279474
7.03026 0.28054
7.03357 0.281472
7.03688 0.282663
7.04019 0.28383
7.04351 0.284727
7.04682 0.285886
7.05013 0.287025
7.05344 0.288022
7.05675 0.289269
7.06007 0.290486
7.06338 0.291425
7.06669 0.292622
7.07 0.293794
7.07331 0.29482
7.07663 0.296092
7.07994 0.297081
7.08325 0.298071
7.08656 0.299312
7.08987 0.300398
7.09319 0.301348
7.0965 0.302555
7.09981 0.30361
7.10312 0.304659
7.10643 0.305952
7.10975 0.306958
7.11306 0.307963
7.11637 0.309218
7.11968 0.310315
7.12299 0.311151
7.12631 0.312382
7.12962 0.313459
7.13293 0.314402
7.13624 0.315727
7.13955 0.316886
7.14287 0.317775
7.14618 0.319053
7.14949 0.320172
7.1528 0.32115
7.15611 0.322506
7.15943 0.323568
7.16274 0.324497
7.16605 0.32581
7.16936 0.326959
7.17267 0.327839
7.17599 0.328984
7.1793 0.330111
7.18261 0.331097
7.18592 0.332335
7.18923 0.333418
7.19255 0.334366
7.19586 0.33557
7.19917 0.336749
7.20248 0.337655
7.20579 0.338823
7.20911 0.33997
7.21242 0.340974
7.21573 0.342227
7.21904 0.343449
7.22235 0.344393
7.22567 0.345594
7.22898 0.346644
7.23229 0.347689
7.2356 0.348978
7.23891 0.349981
7.24223 0.350983
7.24554 0.352235
7.24885 0.353331
7.25216 0.354289
7.25547 0.355503
7.25879 0.356565
7.2621 0.35762
7.26541 0.358917
7.26872 0.359928
7.27203 0.360937
7.27535 0.362195
7.27866 0.363295
7.28197 0.364133
7.28528 0.365367
7.28859 0.366446
7.29191 0.36739
7.29522 0.368716
7.29853 0.369877
7.30184 0.370767
7.30515 0.372046
7.30847 0.373166
7.31178 0.374145
7.31509 0.375502
7.3184 0.376564
7.32171 0.377493
7.32503 0.378807
7.32834 0.379956
7.33165 0.380836
8.84358 0.376232
8.84689 0.372453
8.8502 0.369396
8.85351 0.366722
8.85683 0.364257
8.86014 0.362224
8.86511 0.360696
8.86842 0.359234
8.87173 0.357955
8.87504 0.356961
8.87835 0.355841
8.88167 0.354736
8.88663 0.354019
8.88995 0.353391
8.89326 0.352967
8.89657 0.352471
8.89988 0.352038
8.90319 0.351783
8.90816 0.351685
8.91147 0.351349
8.91479 0.351056
8.9181 0.350924
8.92141 0.350683
8.92472 0.350473
8.92969 0.350539
8.933 0.350596
8.93631 0.350647
8.93963 0.350691
8.94294 0.35048
8.94625 0.35042
8.95122 0.350492
8.95453 0.350556
8.95784 0.350611
8.96115 0.35066
8.96447 0.350702
8.96778 0.35074
8.97109 0.351022
8.9744 0.351269
8.97771 0.351361
8.98103 0.351566
8.98434 0.351745
8.98765 0.351777
8.99096 0.352055
8.99427 0.352298
8.99759 0.352511
9.0009 0.352697
9.00421 0.352985
9.00752 0.353112
9.01083 0.353473
9.01415 0.353789
9.01746 0.354065
9.02077 0.354307
9.02408 0.354519
9.02739 0.354704
9.03071 0.354991
9.03402 0.355367
9.03733 0.355696
9.04064 0.355859
9.04395 0.356002
9.04727 0.356251
9.05058 0.356595
9.05389 0.356896
9.0572 0.357284
9.06051 0.357498
9.06383 0.357686
9.06879 0.3581
9.07211 0.358463
9.07542 0.35878
9.07873 0.359057
9.08204 0.3593
9.08535 0.359513
9.08867 0.359824
9.09198 0.360096
9.09529 0.360459
9.0986 0.360651
9.10191 0.36082
9.10688 0.361217
9.11019 0.361815
9.11351 0.362338
9.11682 0.362796
9.12179 0.363197
9.48445 0.354797
9.48776 0.347447
9.49107 0.341141
9.49438 0.335499
9.4977 0.330561
9.50101 0.326366
9.50432 0.32257
9.50763 0.319249
9.51094 0.316343
9.51426 0.313925
9.51757 0.311684
9.52088 0.309724
9.52419 0.308133
9.5275 0.306617
9.53082 0.30529
9.53413 0.304253
9.53744 0.303222
9.54075 0.302319
9.54406 0.301654
9.54738 0.300947
9.55069 0.300329
9.554 0.299913
9.55731 0.299424
9.56062 0.298996
9.56394 0.298621
9.56725 0.298419
9.57056 0.298116
9.57387 0.297852
9.57718 0.297745
9.5805 0.297527
9.58381 0.297336
9.58712 0.297294
9.59043 0.297132
9.59374 0.296991
9.59706 0.296992
9.60037 0.296868
9.60368 0.29676
9.60699 0.296665
9.6103 0.296707
9.61362 0.296618
9.61693 0.296541
9.62024 0.296598
9.62355 0.296524
9.62686 0.296458
9.63018 0.296526
9.63349 0.29646
9.6368 0.296403
9.64011 0.296477
9.64342 0.296418
9.64674 0.296365
9.65005 0.296445
9.65336 0.296389
9.65667 0.29634
9.65998 0.296298
9.6633 0.296386
9.66661 0.296337
9.66992 0.296295
9.67323 0.296383
9.67654 0.296335
9.67986 0.296294
9.68317 0.296382
9.68648 0.296334
9.68979 0.296292
9.6931 0.296381
9.69642 0.296333
9.69973 0.296292
9.70304 0.29638
9.70635 0.296333
9.70966 0.296291
9.71298 0.296255
9.71629 0.296348
9.7196 0.296304
9.72291 0.296266
9.72622 0.296358
9.72954 0.296313
9.76266 0.296524
9.76597 0.296834
9.76928 0.297479
9.77259 0.298169
9.7759 0.298773
9.77922 0.299302
9.78253 0.299764
9.78584 0.300293
9.78915 0.301257
9.79246 0.302475
9.79578 0.303915
9.79909 0.305676
9.8024 0.307591
9.80571 0.309642
9.80902 0.311937
9.81234 0.31432
9.81565 0.316405
9.81896 0.318229
9.82227 0.319826
9.82558 0.321223
9.8289 0.322445
9.83221 0.323514
9.83552 0.32445
9.83883 0.325269
9.84214 0.32611
9.84546 0.326721
9.84877 0.327256
9.85208 0.327849
9.85539 0.328243
9.8587 0.328588
9.86202 0.329014
9.86533 0.329262
9.86864 0.32948
9.87195 0.32967
9.87526 0.329836
9.87858 0.329981
9.88189 0.330109
9.8852 0.33022
9.88851 0.330318
9.89182 0.330403
9.89514 0.330603
9.89845 0.330652
9.90176 0.330696
9.90507 0.330859
9.90838 0.330876
9.9117 0.330892
9.91501 0.33103
9.91832 0.331027
9.92163 0.331023
9.92494 0.33102
9.92826 0.331018
9.93157 0.331016
9.93488 0.331014
9.93819 0.331137
9.9415 0.33162
9.94482 0.331917
9.94813 0.332303
9.95144 0.33264
9.95475 0.33281
9.95806 0.333084
9.96138 0.333323
9.96469 0.333408
9.968 0.333607
9.97131 0.333781
9.97462 0.333808
9.97794 0.333832
9.98125 0.333978
9.98456 0.333981
9.98787 0.333983
9.99118 0.33411
9.9945 0.334222
9.99781 0.334194
10.0011 0.334295
10.0044 0.334383
10.0077 0.334335
10.0111 0.334418
10.0144 0.334491
10.0177 0.334429
10.021 0.334376
10.0243 0.334454
10.0276 0.334397
10.0309 0.334347
10.0342 0.334429
10.0376 0.334375
10.0409 0.334328
10.0442 0.334412
10.0475 0.334486
10.0508 0.334425
10.0541 0.334497
10.0574 0.33456
10.0607 0.33449
10.064 0.334554
10.0674 0.330859
10.0707 0.327127
10.074 0.323861
10.0773 0.321128
10.0806 0.318612
10.0839 0.316411
10.0872 0.31461
10.0905 0.312908
10.0939 0.31142
10.0972 0.310242
10.1005 0.309087
10.1038 0.308076
10.1071 0.307317
10.1104 0.306527
10.1137 0.305836
10.117 0.305357
10.1204 0.304937
10.1237 0.304445
10.127 0.304014
10.1303 0.303763
10.1336 0.303417
10.1369 0.303115
10.1402 0.302976
10.1435 0.302729
10.1468 0.302513
10.1502 0.302449
10.1535 0.302267
10.1568 0.302109
10.1601 0.302095
10.1634 0.301958
10.1667 0.301839
10.17 0.301859
10.1733 0.301876
10.1767 0.301767
10.18 0.301671
10.1833 0.301712
10.1866 0.301623
10.1899 0.301545
10.1932 0.301602
10.1965 0.302027
10.1998 0.302273
10.2032 0.302614
10.2065 0.302913
10.2098 0.303048
10.2131 0.303292
10.2164 0.303506
10.2197 0.303568
10.223 0.303747
10.2263 0.303903
10.2296 0.30404
10.233 0.304035
10.2363 0.304156
10.2396 0.304261
10.2429 0.304229
10.2462 0.304325
10.2495 0.30441
10.2528 0.304358
10.2561 0.304439
10.2595 0.304509
10.2628 0.304445
10.2661 0.304514
10.2694 0.304575
10.2727 0.304503
10.276 0.304565
10.2793 0.30462
10.2826 0.304667
10.286 0.304584
10.2893 0.304636
10.2926 0.304681
10.2959 0.304596
10.2992 0.304647
10.3025 0.304691
10.3058 0.304604
10.3091 0.304654
10.3124 0.304697
10.3158 0.30461
10.3191 0.304659
10.3224 0.304701
10.3257 0.304739
10.329 0.304771
10.3323 0.3048
10.3356 0.304825
10.3389 0.304722
10.3423 0.304757
10.3456 0.304787
10.3489 0.304689
10.3522 0.304728
10.3555 0.304762
10.3588 0.304666
10.3621 0.304708
10.3654 0.30512
10.3688 0.30548
10.3721 0.305795
10.3754 0.30607
10.3787 0.306312
10.382 0.306648
10.3853 0.306817
10.3886 0.306965
10.3919 0.307094
10.3952 0.307207
10.3986 0.307306
10.4019 0.307393
10.4052 0.307469
10.4085 0.307535
10.4118 0.307593
10.4151 0.307644
10.4184 0.307689
10.4217 0.307728
10.4251 0.307762
10.4284 0.307791
10.4317 0.307818
10.435 0.30784
10.4383 0.30786
10.4416 0.307878
10.4449 0.307893
10.4482 0.307906
10.4516 0.307918
10.4549 0.307928
10.4582 0.307937
10.4615 0.307945
10.4648 0.307952
10.4681 0.307958
10.4714 0.307963
10.4747 0.307968
10.478 0.307972
10.4814 0.307975
10.4847 0.307978
10.488 0.307981
10.4913 0.307984
10.4946 0.307986
10.4979 0.307987
10.5012 0.307989
10.5045 0.30799
10.5079 0.307992
10.5112 0.307993
10.5145 0.307994
10.5178 0.307994
10.5211 0.307995
10.5244 0.307996
10.5277 0.307996
10.531 0.307997
10.5344 0.308372
10.5377 0.308701
10.541 0.308988
10.5443 0.309365
10.5476 0.309569
10.5509 0.309748
10.5542 0.310029
10.5575 0.310151
10.5608 0.310257
10.5642 0.310475
10.5675 0.31054
10.5708 0.310598
10.5741 0.310773
10.5774 0.310801
10.5807 0.310826
10.584 0.310973
10.5873 0.310976
10.5907 0.310979
10.594 0.310982
10.5973 0.311109
10.6006 0.311096
10.6039 0.311084
10.6072 0.311198
10.6105 0.311173
10.6138 0.311152
10.6172 0.311258
10.6205 0.311226
10.6238 0.311197
10.6271 0.311298
10.6304 0.31126
10.6337 0.311228
10.637 0.311324
10.6403 0.311284
10.6436 0.311248
10.647 0.311217
10.6503 0.311315
10.6536 0.311276
10.6569 0.311241
10.6602 0.311336
10.6635 0.311294
10.6668 0.311257
10.6701 0.31135
10.6735 0.311306
10.6768 0.311268
10.6801 0.31136
10.6834 0.311315
10.6867 0.311275
10.69 0.311366
10.6933 0.31132
10.6966 0.31128
10.7 0.311245
10.7033 0.311714
10.7066 0.312125
10.7099 0.31236
10.7132 0.31269
10.7165 0.312978
10.7198 0.313106
10.7231 0.313343
10.7264 0.31355
10.7298 0.313606
10.7331 0.31378
10.7364 0.313933
10.7397 0.313941
10.743 0.314074
10.7463 0.314189
10.7496 0.314291
10.7529 0.314254
10.7563 0.314348
10.7596 0.314429
10.7629 0.314376
10.7662 0.314454
10.7695 0.314522
10.7728 0.314457
10.7761 0.314525
10.7794 0.314584
10.7828 0.314511
10.7861 0.314572
10.7894 0.314626
10.7927 0.314547
10.796 0.314604
10.7993 0.314653
10.8026 0.314697
10.8059 0.31461
10.8092 0.314658
10.8126 0.314701
10.8159 0.314614
10.8192 0.314662
10.8225 0.314704
10.8258 0.314616
10.8291 0.314664
10.8324 0.314706
10.8357 0.314618
10.8391 0.314666
10.8424 0.314707
10.8457 0.314619
10.849 0.314542
10.8523 0.314599
10.8556 0.314649
10.8589 0.314568
10.8622 0.314622
10.8656 0.314669
10.8689 0.314586
10.8722 0.315012
10.8755 0.315386
10.8788 0.315713
10.8821 0.315998
10.8854 0.316249
10.8887 0.316468
10.892 0.316659
10.8954 0.316827
10.8987 0.316973
10.902 0.316977
10.9053 0.317105
10.9086 0.317217
10.9119 0.317314
10.9152 0.3174
10.9185 0.317475
10.9219 0.317541
10.9252 0.317598
10.9285 0.317648
10.9318 0.317692
10.9351 0.317731
10.9384 0.317764
10.9417 0.317794
10.945 0.31782
10.9484 0.317842
10.9517 0.317862
10.955 0.317754
10.9583 0.317785
10.9616 0.317812
10.9649 0.317835
10.9682 0.317856
10.9715 0.317874
10.9748 0.31789
10.9782 0.317903
10.9815 0.317916
10.9848 0.317926
10.9881 0.317935
10.9914 0.317943
10.9947 0.31795
10.998 0.317957
11.0013 0.317962
11.0047 0.317967
11.008 0.317846
11.0113 0.317865
11.0146 0.317882
11.0179 0.317897
11.0212 0.31791
11.0245 0.317921
11.0278 0.317931
11.0312 0.31794
11.0345 0.317947
11.0378 0.317954
11.0411 0.318459
11.0444 0.318777
11.0477 0.319055
11.051 0.319423
11.0543 0.31962
11.0576 0.319793
11.061 0.319944
11.0643 0.320076
11.0676 0.320191
11.0709 0.320292
11.0742 0.320506
11.0775 0.320568
11.0808 0.320622
11.0841 0.320794
11.0875 0.32082
11.0908 0.320842
11.0941 0.320987
11.0974 0.320989
11.1007 0.32099
11.104 0.321116
11.1073 0.321102
11.1106 0.321089
11.114 0.321078
11.1173 0.321068
11.1206 0.32106
11.1239 0.321052
11.1272 0.321171
11.1305 0.321149
11.1338 0.321131
11.1371 0.321239
11.1404 0.321209
11.1438 0.321183
11.1471 0.321285
11.1504 0.32125
11.1537 0.321218
11.157 0.321316
11.1603 0.321277
11.1636 0.321242
11.1669 0.321212
11.1703 0.32131
11.1736 0.321272
11.1769 0.321238
11.1802 0.321333
11.1835 0.321291
11.1868 0.321255
11.1901 0.321348
11.1934 0.321305
11.1968 0.321266
11.2001 0.321358
11.2034 0.321313
11.2067 0.321274
11.21 0.321615
11.2133 0.322038
11.2166 0.322283
11.2199 0.322498
11.2232 0.322811
11.2266 0.323084
11.2299 0.323199
11.2332 0.323424
11.2365 0.323621
11.2398 0.323668
11.2431 0.323835
11.2464 0.32398
11.2497 0.323983
11.2531 0.32411
11.2564 0.324221
11.2597 0.324194
11.263 0.324169
11.2663 0.324273
11.2696 0.324239
11.2729 0.324209
11.2762 0.324308
11.2796 0.324395
11.2829 0.324345
11.2862 0.324427
11.2895 0.324499
11.2928 0.324436
11.2961 0.324507
11.2994 0.324568
11.3027 0.324497
11.306 0.32456
11.3094 0.324615
11.3127 0.324538
11.316 0.324471
11.3193 0.324537
11.3226 0.32447
11.3259 0.324411
11.3292 0.324485
11.3325 0.324549
11.3359 0.324481
11.3392 0.324546
11.3425 0.324602
11.3458 0.324527
11.3491 0.324586
11.3524 0.324638
11.3557 0.324558
11.359 0.324613
11.3624 0.324662
11.3657 0.324579
11.369 0.324507
11.3723 0.324568
11.3756 0.324497
11.3789 0.32481
11.3822 0.325209
11.3855 0.325558
11.3888 0.325863
11.3922 0.32613
11.3955 0.326364
11.3988 0.326568
11.4021 0.326747
11.4054 0.326904
11.4087 0.327041
11.412 0.327161
11.4153 0.327266
11.4187 0.327357
11.422 0.327313
11.4253 0.327399
11.4286 0.327474
11.4319 0.327415
11.4352 0.327488
11.4385 0.327552
11.4418 0.327608
11.4452 0.327657
11.4485 0.3277
11.4518 0.327737
11.4551 0.32777
11.4584 0.327799
11.4617 0.327824
11.465 0.327846
11.4683 0.327865
11.4716 0.327882
11.475 0.327772
11.4783 0.3278
11.4816 0.327825
11.4849 0.327722
11.4882 0.327757
11.4915 0.327787
11.4948 0.327814
11.4981 0.327837
11.5015 0.327857
11.5048 0.327875
11.5081 0.327891
11.5114 0.327905
11.5147 0.327916
11.518 0.327927
11.5213 0.327936
11.5246 0.327944
11.528 0.327826
11.5313 0.327848
11.5346 0.327867
11.5379 0.327883
11.5412 0.327898
11.5445 0.327911
11.5478 0.328297
11.5511 0.32876
11.5544 0.32904
11.5578 0.329285
11.5611 0.329624
11.5644 0.329796
11.5677 0.329947
11.571 0.330203
11.5743 0.330303
11.5776 0.33039
11.5809 0.330466
11.5843 0.330533
11.5876 0.330591
11.5909 0.330642
11.5942 0.330812
11.5975 0.330836
11.6008 0.330856
11.6041 0.330999
11.6074 0.330999
11.6108 0.330999
11.6141 0.331124
11.6174 0.331109
11.6207 0.331095
11.624 0.331083
11.6273 0.331073
11.6306 0.331064
11.6339 0.331056
11.6372 0.331049
11.6406 0.331043
11.6439 0.331037
11.6472 0.331158
11.6505 0.331138
11.6538 0.331121
11.6571 0.331231
11.6604 0.331202
11.6637 0.331177
11.6671 0.33128
11.6704 0.331245
11.6737 0.331214
11.677 0.331187
11.6803 0.331164
11.6836 0.331143
11.6869 0.331125
11.6902 0.33111
11.6936 0.331096
11.6969 0.331084
11.7002 0.331199
11.7035 0.331174
11.7068 0.331152
11.7101 0.331258
11.7134 0.331226
11.7167 0.331573
11.72 0.332001
11.7234 0.332376
11.7267 0.332579
11.73 0.332757
11.7333 0.333037
11.7366 0.333157
11.7399 0.333263
11.7432 0.33348
11.7465 0.333545
11.7499 0.333602
11.7532 0.333777
11.7565 0.333929
11.7598 0.333938
11.7631 0.334071
11.7664 0.334187
11.7697 0.334164
11.773 0.334268
11.7764 0.33436
11.7797 0.334315
11.783 0.334275
11.7863 0.334366
11.7896 0.33432
11.7929 0.33428
11.7962 0.33437
11.7995 0.334324
11.8028 0.334283
11.8062 0.334373
11.8095 0.334451
11.8128 0.334395
11.8161 0.334471
11.8194 0.334537
11.8227 0.33447
11.826 0.334536
11.8293 0.334594
11.8327 0.33452
11.836 0.334455
11.8393 0.334523
11.8426 0.334458
11.8459 0.3344
11.8492 0.334475
11.8525 0.334416
11.8558 0.334364
11.8592 0.334443
11.8625 0.334513
11.8658 0.334449
11.8691 0.334518
11.8724 0.334578
11.8757 0.334506
11.879 0.334568
11.8823 0.334622
11.8856 0.335044
11.889 0.335288
11.8923 0.335627
11.8956 0.335924
11.8989 0.336058
11.9022 0.336301
11.9055 0.336514
11.9088 0.336574
11.9121 0.336753
11.9155 0.336908
11.9188 0.337045
11.9221 0.337164
11.9254 0.337269
11.9287 0.33736
11.932 0.33744
11.9353 0.33751
11.9386 0.337571
11.942 0.3375
11.9453 0.337562
11.9486 0.337617
11.9519 0.33754
11.9552 0.337597
11.9585 0.337648
11.9618 0.337692
11.9651 0.33773
11.9684 0.337764
11.9718 0.337794
11.9751 0.337819
11.9784 0.337842
11.9817 0.337862
11.985 0.337879
11.9883 0.337894
11.9916 0.337907
11.9949 0.337794
11.9983 0.33782
12.0016 0.337842
12.0049 0.337737
12.0082 0.33777
12.0115 0.337799
12.0148 0.337824
12.0181 0.337846
12.0214 0.337865
12.0248 0.337882
12.0281 0.337897
12.0314 0.33791
12.0347 0.337921
12.038 0.337806
12.0413 0.33783
12.0446 0.337851
12.0479 0.337745
12.0512 0.337777
12.0546 0.33818
12.0579 0.338532
12.0612 0.338841
12.0645 0.339111
12.0678 0.339347
12.0711 0.339678
12.0744 0.339844
12.0777 0.339988
12.0811 0.34024
12.0844 0.340335
12.0877 0.340418
12.091 0.340491
12.0943 0.340554
12.0976 0.34061
12.1009 0.340659
12.1042 0.340701
12.1076 0.340739
12.1109 0.340771
12.1142 0.3408
12.1175 0.340825
12.1208 0.340847
12.1241 0.340991
12.1274 0.340992
12.1307 0.340993
12.134 0.341119
12.1374 0.341104
12.1407 0.341091
12.144 0.34108
12.1473 0.34107
12.1506 0.341061
12.1539 0.341053
12.1572 0.341047
12.1605 0.341041
12.1639 0.341036
12.1672 0.341031
12.1705 0.341027
12.1738 0.341024
12.1771 0.341146
12.1804 0.341128
12.1837 0.341112
12.187 0.341223
12.1904 0.341195
12.1937 0.341171
12.197 0.341149
12.2003 0.341131
12.2036 0.341114
12.2069 0.3411
12.2102 0.341087
12.2135 0.341077
12.2168 0.341067
12.2202 0.341059
12.2235 0.341426
12.2268 0.341748
12.2301 0.342154
12.2334 0.34251
12.2367 0.342696
12.24 0.342984
12.2433 0.343236
12.2467 0.343332
12.25 0.343415
12.2533 0.343613
12.2566 0.343662
12.2599 0.343704
12.2632 0.343866
12.2665 0.343883
12.2698 0.343897
12.2732 0.344035
12.2765 0.344031
12.2798 0.344027
12.2831 0.344149
12.2864 0.344255
12.2897 0.344223
12.293 0.34432
12.2963 0.344405
12.2996 0.344355
12.303 0.34431
12.3063 0.344396
12.3096 0.344347
12.3129 0.344304
12.3162 0.344391
12.3195 0.344342
12.3228 0.344299
12.3261 0.344387
12.3295 0.344338
12.3328 0.344296
12.3361 0.344384
12.3394 0.344461
12.3427 0.344403
12.346 0.344478
12.3493 0.344543
12.3526 0.344475
12.356 0.344416
12.3593 0.344489
12.3626 0.344428
12.3659 0.344374
12.3692 0.344453
12.3725 0.344396
12.3758 0.344346
12.3791 0.344428
12.3824 0.3445
12.3858 0.344437
12.3891 0.344508
12.3924 0.344944
12.3957 0.345326
12.399 0.34566
12.4023 0.345953
12.4056 0.346209
12.4089 0.346308
12.4123 0.346519
12.4156 0.346704
12.4189 0.346741
12.4222 0.346899
12.4255 0.347036
12.4288 0.347032
12.4321 0.347153
12.4354 0.347259
12.4388 0.347351
12.4421 0.347432
12.4454 0.347503
12.4487 0.347565
12.452 0.347495
12.4553 0.347558
12.4586 0.347613
12.4619 0.347537
12.4652 0.347594
12.4686 0.347645
12.4719 0.347565
12.4752 0.347619
12.4785 0.347667
12.4818 0.347583
12.4851 0.347635
12.4884 0.347681
12.4917 0.347721
12.4951 0.347756
12.4984 0.347786
12.5017 0.347813
12.505 0.347711
12.5083 0.347747
12.5116 0.347779
12.5149 0.347682
12.5182 0.347721
12.5216 0.347756
12.5249 0.347662
12.5282 0.347704
12.5315 0.347741
12.5348 0.347648
12.5381 0.347692
12.5414 0.347731
12.5447 0.347764
12.548 0.347794
12.5514 0.34782
12.5547 0.347842
12.558 0.347737
12.5613 0.348145
12.5646 0.348502
12.5679 0.348814
12.5712 0.349087
12.5745 0.349326
12.5779 0.349536
12.5812 0.349719
12.5845 0.349879
12.5878 0.350019
12.5911 0.350142
12.5944 0.350249
12.5977 0.350343
12.601 0.35055
12.6044 0.350606
12.6077 0.350655
12.611 0.350698
12.6143 0.350736
12.6176 0.350769
12.6209 0.350798
12.6242 0.350823
12.6275 0.350845
12.6308 0.350865
12.6342 0.350882
12.6375 0.350896
12.6408 0.350909
12.6441 0.350921
12.6474 0.350931
12.6507 0.350939
12.654 0.351072
12.6573 0.351063
12.6607 0.351055
12.664 0.351048
12.6673 0.351042
12.6706 0.351037
12.6739 0.351032
12.6772 0.351028
12.6805 0.351025
12.6838 0.351022
12.6872 0.351019
12.6905 0.351017
12.6938 0.351014
12.6971 0.351013
12.7004 0.351011
12.7037 0.35101
12.707 0.351133
12.7103 0.351117
12.7136 0.351102
12.717 0.351089
12.7203 0.351078
12.7236 0.351068
12.7269 0.35106
12.7302 0.351552
12.7335 0.351858
12.7368 0.352126
12.7401 0.352485
12.7435 0.352675
12.7468 0.35284
12.7501 0.35311
12.7534 0.353221
12.7567 0.353319
12.76 0.353529
12.7633 0.353713
12.7666 0.353749
12.77 0.35378
12.7733 0.353933
12.7766 0.353941
12.7799 0.353948
12.7832 0.35408
12.7865 0.35407
12.7898 0.354061
12.7931 0.354178
12.7964 0.354156
12.7998 0.354137
12.8031 0.354245
12.8064 0.354339
12.8097 0.354297
12.813 0.354385
12.8163 0.354461
12.8196 0.354404
12.8229 0.354353
12.8263 0.354434
12.8296 0.35438
12.8329 0.354332
12.8362 0.354416
12.8395 0.354364
12.8428 0.354318
12.8461 0.354404
12.8494 0.354353
12.8528 0.354309
12.8561 0.354395
12.8594 0.354471
12.8627 0.354412
12.866 0.354361
12.8693 0.35444
12.8726 0.354385
12.8759 0.354337
12.8792 0.35442
12.8826 0.354368
12.8859 0.354322
12.8892 0.354406
12.8925 0.354356
12.8958 0.354311
12.8991 0.354772
12.9024 0.355176
12.9057 0.355404
12.9091 0.355728
12.9124 0.356012
12.9157 0.356261
12.919 0.356353
12.9223 0.356559
12.9256 0.356739
12.9289 0.356772
12.9322 0.356925
12.9356 0.35706
12.9389 0.357052
12.9422 0.357171
12.9455 0.357274
12.9488 0.35724
12.9521 0.357335
12.9554 0.357418
12.9587 0.357366
12.962 0.357445
12.9654 0.357514
12.9687 0.357575
12.972 0.357503
12.9753 0.357565
12.9786 0.35762
12.9819 0.357542
12.9852 0.357599
12.9885 0.35765
12.9919 0.357568
12.9952 0.357622
12.9985 0.35767
13.0018 0.357586
13.0051 0.357638
13.0084 0.357683
13.0117 0.357598
13.015 0.357648
13.0184 0.357692
13.0217 0.35773
13.025 0.357639
13.0283 0.357684
13.0316 0.357724
13.0349 0.357633
13.0382 0.357679
13.0415 0.357719
13.0448 0.357629
13.0482 0.357676
13.0515 0.357716
13.0548 0.357627
13.0581 0.357673
13.0614 0.357714
13.0647 0.357625
13.068 0.358047
13.0713 0.358416
13.0747 0.358739
13.7553 0.353897
13.7586 0.349534
13.7619 0.345718
13.7652 0.342503
13.7685 0.339565
13.7718 0.336994
13.7751 0.33487
13.7785 0.333011
13.7818 0.33126
13.7851 0.329852
13.7884 0.328621
13.7917 0.327418
13.795 0.326491
13.7983 0.32568
13.8016 0.324845
13.805 0.324114
13.8099 0.323725
13.8132 0.323384
13.8165 0.323086
13.8199 0.322825
13.8232 0.322597
13.8265 0.322398
13.8298 0.322223
13.8331 0.322195
13.8364 0.322046
13.8397 0.321915
13.843 0.321926
13.8464 0.32181
13.8497 0.321709
13.853 0.32162
13.8563 0.321543
13.8596 0.321475
13.8629 0.32154
13.8662 0.321723
13.8695 0.321882
13.8728 0.321897
13.8762 0.322035
13.8795 0.322156
13.8828 0.322261
13.8861 0.322354
13.8894 0.322434
13.8927 0.322505
13.896 0.322567
13.8993 0.322621
13.9027 0.322668
13.906 0.322585
13.9093 0.322637
13.9126 0.322682
13.9159 0.322597
13.9192 0.322647
13.9225 0.322941
13.9258 0.323574
13.9292 0.324627
13.9325 0.325924
13.9358 0.327433
13.9391 0.329254
13.9424 0.331222
13.9457 0.333319
13.949 0.335655
13.9523 0.338073
13.9556 0.340564
13.959 0.343118
13.9623 0.345853
13.9656 0.348622
13.9689 0.350919
13.9722 0.353054
13.9755 0.354922
13.9788 0.356432
13.9821 0.357878
13.9855 0.359143
13.9888 0.360125
13.9921 0.36111
13.9954 0.361971
13.9987 0.3626
14.002 0.363275
14.0053 0.363865
14.0086 0.364257
14.012 0.3646
14.0153 0.365025
14.0186 0.365397
14.0219 0.365597
14.0252 0.365898
14.0285 0.36616
14.0318 0.366265
14.0351 0.366482
14.0384 0.366672
14.0418 0.366713
14.0451 0.361749
14.0484 0.35778
14.0517 0.354683
14.055 0.352472
14.0583 0.350913
14.0616 0.349924
14.0649 0.349434
14.0683 0.349504
14.0716 0.349941
14.0749 0.350699
14.0782 0.347236
14.0815 0.344207
14.0848 0.341556
14.0881 0.339236
14.0914 0.337207
14.0948 0.335431
14.0981 0.333877
14.1014 0.332518
14.1047 0.331328
14.108 0.330162
14.1113 0.329267
14.1146 0.328483
14.1179 0.327673
14.1212 0.327089
14.1246 0.326578
14.1279 0.32613
14.1312 0.325614
14.1345 0.325037
14.1378 0.324533
14.1411 0.324216
14.1444 0.323814
14.1477 0.323462
14.1511 0.32328
14.1544 0.322995
14.1577 0.322745
14.161 0.322527
14.1643 0.322336
14.1676 0.322169
14.1709 0.322023
14.1742 0.32202
14.1776 0.321893
14.1809 0.321781
14.1842 0.321808
14.1875 0.321707
14.1908 0.321619
14.1941 0.321667
14.1974 0.321583
14.2007 0.32151
14.204 0.321572
14.2074 0.3215
14.2107 0.321438
14.214 0.321383
14.2173 0.321335
14.2206 0.321293
14.2239 0.321257
14.2272 0.321349
14.2305 0.321306
14.2339 0.321268
14.2372 0.321359
14.2405 0.321314
14.2438 0.321275
14.2471 0.321366
14.2504 0.32132
14.2537 0.32128
14.257 0.32137
14.2604 0.321324
14.2637 0.321283
14.267 0.321248
14.2703 0.321217
14.2736 0.32119
14.2769 0.321166
14.2802 0.32127
14.2835 0.321236
14.2868 0.321207
14.2902 0.321306
14.2935 0.321268
14.2968 0.321234
14.3001 0.32133
14.3034 0.321289
14.3067 0.321253
14.31 0.321346
14.3133 0.321303
14.3167 0.321265
14.32 0.321232
14.3233 0.321203
14.3266 0.321178
14.3299 0.321155
14.3332 0.321261
14.3365 0.321228
14.3398 0.3212
14.3432 0.3213
14.3465 0.321262
14.3498 0.32123
14.3531 0.321326
14.3564 0.321285
14.3597 0.321249
14.363 0.321343
14.3663 0.3213
14.3696 0.321263
14.373 0.32123
14.3763 0.321201
14.3796 0.321176
14.3829 0.321529
14.3862 0.321963
14.3895 0.322343
14.3928 0.32255
14.3961 0.322856
14.3995 0.323124
14.4028 0.323234
14.4061 0.323454
14.4094 0.323648
14.4127 0.323692
14.416 0.323855
14.4193 0.323998
14.4226 0.323998
14.4259 0.323999
14.4293 0.324124
14.4326 0.324233
14.4359 0.324204
14.4392 0.324304
14.4425 0.324391
14.4458 0.324342
14.4491 0.324424
14.4524 0.324496
14.4558 0.324434
14.4591 0.324505
14.4624 0.324567
14.4657 0.324496
14.469 0.324559
14.4723 0.324614
14.4756 0.324537
14.4789 0.32447
14.4823 0.324536
14.4856 0.324594
14.4889 0.32452
14.4922 0.32458
14.4955 0.324633
14.4988 0.324553
14.5021 0.324609
14.5054 0.324658
14.5087 0.324576
14.5121 0.324629
14.5154 0.324675
14.5187 0.324591
14.522 0.324517
14.5253 0.324577
14.5286 0.324505
14.5319 0.324442
14.5352 0.324512
14.5386 0.324573
14.5419 0.324501
14.5452 0.324564
14.5485 0.324618
14.5518 0.325041
14.5551 0.325411
14.5584 0.325734
14.5617 0.326018
14.5651 0.326265
14.5684 0.326482
14.5717 0.326672
14.575 0.326713
14.5783 0.326874
14.5816 0.327015
14.5849 0.327013
14.5882 0.327136
14.5915 0.327244
14.5949 0.327339
14.5982 0.327421
14.6015 0.327494
14.6048 0.327557
14.6081 0.327612
14.6114 0.327661
14.6147 0.327703
14.618 0.32774
14.6214 0.327773
14.6247 0.327801
14.628 0.327701
14.6313 0.327738
14.6346 0.327771
14.6379 0.327675
14.6412 0.327715
14.6445 0.327751
14.6479 0.327782
14.6512 0.327809
14.6545 0.327833
14.6578 0.327854
14.6611 0.327872
14.6644 0.327888
14.6677 0.327902
14.671 0.327914
14.6743 0.327925
14.6777 0.327934
14.681 0.327818
14.6843 0.32784
14.6876 0.32786
14.6909 0.327753
14.6942 0.327784
14.6975 0.327811
14.7008 0.327834
14.7042 0.327855
14.7075 0.327873
14.7108 0.327889
14.7141 0.327903
14.7174 0.327915
14.7207 0.328301
14.724 0.328763
14.7273 0.329043
14.7307 0.329287
14.734 0.329501
14.7373 0.329689
14.7406 0.329853
14.7439 0.329996
14.7472 0.330122
14.7505 0.330231
14.7538 0.330327
14.7571 0.330537
14.7605 0.330594
14.7638 0.330645
14.7671 0.330815
14.7704 0.330838
14.7737 0.330858
14.777 0.331001
14.7803 0.331001
14.7836 0.331001
14.787 0.331
14.7903 0.331
14.7936 0.331
14.7969 0.331
14.8002 0.331
14.8035 0.331
14.8068 0.331
14.8101 0.331125
14.8135 0.33111
14.8168 0.331096
14.8201 0.331209
14.8234 0.331183
14.8267 0.33116
14.83 0.331265
14.8333 0.331232
14.8366 0.331203
14.8399 0.331177
14.8433 0.331155
14.8466 0.331136
14.8499 0.331119
14.8532 0.331229
14.8565 0.3312
14.8598 0.331175
14.8631 0.331278
14.8664 0.331244
14.8698 0.331213
14.8731 0.331312
14.8764 0.331273
14.8797 0.331239
14.883 0.331334
14.8863 0.331292
14.8896 0.33163
14.8929 0.331927
14.8963 0.332311
14.8996 0.332522
14.9029 0.332707
14.9062 0.332993
14.9095 0.333244
14.9128 0.333339
14.9161 0.333546
14.9194 0.333728
14.9227 0.333762
14.9261 0.333917
14.9294 0.334052
14.9327 0.334046
14.936 0.33404
14.9393 0.33416
14.9426 0.33414
14.9459 0.334122
14.9492 0.334232
14.9526 0.334203
14.9559 0.334178
14.9592 0.334281
14.9625 0.33437
14.9658 0.334324
14.9691 0.334409
14.9724 0.334483
14.9757 0.334422
14.9791 0.334494
14.9824 0.334558
14.9857 0.334488
14.989 0.334427
14.9923 0.334499
14.9956 0.334436
14.9989 0.334382
