0.0 0
0.0905768 4294967295
0.182886 4294967295
0.276809 4294967295
0.370731 4294967295
0.462998 4294967295
0.46631 4294967295
0.55692 4294967295
0.560232 4294967295
0.563544 4294967295
0.650842 4294967295
0.654154 4294967295
0.657466 4294967295
0.660778 4294967295
0.743109 4294967295
0.746421 4294967295
0.749733 4294967295
0.753045 4294967295
0.756357 4294967295
0.759669 4294967295
0.835375 4294967295
0.838687 4294967295
0.841999 4294967295
0.845311 4294967295
0.848623 4294967295
0.851935 4294967295
0.855247 4294967295
0.858559 4294967295
0.861871 4294967295
0.927642 4294967295
0.930954 4294967295
0.934266 4294967295
0.937578 4294967295
0.94089 4294967295
0.944202 4294967295
0.947514 4294967295
0.950826 4294967295
0.954138 4294967295
0.95745 4294967295
0.960762 4294967295
0.964074 4294967295
0.967386 4294967295
0.970698 4294967295
1.02156 4294967295
1.02488 4294967295
1.02819 4294967295
1.0315 4294967295
1.03481 4294967295
1.03812 4294967295
1.04144 4294967295
1.04475 4294967295
1.04806 4294967295
1.05137 4294967295
1.05468 4294967295
1.058 4294967295
1.06131 4294967295
1.06462 4294967295
1.06793 4294967295
1.07124 4294967295
1.07456 4294967295
1.07787 4294967295
1.08118 4294967295
1.08449 4294967295
1.0878 4294967295
1.11549 4294967295
1.1188 4294967295
1.12211 4294967295
1.12542 4294967295
1.12873 4294967295
1.13205 4294967295
1.13536 4294967295
1.13867 4294967295
1.14198 4294967295
1.14529 4294967295
1.14861 4294967295
1.15192 4294967295
1.15523 4294967295
1.15854 4294967295
1.16185 4294967295
1.16517 4294967295
1.16848 4294967295
1.17179 4294967295
1.1751 4294967295
1.17841 4294967295
1.18173 4294967295
1.18504 4294967295
1.18835 4294967295
1.19166 4294967295
1.19497 4294967295
1.19829 4294967295
1.2016 4294967295
1.20491 4294967295
1.20822 4294967295
1.21153 4294967295
1.21485 4294967295
1.21816 4294967295
1.22147 4294967295
1.22478 4294967295
1.22809 4294967295
1.23141 4294967295
1.23472 4294967295
1.23803 4294967295
1.24134 4294967295
1.24465 4294967295
1.24797 4294967295
1.25128 4294967295
1.25459 4294967295
1.2579 4294967295
1.26121 4294967295
1.26453 4294967295
1.26784 4294967295
1.27115 4294967295
1.27446 4294967295
1.27777 4294967295
1.28109 4294967295
1.2844 4294967295
1.28771 4294967295
1.29102 4294967295
1.29433 4294967295
1.29765 4294967295
1.30096 4294967295
1.30427 4294967295
1.30758 4294967295
1.31089 4294967295
1.31421 4294967295
1.31752 4294967295
1.32083 4294967295
1.32414 4294967295
1.32745 4294967295
1.33077 4294967295
1.33408 4294967295
1.33739 4294967295
1.3407 4294967295
1.34401 4294967295
1.34733 4294967295
1.35064 4294967295
1.35395 4294967295
1.35726 4294967295
1.36057 4294967295
1.36389 4294967295
1.3672 4294967295
1.37051 4294967295
1.37382 4294967295
1.37713 4294967295
1.38045 4294967295
1.38376 4294967295
1.38707 4294967295
1.39038 4294967295
1.39369 4294967295
1.39701 4294967295
1.40032 4294967295
1.40363 4294967295
1.40694 4294967295
1.41025 4294967295
1.41357 4294967295
1.41688 4294967295
1.42019 4294967295
1.4235 4294967295
1.42681 4294967295
1.43013 4294967295
1.43344 4294967295
1.43675 4294967295
1.44006 4294967295
1.44337 4294967295
1.44669 4294967295
1.45 4294967295
1.45331 4294967295
1.45662 4294967295
1.45993 4294967295
1.46325 4294967295
1.46656 4294967295
1.46987 4294967295
1.47318 4294967295
1.47649 4294967295
1.47981 4294967295
1.48312 4294967295
1.48643 4294967295
1.48974 4294967295
1.49305 4294967295
1.49637 4294967295
1.49968 4294967295
1.50299 4294967295
1.5063 4294967295
1.50961 4294967295
1.51293 4294967295
1.51624 4294967295
1.51955 4294967295
1.52286 4294967295
1.52617 4294967295
1.52949 4294967295
1.5328 4294967295
1.53611 4294967295
1.53942 4294967295
1.54273 4294967295
1.54605 4294967295
1.54936 4294967295
1.55267 4294967295
1.55598 4294967295
1.55929 4294967295
1.56261 4294967295
1.56592 4294967295
1.56923 4294967295
1.57254 4294967295
1.57585 4294967295
1.57917 4294967295
1.58248 4294967295
1.58579 4294967295
1.5891 4294967295
1.59241 4294967295
1.59573 4294967295
1.59904 4294967295
1.60235 4294967295
1.60566 4294967295
1.60897 4294967295
1.61229 4294967295
1.6156 4294967295
1.61891 4294967295
1.62222 4294967295
1.62553 4294967295
1.62885 4294967295
1.63216 4294967295
1.63547 4294967295
1.63878 4294967295
1.64209 4294967295
1.64541 4294967295
1.64872 4294967295
1.65203 4294967295
1.65534 4294967295
1.65865 4294967295
1.66197 4294967295
1.66528 4294967295
1.66859 4294967295
1.6719 4294967295
1.67521 4294967295
1.67853 4294967295
1.68184 4294967295
1.68515 4294967295
1.68846 4294967295
1.69177 4294967295
1.69509 4294967295
1.6984 4294967295
1.70171 4294967295
1.70502 4294967295
1.70833 4294967295
1.71165 4294967295
1.71496 4294967295
1.71827 4294967295
1.72158 4294967295
1.72489 4294967295
1.72821 4294967295
1.73152 4294967295
1.73483 4294967295
1.73814 4294967295
1.74145 4294967295
1.74477 4294967295
1.74808 4294967295
1.75139 4294967295
1.7547 4294967295
1.75801 4294967295
1.76133 4294967295
1.76464 4294967295
1.76795 4294967295
1.77126 4294967295
1.77457 4294967295
1.77789 4294967295
1.7812 4294967295
1.78451 4294967295
1.78782 4294967295
1.79113 4294967295
1.79445 4294967295
1.7978 4294967295
1.80111 84240
1.80111 84240
2.57619 73440
2.57619 73440
3.27006 64080
3.27006 64080
4.28827 55800
4.28827 55800
4.39945 55800
4.49183 55800
4.49349 55800
4.58421 55800
4.58587 55800
4.67648 55800
4.67979 55800
4.6831 55800
4.7704 55800
4.77371 55800
4.77702 55800
4.78034 55800
4.86267 55800
4.86598 55800
4.86929 55800
4.8726 55800
4.87591 55800
4.87923 55800
4.95493 55800
4.95824 55800
4.96156 55800
4.96487 55800
4.96818 55800
4.97149 55800
4.9748 55800
4.97812 55800
4.98143 55800
5.0472 55800
5.05051 55800
5.05382 55800
5.05713 55800
5.06045 55800
5.06376 55800
5.06707 55800
5.07038 55800
5.07369 55800
5.07701 55800
5.08032 55800
5.08363 55800
5.08694 55800
5.09025 55800
5.14112 55800
5.14443 55800
5.14775 55800
5.15106 55800
5.15437 55800
5.15768 55800
5.16099 55800
5.16431 55800
5.16762 55800
5.17093 55800
5.17424 55800
5.17755 55800
5.18087 55800
5.18418 55800
5.18749 55800
5.1908 55800
5.19411 55800
5.19743 55800
5.20074 55800
5.20405 55800
5.20736 55800
5.23504 55800
5.23836 55800
5.24167 55800
5.24498 55800
5.24829 55800
5.2516 55800
5.25492 55800
5.25823 55800
5.26154 55800
5.26485 55800
5.26816 55800
5.27148 55800
5.27479 55800
5.2781 55800
5.28141 55800
5.28472 55800
5.28804 55800
5.29135 55800
5.29466 55800
5.29797 55800
5.30128 55800
5.3046 55800
5.30791 55800
5.31122 55800
5.31453 55800
5.31784 55800
5.32116 55800
5.32447 55800
5.32778 55800
5.33109 55800
5.3344 55800
5.33772 55800
5.34103 55800
5.34434 55800
5.34765 55800
5.35096 55800
5.35428 55800
5.35759 55800
5.3609 55800
5.36421 55800
5.36752 55800
5.37084 55800
5.37415 55800
5.37746 55800
5.38077 55800
5.38408 55800
5.3874 55800
5.39071 55800
5.39402 55800
5.39733 55800
5.40064 55800
5.40396 55800
5.40727 55800
5.41058 55800
5.41389 55800
5.4172 55800
5.42052 55800
5.42383 55800
5.42714 55800
5.43045 55800
5.43376 55800
5.43708 55800
5.44039 55800
5.4437 55800
5.44701 55800
5.45032 55800
5.45364 55800
5.45695 55800
5.46026 55800
5.46357 55800
5.46688 55800
5.4702 55800
5.47351 55800
5.47682 55800
5.48013 55800
5.48344 55800
5.48676 55800
5.49007 55800
5.49338 55800
5.49669 55800
5.5 55800
5.50332 55800
5.50663 55800
5.50994 55800
5.51325 55800
5.51656 55800
5.51988 55800
5.52319 55800
5.5265 55800
5.52981 55800
5.53312 55800
5.53644 55800
5.61924 55800
5.70204 55800
5.78484 55800
5.86764 55800
5.95044 55800
6.03324 55800
6.11604 55800
6.19883 55800
6.28163 55800
6.36443 55800
6.39594 51120
6.39594 51120
6.8927 51120
6.98047 51120
7.06658 51120
7.14938 51120
7.23218 51120
7.31498 51120
7.39778 51120
7.48058 51120
7.56338 51120
7.64618 51120
7.72898 51120
7.81178 51120
7.89458 51120
7.97738 51120
8.06018 51120
8.14298 51120
8.22578 51120
8.30858 51120
8.39138 51120
8.47418 51120
8.55698 51120
8.63978 51120
8.72258 51120
8.75408 51120
9.25084 51120
9.33861 51120
9.42472 51120
9.50752 51120
9.59032 51120
9.67312 51120
9.75592 51120
9.83872 51120
9.92152 51120
10.0043 51120
10.0871 51120
10.1699 51120
10.2527 51120
10.3355 51120
10.4183 51120
10.5011 51120
10.5839 51120
10.6667 51120
10.7495 51120
10.8323 51120
10.9151 51120
10.9979 51120
11.0807 51120
11.1122 51120
11.609 51120
11.6968 51120
11.7829 51120
11.8657 51120
11.9485 51120
12.0313 51120
12.1141 51120
12.1969 51120
12.2797 51120
12.3625 51120
12.4453 51120
12.5281 51120
