0.0905768 1
0.182886 361
0.276809 1081
0.370731 1801
0.462998 2521
0.46631 3241
0.55692 3961
0.560232 4681
0.563544 5401
0.650842 6121
0.654154 6841
0.657466 7561
0.660778 8281
0.743109 9001
0.746421 9721
0.749733 10441
0.753045 11161
0.756357 11881
0.759669 12601
0.835375 13321
0.838687 14041
0.841999 14761
0.845311 15481
0.848623 16201
0.851935 16921
0.855247 17641
0.858559 18361
0.861871 19081
0.927642 19801
0.930954 20521
0.934266 21241
0.937578 21961
0.94089 22681
0.944202 23401
0.947514 24121
0.950826 24841
0.954138 25561
0.95745 26281
0.960762 27001
0.964074 27721
0.967386 28441
0.970698 29161
1.02156 29881
1.02488 30601
1.02819 31321
1.0315 32041
1.03481 32761
1.03812 33481
1.04144 34201
1.04475 34921
1.04806 35641
1.05137 36361
1.05468 37081
1.058 37801
1.06131 38521
1.06462 39241
1.06793 39961
1.07124 40681
1.07456 41401
1.08118 42841
1.08449 43561
1.0878 44281
1.11549 45001
1.1188 45721
1.12211 46441
1.12542 47161
1.12873 47881
1.13205 48601
1.13536 49321
1.13867 50041
1.14198 50761
1.14529 51481
1.14861 52201
1.15192 52921
1.15523 53641
1.15854 54361
1.16185 55081
1.16517 55801
1.16848 56521
1.17179 57241
1.1751 57961
1.17841 58681
1.18173 59401
1.18504 60121
1.18835 60841
1.19166 61561
1.19497 62281
1.19829 63001
1.2016 63721
1.20491 64441
1.20822 65161
1.21153 65881
1.21485 66601
1.21816 67321
1.22147 68041
1.22478 68761
1.22809 69481
1.23141 70201
1.23472 70921
1.23803 71641
1.24134 72361
1.24465 73081
1.24797 73801
1.25128 74521
1.25459 75241
1.2579 75961
1.26121 76681
1.26453 77401
1.26784 78121
1.27115 78841
1.27446 79561
1.27777 80281
1.28109 81001
1.2844 81721
1.28771 82441
1.29102 83161
1.29433 83881
1.29765 84601
1.30096 85321
1.30427 86041
1.30758 86761
1.31089 87481
1.31421 88201
1.31752 88921
1.32083 89641
1.5328 135361
1.53611 136081
1.53942 136801
1.54273 137521
1.54605 138241
1.54936 138961
1.55267 139681
1.55598 140401
1.55929 141121
1.56261 141841
1.56592 142561
1.56923 143281
1.57254 144001
1.57585 144721
1.57917 145441
1.58248 146161
1.58579 146881
1.5891 147601
1.59241 148321
1.59573 149041
1.59904 149761
1.60235 150481
1.70833 173161
1.75593 173881
1.75924 174601
1.76255 175321
1.76586 176041
1.76917 176761
1.77249 177481
1.7758 178201
1.77911 178921
1.78242 179641
1.78573 180361
1.78905 181081
1.79236 181801
1.79567 182521
1.79898 183241
1.84819 183961
1.85151 184681
1.85482 185401
1.85813 186121
1.86144 186841
1.86475 187561
1.86807 188281
1.87138 189001
1.87469 189721
1.878 190441
1.88131 191161
1.88463 191881
1.88794 192601
1.89125 193321
1.94046 194041
1.94377 194761
1.94708 195481
1.9504 196201
1.95371 196921
1.95702 197641
1.96033 198361
1.96364 199081
1.96696 199801
1.97027 200521
1.97358 201241
1.97689 201961
1.9802 202681
1.98352 203401
1.98683 204121
2.03438 204841
2.03769 205561
2.04101 206281
2.04432 207001
2.04763 207721
2.05425 209161
2.05757 209881
2.06088 210601
2.06419 211321
2.0675 212041
2.07081 212761
2.07413 213481
2.07744 214201
2.08075 214921
2.1283 215641
2.13162 216361
2.13493 217081
2.13824 217801
2.14155 218521
2.14652 219241
2.14983 219961
2.15314 220681
2.15646 221401
2.15977 222121
2.16308 222841
2.16639 223561
2.1697 224281
2.17302 225001
2.17633 225721
2.22057 226441
2.22388 227161
2.22719 227881
2.23051 228601
2.23382 229321
2.23879 230041
2.2421 230761
2.24541 231481
2.24872 232201
2.25203 232921
2.25535 233641
2.25866 234361
2.26197 235081
2.26528 235801
2.26859 236521
2.31284 237241
2.31615 237961
2.31946 238681
2.32277 239401
2.32609 240121
2.33105 240841
2.33437 241561
2.33768 242281
2.34099 243001
2.3443 243721
2.34761 244441
2.35093 245161
2.35424 245881
2.35755 246601
2.36086 247321
2.36417 248041
2.40676 248761
2.41007 249481
2.41338 250201
2.4167 250921
2.42001 251641
2.42498 252361
2.42829 253081
2.4316 253801
2.43491 254521
2.43822 255241
2.44154 255961
2.44485 256681
2.44816 257401
2.45147 258121
2.45478 258841
2.4581 259561
2.50068 260281
2.50399 261001
2.50731 261721
2.51062 262441
2.51393 263161
2.5189 263881
2.52221 264601
2.52552 265321
2.52883 266041
2.53215 266761
2.53546 267481
2.53877 268201
2.54208 268921
2.54539 269641
2.54871 270361
2.55202 271081
2.59295 271801
2.59626 272521
2.59957 273241
2.60288 273961
2.6062 274681
2.61116 275401
2.61448 276121
2.61779 276841
2.6211 277561
2.62441 278281
2.62772 279001
2.63104 279721
2.63435 280441
2.63766 281161
2.64097 281881
2.64428 282601
2.68521 283321
2.68853 284041
2.69184 284761
2.69515 285481
2.69846 286201
2.70343 286921
2.70674 287641
2.71005 288361
2.71337 289081
2.71668 289801
2.71999 290521
2.7233 291241
2.72661 291961
2.72993 292681
2.73324 293401
2.73655 294121
2.73986 294841
2.77914 295561
2.78245 296281
2.78576 297001
2.78907 297721
2.79239 298441
2.79735 299161
2.80067 299881
2.80398 300601
2.80729 301321
2.8106 302041
2.81391 302761
2.81723 303481
2.82054 304201
2.82385 304921
2.82716 305641
2.83047 306361
2.83379 307081
2.87306 307801
2.87637 308521
2.87968 309241
2.883 309961
2.88631 310681
2.89128 311401
2.89459 312121
2.8979 312841
2.90121 313561
2.90452 314281
2.90784 315001
2.91115 315721
2.91446 316441
2.91777 317161
2.92108 317881
2.9244 318601
2.92771 319321
2.96698 320041
2.97029 320761
2.97361 321481
2.97692 322201
2.98023 322921
2.98354 323641
2.98685 324361
2.99017 325081
2.99348 325801
2.99679 326521
3.0001 327241
3.00341 327961
3.00673 328681
3.01004 329401
3.01335 330121
3.01666 330841
3.01997 331561
3.05925 332281
3.06256 333001
3.06587 333721
3.06918 334441
3.0725 335161
3.07581 335881
3.07912 336601
3.08243 337321
3.08574 338041
3.08906 338761
3.09237 339481
3.09568 340201
3.09899 340921
3.1023 341641
3.10562 342361
3.10893 343081
3.11224 343801
3.15151 344521
3.15483 345241
3.15814 345961
3.16145 346681
3.16476 347401
3.16807 348121
3.17139 348841
3.1747 349561
3.17801 350281
3.18132 351001
3.18463 351721
3.18795 352441
3.19126 353161
3.19457 353881
3.19788 354601
3.20119 355321
3.20451 356041
3.20782 356761
3.24544 357481
3.24875 358201
3.25206 358921
3.25537 359641
3.25869 360361
3.262 361081
3.26531 361801
3.26862 362521
3.27193 363241
3.27525 363961
3.27856 364681
3.28187 365401
3.28518 366121
3.28849 366841
3.29181 367561
3.29512 368281
3.29843 369001
3.30174 369721
3.33936 370441
3.34267 371161
3.34598 371881
3.3493 372601
3.35261 373321
3.35592 374041
3.35923 374761
3.36254 375481
3.36586 376201
3.36917 376921
3.37248 377641
3.37579 378361
3.3791 379081
3.38242 379801
3.38573 380521
3.38904 381241
3.39235 381961
3.39566 382681
3.43163 383401
3.43494 384121
3.43825 384841
3.44156 385561
3.44487 386281
3.44819 387001
3.4515 387721
3.45481 388441
3.45812 389161
3.46143 389881
3.46475 390601
3.46806 391321
3.47137 392041
3.47468 392761
3.47799 393481
3.48131 394201
3.48462 394921
3.48793 395641
3.52389 396361
3.5272 397081
3.53052 397801
3.53383 398521
3.53714 399241
3.54045 399961
3.54376 400681
3.54708 401401
3.55039 402121
3.5537 402841
3.55701 403561
3.56032 404281
3.56364 405001
3.56695 405721
3.57026 406441
3.57357 407161
3.57688 407881
3.5802 408601
3.58351 409321
3.61781 410041
3.62113 410761
3.62444 411481
3.62775 412201
3.63106 412921
3.63437 413641
3.63769 414361
3.641 415081
3.64431 415801
3.64762 416521
3.65093 417241
3.65425 417961
3.65756 418681
3.66087 419401
3.66418 420121
3.66749 420841
3.67081 421561
3.67412 422281
3.67743 423001
3.71174 423721
3.71505 424441
3.71836 425161
3.72167 425881
3.72499 426601
3.7283 427321
3.73161 428041
3.73492 428761
3.73823 429481
3.74155 430201
3.74486 430921
3.74817 431641
3.75148 432361
3.75479 433081
3.75811 433801
3.76142 434521
3.76473 435241
3.76804 435961
3.77135 436681
3.804 437401
3.80732 438121
3.81063 438841
3.81394 439561
3.81725 440281
3.82056 441001
3.82388 441721
3.82719 442441
3.8305 443161
3.83381 443881
3.83712 444601
3.84044 445321
3.84375 446041
3.84706 446761
3.85037 447481
3.85368 448201
3.857 448921
3.86031 449641
3.86362 450361
3.89627 451081
3.89958 451801
3.90289 452521
3.90621 453241
3.90952 453961
3.91283 454681
3.91614 455401
3.91945 456121
3.92277 456841
3.92608 457561
3.92939 458281
3.9327 459001
3.93601 459721
3.93933 460441
3.94264 461161
3.94595 461881
3.94926 462601
3.95257 463321
3.95589 464041
3.9592 464761
3.99019 465481
3.9935 466201
3.99682 466921
4.00013 467641
4.00344 468361
4.00675 469081
4.01006 469801
4.01338 470521
4.01669 471241
4.02 471961
4.02331 472681
4.02662 473401
4.02994 474121
4.03325 474841
4.03656 475561
4.03987 476281
4.04318 477001
4.0465 477721
4.04981 478441
4.05312 479161
4.08411 479881
4.08743 480601
4.09074 481321
4.09405 482041
4.09736 482761
4.10067 483481
4.10399 484201
4.1073 484921
4.11061 485641
4.11392 486361
4.11723 487081
4.12055 487801
4.12386 488521
4.12717 489241
4.13048 489961
4.13379 490681
4.13711 491401
4.14042 492121
4.14373 492841
4.14704 493561
4.17804 494281
4.18135 495001
4.18466 495721
4.18797 496441
4.19129 497161
4.1946 497881
4.19791 498601
4.20122 499321
4.20453 500041
4.20785 500761
4.21116 501481
4.21447 502201
4.21778 502921
4.22109 503641
4.22441 504361
4.22772 505081
4.23103 505801
4.23434 506521
4.23765 507241
4.24097 507961
4.2703 508681
4.27362 509401
4.27693 510121
4.28024 510841
4.28355 511561
4.28686 512281
4.29018 513001
4.29349 513721
4.2968 514441
4.30011 515161
4.30342 515881
4.30674 516601
4.31005 517321
4.31336 518041
4.31667 518761
4.31998 519481
4.3233 520201
4.32661 520921
4.32992 521641
4.33323 522361
4.36257 523081
4.36588 523801
4.36919 524521
4.37251 525241
4.37582 525961
4.37913 526681
4.38244 527401
4.38575 528121
4.38907 528841
4.39238 529561
4.39569 530281
4.399 531001
4.40231 531721
4.40563 532441
4.40894 533161
4.41225 533881
4.41556 534601
4.41887 535321
4.42219 536041
4.4255 536761
4.42881 537481
4.45649 538201
4.4598 538921
4.46312 539641
4.46643 540361
4.46974 541081
4.47305 541801
4.47636 542521
4.47968 543241
4.48299 543961
4.4863 544681
4.48961 545401
4.49292 546121
4.49624 546841
4.49955 547561
4.50286 548281
4.50617 549001
4.50948 549721
4.5128 550441
4.51611 551161
4.51942 551881
4.52273 552601
4.55041 553321
4.55373 554041
4.55704 554761
4.56035 555481
4.56366 556201
4.56697 556921
4.57029 557641
4.5736 558361
4.57691 559081
4.58022 559801
4.58353 560521
4.58685 561241
4.59016 561961
4.59347 562681
4.59678 563401
4.60009 564121
4.60341 564841
4.60672 565561
4.61003 566281
4.61334 567001
4.61665 567721
4.64268 568441
4.64599 569161
4.64931 569881
4.65262 570601
4.65593 571321
4.65924 572041
4.66255 572761
4.66587 573481
4.66918 574201
4.67249 574921
4.6758 575641
4.67911 576361
4.68243 577081
4.68574 577801
4.68905 578521
4.69236 579241
4.69567 579961
4.69899 580681
4.7023 581401
4.70561 582121
4.70892 582841
4.73495 583561
4.73826 584281
4.74157 585001
4.74488 585721
4.7482 586441
4.75151 587161
4.75482 587881
4.75813 588601
4.76144 589321
4.76476 590041
4.76807 590761
4.77138 591481
4.77469 592201
4.778 592921
4.78132 593641
4.78463 594361
4.78794 595081
4.79125 595801
4.79456 596521
4.79788 597241
4.80119 597961
4.8045 598681
4.82887 599401
4.83218 600121
4.83549 600841
4.83881 601561
4.84212 602281
4.84543 603001
4.84874 603721
4.85205 604441
4.85537 605161
4.85868 605881
4.86199 606601
4.8653 607321
4.86861 608041
4.87193 608761
4.87524 609481
4.87855 610201
4.88186 610921
4.88517 611641
4.88849 612361
4.8918 613081
4.89511 613801
4.89842 614521
4.92279 615241
4.9261 615961
4.92942 616681
4.93273 617401
4.93604 618121
4.93935 618841
4.94266 619561
4.94598 620281
4.94929 621001
4.9526 621721
4.95591 622441
4.95922 623161
4.96254 623881
4.96585 624601
4.96916 625321
4.97247 626041
4.97578 626761
4.9791 627481
4.98241 628201
4.98572 628921
4.98903 629641
4.99234 630361
5.01506 631081
5.01837 631801
5.02168 632521
5.02499 633241
5.02831 633961
5.03162 634681
5.03493 635401
5.03824 636121
5.04155 636841
5.04487 637561
5.04818 638281
5.05149 639001
5.0548 639721
5.05811 640441
5.06143 641161
5.06474 641881
5.06805 642601
5.07136 643321
5.07467 644041
5.07799 644761
5.0813 645481
5.08461 646201
5.10733 646921
5.11064 647641
5.11395 648361
5.11726 649081
5.12057 649801
5.12389 650521
5.1272 651241
5.13051 651961
5.13382 652681
5.13713 653401
5.14045 654121
5.14376 654841
5.14707 655561
5.15038 656281
5.15369 657001
5.15701 657721
5.16032 658441
5.16363 659161
5.16694 659881
5.17025 660601
5.17357 661321
5.17688 662041
5.19959 662761
5.2029 663481
5.20622 664201
5.20953 664921
5.21284 665641
5.21615 666361
5.21946 667081
5.22278 667801
5.22609 668521
5.2294 669241
5.23271 669961
5.23602 670681
5.23934 671401
5.24265 672121
5.24596 672841
5.24927 673561
5.25258 674281
5.2559 675001
5.25921 675721
5.26252 676441
5.26583 677161
5.26914 677881
5.27246 678601
5.29351 679321
5.29683 680041
5.30014 680761
5.30345 681481
5.30676 682201
5.31007 682921
5.31339 683641
5.3167 684361
5.32001 685081
5.32332 685801
5.32663 686521
5.32995 687241
5.33326 687961
5.33657 688681
5.33988 689401
5.34319 690121
5.34651 690841
5.34982 691561
5.35313 692281
5.35644 693001
5.35975 693721
5.36307 694441
5.36638 695161
5.38744 695881
5.39075 696601
5.39406 697321
5.39737 698041
5.40068 698761
5.404 699481
5.40731 700201
5.41062 700921
5.41393 701641
5.41724 702361
5.42056 703081
5.42387 703801
5.42718 704521
5.43049 705241
5.4338 705961
5.43712 706681
5.44043 707401
5.44374 708121
5.44705 708841
5.45036 709561
5.45368 710281
5.45699 711001
5.4603 711721
5.4797 712441
5.48301 713161
5.48633 713881
5.48964 714601
5.49295 715321
5.49626 716041
5.49957 716761
5.50289 717481
5.5062 718201
5.50951 718921
5.51282 719641
5.51613 720361
5.51945 721081
5.52276 721801
5.52607 722521
5.52938 723241
5.53269 723961
5.53601 724681
5.53932 725401
5.54263 726121
5.54594 726841
5.54925 727561
5.55257 728281
5.57197 729001
5.57528 729721
5.57859 730441
5.58191 731161
5.58522 731881
5.58853 732601
5.59184 733321
5.59515 734041
5.59847 734761
5.60178 735481
5.60509 736201
5.6084 736921
5.61171 737641
5.61503 738361
5.61834 739081
5.62165 739801
5.62496 740521
5.62827 741241
5.63159 741961
5.6349 742681
5.63821 743401
5.64152 744121
5.64483 744841
5.64815 745561
5.66589 746281
5.6692 747001
5.67252 747721
5.67583 748441
5.67914 749161
5.68245 749881
5.68576 750601
5.68908 751321
5.69239 752041
5.6957 752761
5.69901 753481
5.70232 754201
5.70564 754921
5.70895 755641
5.71226 756361
5.71557 757081
5.71888 757801
5.7222 758521
5.72551 759241
5.72882 759961
5.73213 760681
5.73544 761401
5.73876 762121
5.74207 762841
5.75981 763561
5.76313 764281
5.76644 765001
5.76975 765721
5.77306 766441
5.77637 767161
5.77969 767881
5.783 768601
5.78631 769321
5.78962 770041
5.79293 770761
5.79625 771481
5.79956 772201
5.80287 772921
5.80618 773641
5.80949 774361
5.81281 775081
5.81612 775801
5.81943 776521
5.82274 777241
5.82605 777961
5.82937 778681
5.83268 779401
5.83599 780121
5.85208 780841
5.85539 781561
5.8587 782281
5.86202 783001
5.86533 783721
5.86864 784441
5.87195 785161
5.87526 785881
5.87858 786601
5.88189 787321
5.8852 788041
5.88851 788761
5.89182 789481
5.89514 790201
5.89845 790921
5.90176 791641
5.90507 792361
5.90838 793081
5.9117 793801
5.91501 794521
5.91832 795241
5.92163 795961
5.92494 796681
5.92826 797401
5.94435 798121
5.94766 798841
5.95097 799561
5.95428 800281
5.95759 801001
5.96091 801721
5.96422 802441
5.96753 803161
5.97084 803881
5.97415 804601
5.97747 805321
5.98078 806041
5.98409 806761
5.9874 807481
5.99071 808201
5.99403 808921
5.99734 809641
6.00065 810361
6.00396 811081
6.00727 811801
6.01059 812521
6.0139 813241
6.01721 813961
6.02052 814681
6.02383 815401
6.03827 816121
6.04158 816841
6.04489 817561
6.04821 818281
6.05152 819001
6.05483 819721
6.05814 820441
6.06145 821161
6.06477 821881
6.06808 822601
6.07139 823321
6.0747 824041
6.07801 824761
6.08133 825481
6.08464 826201
6.08795 826921
6.09126 827641
6.09457 828361
6.09789 829081
6.1012 829801
6.10451 830521
6.10782 831241
6.11113 831961
6.11445 832681
6.11776 833401
6.13219 834121
6.1355 834841
6.13882 835561
6.14213 836281
6.14544 837001
6.14875 837721
6.15206 838441
6.15538 839161
6.15869 839881
6.162 840601
6.16531 841321
6.16862 842041
6.17194 842761
6.17525 843481
6.17856 844201
6.18187 844921
6.18518 845641
6.1885 846361
6.19181 847081
6.19512 847801
6.19843 848521
6.20174 849241
6.20506 849961
6.20837 850681
6.21168 851401
6.22446 852121
6.22777 852841
6.23108 853561
6.23439 854281
6.23771 855001
6.24102 855721
6.24433 856441
6.24764 857161
6.25095 857881
6.25427 858601
6.25758 859321
6.26089 860041
6.2642 860761
6.26751 861481
6.27083 862201
6.27414 862921
6.27745 863641
6.28076 864361
6.28407 865081
6.28739 865801
6.2907 866521
6.29401 867241
6.29732 867961
6.30063 868681
6.30395 869401
6.31672 870121
6.32004 870841
6.32335 871561
6.32666 872281
6.32997 873001
6.33328 873721
6.3366 874441
6.33991 875161
6.34322 875881
6.34653 876601
6.34984 877321
6.35316 878041
6.35647 878761
6.35978 879481
6.36309 880201
6.3664 880921
6.36972 881641
6.37303 882361
6.37634 883081
6.37965 883801
6.38296 884521
6.38628 885241
6.38959 885961
6.3929 886681
6.39621 887401
6.40899 888121
6.4123 888841
6.41561 889561
6.41893 890281
6.42224 891001
6.42555 891721
6.42886 892441
6.43217 893161
6.43549 893881
6.4388 894601
6.44211 895321
6.44542 896041
6.44873 896761
6.45205 897481
6.45536 898201
6.45867 898921
6.46198 899641
6.46529 900361
6.46861 901081
6.47192 901801
6.47523 902521
6.47854 903241
6.48185 903961
6.48517 904681
6.48848 905401
6.49179 906121
6.50291 906841
6.50792 907201
6.60515 926641
6.64987 927361
6.65318 928081
6.65649 928801
6.6598 929521
6.66311 930241
6.66643 930961
6.66974 931681
6.67305 932401
6.67636 933121
6.68748 933841
6.69249 934561
6.6958 935281
6.74213 936001
6.74544 936721
6.74876 937441
6.75207 938161
6.75538 938881
6.75869 939601
6.762 940321
6.76532 941041
6.76863 941761
6.77975 942481
6.78476 943201
6.78807 943921
6.8344 944641
6.83771 945361
6.84102 946081
6.84433 946801
6.84765 947521
6.85096 948241
6.85427 948961
6.85758 949681
6.86089 950401
6.87202 951121
6.87702 951841
6.88034 952561
6.92667 953281
6.92998 954001
6.93329 954721
6.9366 955441
6.93991 956161
6.94322 956881
6.94654 957601
6.94985 958321
6.95316 959041
6.95647 959761
6.96594 960481
6.97095 961201
6.97426 961921
7.02059 962641
7.0239 963361
7.02721 964081
7.03052 964801
7.03384 965521
7.03715 966241
7.04046 966961
7.04377 967681
7.04708 968401
7.0504 969121
7.05986 969841
7.06487 970561
7.06818 971281
7.11451 972001
7.11782 972721
7.12113 973441
7.12445 974161
7.12776 974881
7.13107 975601
7.13438 976321
7.13769 977041
7.14101 977761
7.14432 978481
7.15213 979201
7.15713 979921
7.16045 980641
7.20678 981361
7.21009 982081
7.2134 982801
7.21671 983521
7.22002 984241
7.22334 984961
7.22665 985681
7.22996 986401
7.23327 987121
7.23658 987841
7.24439 988561
7.2494 989281
7.25271 990001
7.29904 990721
7.30235 991441
7.30567 992161
7.30898 992881
7.31229 993601
7.3156 994321
7.31891 995041
7.32223 995761
7.32554 996481
7.32885 997201
7.33216 997921
7.33832 998641
7.34332 999361
7.34664 1000081
7.39296 1000801
7.39628 1001521
7.39959 1002241
7.4029 1002961
7.40621 1003681
7.40952 1004401
7.41284 1005121
7.41615 1005841
7.41946 1006561
7.42277 1007281
7.42608 1008001
7.43224 1008721
7.43725 1009441
7.44056 1010161
7.48689 1010881
7.4902 1011601
7.49351 1012321
7.49682 1013041
7.50014 1013761
7.50345 1014481
7.50676 1015201
7.51007 1015921
7.51338 1016641
7.5167 1017361
7.52001 1018081
7.52451 1018801
7.52951 1019521
7.53282 1020241
7.57915 1020961
7.58247 1021681
7.58578 1022401
7.58909 1023121
7.5924 1023841
7.59571 1024561
7.59903 1025281
7.60234 1026001
7.60565 1026721
7.60896 1027441
7.61227 1028161
7.61677 1028881
7.62178 1029601
7.62509 1030321
7.67142 1031041
7.67473 1031761
7.67804 1032481
7.68136 1033201
7.68467 1033921
7.68798 1034641
7.69129 1035361
7.6946 1036081
7.69792 1036801
7.70123 1037521
7.70454 1038241
7.70904 1038961
7.71405 1039681
7.71736 1040401
7.72067 1041121
7.76534 1041841
7.76865 1042561
7.77197 1043281
7.77528 1044001
7.77859 1044721
7.7819 1045441
7.78521 1046161
7.78853 1046881
7.79184 1047601
7.79515 1048321
7.79846 1049041
7.80296 1049761
7.80797 1050481
7.81128 1051201
7.81459 1051921
7.85926 1052641
7.86258 1053361
7.86589 1054081
7.8692 1054801
7.87251 1055521
7.87582 1056241
7.87914 1056961
7.88245 1057681
7.88576 1058401
7.88907 1059121
7.89238 1059841
7.89688 1060561
7.90189 1061281
7.9052 1062001
7.90851 1062721
7.95319 1063441
7.9565 1064161
7.95981 1064881
7.96312 1065601
7.96644 1066321
7.96975 1067041
7.97306 1067761
7.97637 1068481
7.97968 1069201
7.983 1069921
7.98631 1070641
7.98962 1071361
7.99416 1072081
7.99747 1072801
8.00078 1073521
8.04545 1074241
8.04877 1074961
8.05208 1075681
8.05539 1076401
8.0587 1077121
8.06201 1077841
8.06533 1078561
8.06864 1079281
8.07195 1080001
8.07526 1080721
8.07857 1081441
8.08189 1082161
8.08642 1082881
8.08973 1083601
8.09305 1084321
8.13772 1085041
8.14103 1085761
8.14434 1086481
8.14766 1087201
8.15097 1087921
8.15428 1088641
8.15759 1089361
8.1609 1090081
8.16422 1090801
8.16753 1091521
8.17084 1092241
8.17415 1092961
8.17746 1093681
8.18078 1094401
8.18409 1095121
8.1874 1095841
8.23164 1096561
8.23495 1097281
8.23827 1098001
8.24158 1098721
8.24489 1099441
8.2482 1100161
8.25151 1100881
8.25483 1101601
8.25814 1102321
8.26145 1103041
8.26476 1103761
8.26807 1104481
8.27139 1105201
8.2747 1105921
8.27801 1106641
8.28132 1107361
8.32556 1108081
8.32888 1108801
8.33219 1109521
8.3355 1110241
8.33881 1110961
8.34212 1111681
8.34544 1112401
8.34875 1113121
8.35206 1113841
8.35537 1114561
8.35868 1115281
8.362 1116001
8.36531 1116721
8.36862 1117441
8.37193 1118161
8.37524 1118881
8.41783 1119601
8.42114 1120321
8.42446 1121041
8.42777 1121761
8.43108 1122481
8.43439 1123201
8.4377 1123921
8.44102 1124641
8.44433 1125361
8.44764 1126081
8.45095 1126801
8.45426 1127521
8.45758 1128241
8.46089 1128961
8.4642 1129681
8.46751 1130401
8.5101 1131121
8.51341 1131841
8.51672 1132561
8.52003 1133281
8.52335 1134001
8.52666 1134721
8.52997 1135441
8.53328 1136161
8.53659 1136881
8.53991 1137601
8.54322 1138321
8.54653 1139041
8.54984 1139761
8.55315 1140481
8.55647 1141201
8.55978 1141921
8.56309 1142641
8.60402 1143361
8.60733 1144081
8.61064 1144801
8.61396 1145521
8.61727 1146241
8.62058 1146961
8.62389 1147681
8.6272 1148401
8.63052 1149121
8.63383 1149841
8.63714 1150561
8.64045 1151281
8.64376 1152001
8.64708 1152721
8.65039 1153441
8.6537 1154161
8.65701 1154881
8.69794 1155601
8.70125 1156321
8.70457 1157041
8.70788 1157761
8.71119 1158481
8.7145 1159201
8.71781 1159921
8.72113 1160641
8.72444 1161361
8.72775 1162081
8.73106 1162801
8.73437 1163521
8.73769 1164241
8.741 1164961
8.74431 1165681
8.74762 1166401
8.75093 1167121
8.79021 1167841
8.79352 1168561
8.79683 1169281
8.80014 1170001
8.80346 1170721
8.80677 1171441
8.81008 1172161
8.81339 1172881
8.8167 1173601
8.82002 1174321
8.82333 1175041
8.82664 1175761
8.82995 1176481
8.83326 1177201
8.83658 1177921
8.83989 1178641
8.8432 1179361
8.88248 1180081
8.88579 1180801
8.8891 1181521
8.89241 1182241
8.89572 1182961
8.89904 1183681
8.90235 1184401
8.90566 1185121
8.90897 1185841
8.91228 1186561
8.9156 1187281
8.91891 1188001
8.92222 1188721
8.92553 1189441
8.92884 1190161
8.93216 1190881
8.93547 1191601
8.93878 1192321
8.9764 1193041
8.97971 1193761
8.98302 1194481
8.98633 1195201
8.98965 1195921
8.99296 1196641
8.99627 1197361
8.99958 1198081
9.00289 1198801
9.00621 1199521
9.00952 1200241
9.01283 1200961
9.01614 1201681
9.01945 1202401
9.02277 1203121
9.02608 1203841
9.02939 1204561
9.0327 1205281
9.07032 1206001
9.07363 1206721
9.07694 1207441
9.08026 1208161
9.08357 1208881
9.08688 1209601
9.09019 1210321
9.0935 1211041
9.09682 1211761
9.10013 1212481
9.10344 1213201
9.10675 1213921
9.11006 1214641
9.11338 1215361
9.11669 1216081
9.12 1216801
9.12331 1217521
9.12662 1218241
9.16424 1218961
9.16755 1219681
9.17087 1220401
9.17418 1221121
9.17749 1221841
9.1808 1222561
9.18411 1223281
9.18743 1224001
9.19074 1224721
9.19405 1225441
9.19736 1226161
9.20067 1226881
9.20399 1227601
9.2073 1228321
9.21061 1229041
9.21392 1229761
9.21723 1230481
9.22055 1231201
9.25651 1231921
9.25982 1232641
9.26313 1233361
9.26644 1234081
9.26976 1234801
9.27307 1235521
9.27638 1236241
9.27969 1236961
9.283 1237681
9.28632 1238401
9.28963 1239121
9.29294 1239841
9.29625 1240561
9.29956 1241281
9.30288 1242001
9.30619 1242721
9.3095 1243441
9.31281 1244161
9.34878 1244881
9.35209 1245601
9.3554 1246321
9.35871 1247041
9.36202 1247761
9.36534 1248481
9.36865 1249201
9.37196 1249921
9.37527 1250641
9.37858 1251361
9.3819 1252081
9.38521 1252801
9.38852 1253521
9.39183 1254241
9.39514 1254961
9.39846 1255681
9.40177 1256401
9.40508 1257121
9.40839 1257841
9.4427 1258561
9.44601 1259281
9.44932 1260001
9.45263 1260721
9.45595 1261441
9.45926 1262161
9.46257 1262881
9.46588 1263601
9.46919 1264321
9.47251 1265041
9.47582 1265761
9.47913 1266481
9.48244 1267201
9.48575 1267921
9.48907 1268641
9.49238 1269361
9.49569 1270081
9.499 1270801
9.50231 1271521
9.53662 1272241
9.53993 1272961
9.54324 1273681
9.54656 1274401
9.54987 1275121
9.55318 1275841
9.55649 1276561
9.5598 1277281
9.56312 1278001
9.56643 1278721
9.56974 1279441
9.57305 1280161
9.57636 1280881
9.57968 1281601
9.58299 1282321
9.5863 1283041
9.58961 1283761
9.59292 1284481
9.59624 1285201
9.62889 1285921
9.6322 1286641
9.63551 1287361
9.63882 1288081
9.64213 1288801
9.64545 1289521
9.64876 1290241
9.65207 1290961
9.65538 1291681
9.65869 1292401
9.66201 1293121
9.66532 1293841
9.66863 1294561
9.67194 1295281
9.67525 1296001
9.67857 1296721
9.68188 1297441
9.68519 1298161
9.6885 1298881
9.72115 1299601
9.72446 1300321
9.72778 1301041
9.73109 1301761
9.7344 1302481
9.73771 1303201
9.74102 1303921
9.74434 1304641
9.74765 1305361
9.75096 1306081
9.75427 1306801
9.75758 1307521
9.7609 1308241
9.76421 1308961
9.76752 1309681
9.77083 1310401
9.77414 1311121
9.77746 1311841
9.78077 1312561
9.78408 1313281
9.81508 1314001
9.81839 1314721
9.8217 1315441
9.82501 1316161
9.82832 1316881
9.83164 1317601
9.83495 1318321
9.83826 1319041
9.84157 1319761
9.84488 1320481
9.8482 1321201
9.85151 1321921
9.85482 1322641
9.85813 1323361
9.86144 1324081
9.86476 1324801
9.86807 1325521
9.87138 1326241
9.87469 1326961
9.878 1327681
9.909 1328401
9.91231 1329121
9.91562 1329841
9.91893 1330561
9.92225 1331281
9.92556 1332001
9.92887 1332721
9.93218 1333441
9.93549 1334161
9.93881 1334881
9.94212 1335601
9.94543 1336321
9.94874 1337041
9.95205 1337761
9.95537 1338481
9.95868 1339201
9.96199 1339921
9.9653 1340641
9.96861 1341361
9.97193 1342081
10.0013 1342801
10.0046 1343521
10.0079 1344241
10.0112 1344961
10.0145 1345681
10.0178 1346401
10.0211 1347121
10.0244 1347841
10.0278 1348561
10.0311 1349281
10.0344 1350001
10.0377 1350721
10.041 1351441
10.0443 1352161
10.0476 1352881
10.0509 1353601
10.0543 1354321
10.0576 1355041
10.0609 1355761
10.0642 1356481
10.0935 1357201
10.0968 1357921
10.1002 1358641
10.1035 1359361
10.1068 1360081
10.1101 1360801
10.1134 1361521
10.1167 1362241
10.12 1362961
10.1233 1363681
10.1267 1364401
10.13 1365121
10.1333 1365841
10.1366 1366561
10.1399 1367281
10.1432 1368001
10.1465 1368721
10.1498 1369441
10.1531 1370161
10.1565 1370881
10.1858 1371601
10.1891 1372321
10.1924 1373041
10.1957 1373761
10.199 1374481
10.2024 1375201
10.2057 1375921
10.209 1376641
10.2123 1377361
10.2156 1378081
10.2189 1378801
10.2222 1379521
10.2255 1380241
10.2289 1380961
10.2322 1381681
10.2355 1382401
10.2388 1383121
10.2421 1383841
10.2454 1384561
10.2487 1385281
10.252 1386001
10.2797 1386721
10.283 1387441
10.2863 1388161
10.2897 1388881
10.293 1389601
10.2963 1390321
10.2996 1391041
10.3029 1391761
10.3062 1392481
10.3095 1393201
10.3128 1393921
10.3162 1394641
10.3195 1395361
10.3228 1396081
10.3261 1396801
10.3294 1397521
10.3327 1398241
10.336 1398961
10.3393 1399681
10.3426 1400401
10.346 1401121
10.3736 1401841
10.377 1402561
10.3803 1403281
10.3836 1404001
10.3869 1404721
10.3902 1405441
10.3935 1406161
10.3968 1406881
10.4001 1407601
10.4034 1408321
10.4068 1409041
10.4101 1409761
10.4134 1410481
10.4167 1411201
10.42 1411921
10.4233 1412641
10.4266 1413361
10.5256 1429561
10.588 1430281
10.5913 1431001
10.5946 1431721
10.598 1432441
10.6013 1433161
10.6046 1433881
10.6079 1434601
10.6112 1435321
10.6146 1436041
10.6179 1436761
10.6819 1437481
10.6886 1438921
10.6919 1439641
10.6952 1440361
10.6985 1441081
10.7018 1441801
10.7051 1442521
10.7085 1443241
10.7118 1443961
10.7759 1444681
10.7808 1445401
10.7841 1446121
10.7875 1446841
10.7908 1447561
10.7941 1448281
10.7974 1449001
10.8007 1449721
10.804 1450441
10.8073 1451161
10.8681 1451881
10.8731 1452601
10.8764 1453321
10.8797 1454041
10.883 1454761
10.8863 1455481
10.8897 1456201
10.893 1456921
10.8963 1457641
10.8996 1458361
10.9604 1459081
10.9654 1459801
10.9687 1460521
10.972 1461241
10.9753 1461961
10.9786 1462681
10.9819 1463401
10.9852 1464121
10.9886 1464841
10.9919 1465561
10.9952 1466281
11.0543 1467001
11.0593 1467721
11.0626 1468441
11.0659 1469161
11.0692 1469881
11.0725 1470601
11.0758 1471321
11.0792 1472041
11.0825 1472761
11.0858 1473481
11.0891 1474201
11.1482 1474921
11.1532 1475641
11.1565 1476361
11.1598 1477081
11.1631 1477801
11.1665 1478521
11.1698 1479241
11.1731 1479961
11.1764 1480681
11.1797 1481401
11.183 1482121
11.2405 1482841
11.2455 1483561
11.2488 1484281
11.2521 1485001
11.2554 1485721
11.2587 1486441
11.262 1487161
11.2653 1487881
11.2687 1488601
11.272 1489321
11.2753 1490041
11.3328 1490761
11.3377 1491481
11.3411 1492201
11.3444 1492921
11.3477 1493641
11.351 1494361
11.3543 1495081
11.3576 1495801
11.3609 1496521
11.3642 1497241
11.3676 1497961
11.3709 1498681
11.4267 1499401
11.4317 1500121
11.435 1500841
11.4383 1501561
11.4416 1502281
11.4449 1503001
11.4482 1503721
11.4515 1504441
11.4549 1505161
11.4582 1505881
11.4615 1506601
11.4648 1507321
11.5206 1508041
11.5256 1508761
11.5289 1509481
11.5322 1510201
11.5355 1510921
11.5388 1511641
11.5421 1512361
11.5455 1513081
11.5488 1513801
11.5521 1514521
11.5554 1515241
11.5587 1515961
11.6129 1516681
11.6179 1517401
11.6212 1518121
11.6245 1518841
11.6278 1519561
11.6311 1520281
11.6344 1521001
11.6377 1521721
11.641 1522441
11.6444 1523161
11.6477 1523881
11.651 1524601
11.7052 1525321
11.7101 1526041
11.7134 1526761
11.7167 1527481
11.7201 1528201
11.7234 1528921
11.7267 1529641
11.73 1530361
11.7333 1531081
11.7366 1531801
11.7399 1532521
11.7432 1533241
11.7974 1533961
11.8007 1534681
11.804 1535401
11.8074 1536121
11.8107 1536841
11.814 1537561
11.8173 1538281
11.8206 1539001
11.8239 1539721
11.8272 1540441
11.8305 1541161
11.8339 1541881
11.8372 1542601
11.8913 1543321
11.8947 1544041
11.898 1544761
11.9013 1545481
11.9046 1546201
11.9079 1546921
11.9112 1547641
11.9145 1548361
11.9178 1549081
11.9212 1549801
11.9245 1550521
11.9278 1551241
11.9311 1551961
11.9853 1552681
11.9886 1553401
11.9919 1554121
11.9952 1554841
11.9985 1555561
12.0018 1556281
12.0051 1557001
12.0084 1557721
12.0118 1558441
12.0151 1559161
12.0184 1559881
12.0217 1560601
12.025 1561321
12.0775 1562041
12.0808 1562761
12.0842 1563481
12.0875 1564201
12.0908 1564921
12.0941 1565641
12.0974 1566361
12.1007 1567081
12.104 1567801
12.1073 1568521
12.1107 1569241
12.114 1569961
12.1173 1570681
12.1698 1571401
12.1731 1572121
12.1764 1572841
12.1797 1573561
12.183 1574281
12.1864 1575001
12.1897 1575721
12.193 1576441
12.1963 1577161
12.1996 1577881
12.2029 1578601
12.2062 1579321
12.2095 1580041
12.2129 1580761
12.2637 1581481
12.267 1582201
12.2703 1582921
12.2737 1583641
12.277 1584361
12.2803 1585081
12.2836 1585801
12.2869 1586521
12.2902 1587241
12.2935 1587961
12.2968 1588681
12.3002 1589401
12.3035 1590121
12.3068 1590841
12.3576 1591561
12.361 1592281
12.3643 1593001
12.3676 1593721
12.3709 1594441
12.3742 1595161
12.3775 1595881
12.3808 1596601
12.3841 1597321
12.3875 1598041
12.3908 1598761
12.3941 1599481
12.3974 1600201
12.4007 1600921
12.4499 1601641
12.4532 1602361
12.4565 1603081
12.4598 1603801
12.4632 1604521
12.4665 1605241
12.4698 1605961
12.4731 1606681
12.4764 1607401
12.4797 1608121
12.483 1608841
12.4863 1609561
12.4897 1610281
12.493 1611001
12.5422 1611721
12.5455 1612441
12.5488 1613161
12.5521 1613881
12.5554 1614601
12.5587 1615321
12.562 1616041
12.5654 1616761
12.5687 1617481
12.572 1618201
12.5753 1618921
12.5786 1619641
12.5819 1620361
12.5852 1621081
12.5885 1621801
12.6361 1622521
12.6394 1623241
12.6427 1623961
12.646 1624681
12.6493 1625401
12.6527 1626121
12.656 1626841
12.6593 1627561
12.6626 1628281
12.6659 1629001
12.6692 1629721
12.6725 1630441
12.6758 1631161
12.6792 1631881
12.6825 1632601
12.73 1633321
12.7333 1634041
12.7366 1634761
12.74 1635481
12.7433 1636201
12.7466 1636921
12.7499 1637641
12.7532 1638361
12.7565 1639081
12.7598 1639801
12.7631 1640521
12.7665 1641241
12.7698 1641961
12.7731 1642681
12.7764 1643401
12.8223 1644121
12.8256 1644841
12.8289 1645561
12.8322 1646281
12.8355 1647001
12.8388 1647721
12.8422 1648441
12.8455 1649161
12.8488 1649881
12.8521 1650601
12.8554 1651321
12.8587 1652041
12.862 1652761
12.8653 1653481
12.8687 1654201
12.9146 1654921
12.9179 1655641
12.9212 1656361
12.9245 1657081
12.9278 1657801
12.9311 1658521
12.9344 1659241
12.9377 1659961
12.941 1660681
12.9444 1661401
12.9477 1662121
12.951 1662841
12.9543 1663561
12.9576 1664281
12.9609 1665001
13.0068 1665721
13.0101 1666441
13.0134 1667161
13.0168 1667881
13.0201 1668601
13.0234 1669321
13.0267 1670041
13.03 1670761
13.0333 1671481
13.0366 1672201
13.0399 1672921
13.0433 1673641
13.0466 1674361
13.0499 1675081
13.0532 1675801
13.0565 1676521
13.1007 1677241
13.1041 1677961
13.1074 1678681
13.1107 1679401
13.114 1680121
13.1173 1680841
13.1206 1681561
13.1239 1682281
13.1272 1683001
13.1305 1683721
13.1339 1684441
13.1372 1685161
13.1405 1685881
13.1438 1686602
