0.0 0
0.0905768 4294967295
0.182886 4294967295
0.276809 4294967295
0.370731 4294967295
0.462998 4294967295
0.46631 4294967295
0.55692 4294967295
0.560232 4294967295
0.563544 4294967295
0.650842 4294967295
0.654154 4294967295
0.657466 4294967295
0.660778 4294967295
0.743109 4294967295
0.746421 4294967295
0.749733 4294967295
0.753045 4294967295
0.756357 4294967295
0.759669 4294967295
0.835375 4294967295
0.838687 4294967295
0.841999 4294967295
0.845311 4294967295
0.848623 4294967295
0.851935 4294967295
0.855247 4294967295
0.858559 4294967295
0.861871 4294967295
0.927642 4294967295
0.930954 4294967295
0.934266 4294967295
0.937578 4294967295
0.94089 4294967295
0.944202 4294967295
0.947514 4294967295
0.950826 4294967295
0.954138 4294967295
0.95745 4294967295
0.960762 4294967295
0.964074 4294967295
0.967386 4294967295
0.970698 4294967295
1.02156 4294967295
1.02488 4294967295
1.02819 4294967295
1.0315 4294967295
1.03481 4294967295
1.03812 4294967295
1.04144 4294967295
1.04475 4294967295
1.04806 4294967295
1.05137 4294967295
1.05468 4294967295
1.058 4294967295
1.06131 4294967295
1.06462 4294967295
1.06793 4294967295
1.07124 4294967295
1.07456 4294967295
1.07787 4294967295
1.08118 4294967295
1.08449 4294967295
1.0878 4294967295
1.11549 4294967295
1.1188 4294967295
1.12211 4294967295
1.12542 4294967295
1.12873 4294967295
1.13205 4294967295
1.13536 4294967295
1.13867 4294967295
1.14198 4294967295
1.14529 4294967295
1.14861 4294967295
1.15192 4294967295
1.15523 4294967295
1.15854 4294967295
1.16185 4294967295
1.16517 4294967295
1.16848 4294967295
1.17179 4294967295
1.1751 4294967295
1.17841 4294967295
1.18173 4294967295
1.18504 4294967295
1.18835 4294967295
1.19166 4294967295
1.19497 4294967295
1.19829 4294967295
1.2016 4294967295
1.20491 4294967295
1.20822 4294967295
1.21153 4294967295
1.21485 4294967295
1.21816 4294967295
1.22147 4294967295
1.22478 4294967295
1.22809 4294967295
1.23141 4294967295
1.23472 4294967295
1.23803 4294967295
1.24134 4294967295
1.24465 4294967295
1.24797 4294967295
1.25128 4294967295
1.25459 4294967295
1.2579 4294967295
1.26121 4294967295
1.26453 4294967295
1.26784 4294967295
1.27115 4294967295
1.27446 4294967295
1.27777 4294967295
1.28109 4294967295
1.2844 4294967295
1.28771 4294967295
1.29102 4294967295
1.29433 4294967295
1.29765 4294967295
1.30096 4294967295
1.30427 4294967295
1.30758 4294967295
1.31089 4294967295
1.31421 4294967295
1.31752 4294967295
1.32083 4294967295
1.32414 4294967295
1.32745 4294967295
1.33077 4294967295
1.33408 4294967295
1.33739 4294967295
1.3407 4294967295
1.34401 4294967295
1.34733 4294967295
1.35064 4294967295
1.35395 4294967295
1.35726 4294967295
1.36057 4294967295
1.36389 4294967295
1.3672 4294967295
1.37051 4294967295
1.37382 4294967295
1.37713 4294967295
1.38045 4294967295
1.38376 4294967295
1.38707 4294967295
1.39038 4294967295
1.39369 4294967295
1.39701 4294967295
1.40032 4294967295
1.40363 4294967295
1.40694 4294967295
1.41025 4294967295
1.41357 4294967295
1.41688 4294967295
1.42019 4294967295
1.4235 4294967295
1.42681 4294967295
1.43013 4294967295
1.43344 4294967295
1.43675 4294967295
1.44006 4294967295
1.44337 4294967295
1.44669 4294967295
1.45 4294967295
1.45331 4294967295
1.45662 4294967295
1.45993 4294967295
1.46325 4294967295
1.46656 4294967295
1.46987 4294967295
1.47318 4294967295
1.47649 4294967295
1.47981 4294967295
1.48312 4294967295
1.48643 4294967295
1.48974 4294967295
1.49305 4294967295
1.49637 4294967295
1.49968 4294967295
1.50299 4294967295
1.5063 4294967295
1.50961 4294967295
1.51293 4294967295
1.51624 4294967295
1.51955 4294967295
1.52286 4294967295
1.52617 4294967295
1.52949 4294967295
1.5328 4294967295
1.53611 4294967295
1.53942 4294967295
1.54273 4294967295
1.54605 4294967295
1.54936 4294967295
1.55267 4294967295
1.55598 4294967295
1.55929 4294967295
1.56261 4294967295
1.56592 4294967295
1.56923 4294967295
1.57254 4294967295
1.57585 4294967295
1.57917 4294967295
1.58248 4294967295
1.58579 4294967295
1.5891 4294967295
1.59241 4294967295
1.59573 4294967295
1.59904 4294967295
1.60235 4294967295
1.60566 4294967295
1.60897 4294967295
1.61229 4294967295
1.6156 4294967295
1.61891 4294967295
1.62222 4294967295
1.62553 4294967295
1.62885 4294967295
1.63216 4294967295
1.63547 4294967295
1.63878 4294967295
1.64209 4294967295
1.64541 4294967295
1.64872 4294967295
1.65203 4294967295
1.65534 4294967295
1.65865 4294967295
1.66197 4294967295
1.66528 4294967295
1.66859 4294967295
1.6719 4294967295
1.67521 4294967295
1.67853 4294967295
1.68184 4294967295
1.68515 4294967295
1.68846 4294967295
1.69177 4294967295
1.69509 4294967295
1.6984 4294967295
1.70171 4294967295
1.70502 4294967295
1.70833 4294967295
1.71165 4294967295
1.71496 4294967295
1.71827 4294967295
1.72158 4294967295
1.72489 4294967295
1.72821 4294967295
1.73152 4294967295
1.73483 4294967295
1.73814 4294967295
1.74145 4294967295
1.74477 4294967295
1.74808 4294967295
1.75139 4294967295
1.7547 4294967295
1.75801 4294967295
1.76133 4294967295
1.76464 4294967295
1.76795 4294967295
1.77126 4294967295
1.77457 4294967295
1.77789 4294967295
1.7812 4294967295
1.78451 4294967295
1.78782 4294967295
1.79113 4294967295
1.79445 4294967295
1.7978 4294967295
1.80111 48240
1.80111 48240
2.4585 48240
2.46181 48240
2.46513 48240
2.46844 48240
2.47175 48240
2.47506 48240
2.47837 48240
2.48169 48240
2.485 48240
2.48831 48240
2.49162 48240
2.49493 48240
2.49825 48240
2.50321 48240
2.50653 48240
2.50984 48240
2.51315 48240
2.51646 48240
2.51977 48240
2.52309 48240
2.5264 48240
2.52971 48240
2.53302 48240
2.53633 48240
2.53965 48240
2.54296 48240
2.54627 48240
2.54958 48240
2.55289 48240
2.55621 48240
2.55952 48240
2.56283 48240
2.56614 48240
2.56945 48240
2.57277 48240
2.57608 48240
2.57939 48240
2.5827 48240
2.58601 48240
2.58933 48240
2.59429 48240
2.59761 48240
2.60092 48240
2.60423 48240
2.60754 48240
2.61085 48240
2.61417 48240
2.61748 48240
2.62079 48240
2.6241 48240
2.62741 48240
2.63073 48240
2.63404 48240
2.63735 48240
2.64066 48240
2.64397 48240
2.64729 48240
2.6506 48240
2.65391 48240
2.65722 48240
2.66053 48240
2.66385 48240
2.66716 48240
2.67047 48240
2.67378 48240
2.67709 48240
2.68041 48240
2.68372 48240
2.68703 48240
2.69034 48240
2.69365 48240
2.69697 48240
2.70028 48240
2.70359 48240
2.7069 48240
2.71021 48240
2.71353 48240
2.71684 48240
2.72015 48240
2.72346 48240
2.72677 48240
2.73009 48240
2.7334 48240
2.73671 48240
2.74002 48240
2.74333 48240
2.74665 48240
2.74996 48240
2.75327 48240
2.75658 48240
2.75989 48240
2.76321 48240
2.76652 48240
2.76983 48240
2.77314 48240
2.77645 48240
2.77977 48240
2.78308 48240
2.78639 48240
2.7897 48240
2.79301 48240
2.79633 48240
2.79964 48240
2.80295 48240
2.80626 48240
2.80957 48240
2.81289 48240
2.8162 48240
2.81951 48240
2.82282 48240
2.82613 48240
2.82945 48240
2.83276 48240
2.83607 48240
2.83938 48240
2.84269 48240
2.84601 48240
2.84932 48240
2.85263 48240
2.85594 48240
2.85925 48240
2.86257 48240
2.86588 48240
2.86919 48240
2.8725 48240
2.87581 48240
2.87913 48240
2.88244 48240
2.88575 48240
2.88906 48240
2.89237 48240
2.89569 48240
2.899 48240
2.90231 48240
2.90562 48240
2.90893 48240
2.91225 48240
2.91556 48240
2.91887 48240
2.92218 48240
2.92549 48240
2.92881 48240
2.93212 48240
2.93543 48240
2.93874 48240
2.94205 48240
2.94537 48240
2.94868 48240
2.95199 48240
2.9553 48240
2.95861 48240
2.96193 48240
2.96524 48240
2.96855 48240
2.97186 48240
2.97517 48240
2.97849 48240
2.9818 48240
2.98511 48240
2.98842 48240
2.99173 48240
2.99505 48240
2.99836 48240
3.00167 48240
3.00498 48240
3.00829 48240
3.01161 48240
3.01492 48240
3.01823 48240
3.02154 48240
3.02485 48240
3.02817 48240
3.03148 48240
3.03479 48240
3.0381 48240
3.04141 48240
3.04473 48240
3.04804 48240
3.05135 48240
3.05466 48240
3.05797 48240
3.06129 48240
3.0646 48240
3.06791 48240
3.07122 48240
3.07453 48240
3.07785 48240
3.08116 48240
3.08447 48240
3.08778 48240
3.09109 48240
3.09441 48240
3.09772 48240
3.10103 48240
3.10434 48240
3.10765 48240
3.11097 48240
3.11428 48240
3.11759 48240
3.1209 48240
3.12421 48240
3.12753 48240
3.13084 48240
3.13415 48240
3.13746 48240
3.14077 48240
3.14409 48240
3.1474 48240
3.15071 48240
3.15402 48240
3.15733 48240
3.16065 48240
3.16396 48240
3.16727 48240
3.17058 48240
3.17389 48240
3.17721 48240
3.18052 48240
3.18383 48240
3.18714 48240
3.19045 48240
3.19377 48240
3.19708 48240
3.20039 48240
3.2037 48240
3.20701 48240
3.21033 48240
3.21364 48240
3.21695 48240
3.22026 48240
3.22357 48240
3.22689 48240
3.2302 48240
3.23351 48240
3.23682 48240
3.24013 48240
3.24345 48240
3.24676 48240
3.25007 48240
3.25338 48240
3.25669 48240
3.26001 48240
3.26332 48240
3.26663 48240
3.26994 48240
3.27325 48240
3.27657 48240
3.27988 48240
3.28319 48240
3.2865 48240
3.28981 48240
3.29313 48240
3.29644 48240
3.29975 48240
3.30306 48240
3.30637 48240
3.30969 48240
3.313 48240
3.31631 48240
3.31962 48240
3.32293 48240
3.32625 48240
3.32956 48240
3.33287 48240
3.33618 48240
3.33949 48240
3.34281 48240
3.34612 48240
3.34943 48240
3.35274 48240
3.35605 48240
3.35937 48240
3.36268 48240
3.36599 48240
3.3693 48240
3.37261 48240
3.37592 48240
3.37924 48240
3.38255 48240
3.38586 48240
3.38917 48240
3.39248 48240
3.3958 48240
3.39911 48240
3.40242 48240
3.40573 48240
3.40904 48240
3.41236 48240
3.41567 48240
3.41898 48240
3.42229 48240
3.4256 48240
3.42892 48240
3.43223 48240
3.43554 48240
3.43885 48240
3.44216 48240
3.44548 48240
3.44879 48240
3.4521 48240
3.45541 48240
3.45872 48240
3.46204 48240
3.46535 48240
3.46866 48240
3.47197 48240
3.47528 48240
3.4786 48240
3.48191 48240
3.48522 48240
3.48853 48240
3.49184 48240
3.49516 48240
3.49847 48240
3.50178 48240
3.50509 48240
3.5084 48240
3.51172 48240
3.51503 48240
3.51834 48240
3.52165 48240
3.52496 48240
3.52828 48240
3.53159 48240
3.5349 48240
3.53821 48240
3.54152 48240
3.54484 48240
3.54815 48240
3.55146 48240
3.55477 48240
3.55808 48240
3.5614 48240
3.56471 48240
3.56802 48240
3.57133 48240
3.57464 48240
3.57796 48240
3.58127 48240
3.58458 48240
3.58789 48240
3.5912 48240
3.59452 48240
3.59783 48240
3.60114 48240
3.60445 48240
3.60776 48240
3.61108 48240
3.61439 48240
3.6177 48240
3.62101 48240
3.62432 48240
3.62764 48240
3.63095 48240
3.63426 48240
3.63757 48240
3.64088 48240
3.6442 48240
3.64751 48240
3.65082 48240
3.65413 48240
3.65744 48240
3.66076 48240
3.66407 48240
3.66738 48240
3.67069 48240
3.674 48240
3.67732 48240
3.68063 48240
3.68394 48240
3.68725 48240
3.69056 48240
3.69388 48240
3.69719 48240
3.7005 48240
3.70381 48240
3.70712 48240
3.71044 48240
3.71375 48240
3.71706 48240
3.72037 48240
3.72368 48240
3.727 48240
3.73031 48240
3.73362 48240
3.73693 48240
3.74024 48240
3.74356 48240
3.74687 48240
3.75018 48240
3.75349 48240
3.7568 48240
3.76012 48240
3.76343 48240
3.76674 48240
3.77005 48240
3.77336 48240
3.77668 48240
3.77999 48240
3.7833 48240
3.78661 48240
3.78992 48240
3.79324 48240
3.79655 48240
3.79986 48240
3.80317 48240
3.80648 48240
3.8098 48240
3.81311 48240
3.81642 48240
3.81973 48240
3.82304 48240
3.82636 48240
3.82967 48240
3.83298 48240
3.83629 48240
3.8396 48240
3.84292 48240
3.84623 48240
3.84954 48240
3.85285 48240
3.85616 48240
3.85948 48240
3.86279 48240
3.8661 48240
3.86941 48240
3.87272 48240
3.87604 48240
3.87935 48240
3.88266 48240
3.88597 48240
3.88928 48240
3.8926 48240
3.89591 48240
3.89922 48240
3.90253 48240
3.90584 48240
3.90916 48240
3.91247 48240
3.91578 48240
3.91909 48240
3.9224 48240
3.92572 48240
3.92903 48240
3.93234 48240
3.93565 48240
3.93896 48240
3.94228 48240
3.94559 48240
3.9489 48240
3.95221 48240
3.95552 48240
3.95884 48240
3.96215 48240
3.96546 48240
3.96877 48240
3.97208 48240
3.9754 48240
3.97871 48240
3.98202 48240
3.98533 48240
3.98864 48240
3.99196 48240
3.99527 48240
3.99858 48240
4.00189 48240
4.0052 48240
4.00852 48240
4.01183 48240
4.01514 48240
4.01845 48240
4.02176 48240
4.02508 48240
4.02839 48240
4.0317 48240
4.03501 48240
4.03832 48240
4.04164 48240
4.04495 48240
4.04826 48240
4.05157 48240
4.05488 48240
4.0582 48240
4.06151 48240
4.06482 48240
4.06813 48240
4.07144 48240
4.07476 48240
4.07807 48240
4.08138 48240
4.08469 48240
4.088 48240
4.09132 48240
4.09463 48240
4.09794 48240
4.10125 48240
4.10456 48240
4.10788 48240
4.11119 48240
4.1145 48240
4.11781 48240
4.12112 48240
4.12444 48240
4.12775 48240
4.13106 48240
4.13437 48240
4.13768 48240
4.141 48240
4.14431 48240
4.14762 48240
4.15093 48240
4.15424 48240
4.15756 48240
4.16087 48240
4.16418 48240
4.16749 48240
4.1708 48240
4.17412 48240
4.17743 48240
4.18074 48240
4.18405 48240
4.18736 48240
4.19068 48240
4.19399 48240
4.1973 48240
4.20061 48240
4.20392 48240
4.20724 48240
4.21055 48240
4.21386 48240
4.21717 48240
4.22048 48240
4.2238 48240
4.22711 48240
4.23042 48240
4.23373 48240
4.23704 48240
4.24036 48240
4.24367 48240
4.24698 48240
4.25029 48240
4.2536 48240
4.25692 48240
4.26023 48240
4.26354 48240
4.26685 48240
4.27016 48240
4.27348 48240
4.27679 48240
4.2801 48240
4.28341 48240
4.28672 48240
4.29004 48240
4.29335 48240
4.29666 48240
4.29997 48240
4.30328 48240
4.3066 48240
4.30991 48240
4.31322 48240
4.31653 48240
4.31984 48240
4.32316 48240
4.32647 48240
4.32978 48240
4.33309 48240
4.3364 48240
4.33972 48240
4.34303 48240
4.34634 48240
4.34965 48240
4.35296 48240
4.35628 48240
4.35959 48240
4.3629 48240
4.36621 48240
4.36952 48240
4.37284 48240
4.37615 48240
4.37946 48240
4.38277 48240
4.38608 48240
4.3894 48240
4.39271 48240
4.39602 48240
4.39933 48240
4.40264 48240
4.40596 48240
4.40927 48240
4.41258 48240
4.41589 48240
4.4192 48240
4.42252 48240
4.42583 48240
4.42914 48240
4.43245 48240
4.43576 48240
4.43908 48240
4.44239 48240
4.4457 48240
4.44901 48240
4.45232 48240
4.45564 48240
4.45895 48240
4.46226 48240
4.46557 48240
4.46888 48240
4.4722 48240
4.47551 48240
4.47882 48240
4.48213 48240
4.48544 48240
4.48876 48240
4.49207 48240
4.49538 48240
4.49869 48240
4.502 48240
4.50532 48240
4.50863 48240
4.51194 48240
4.51525 48240
4.51856 48240
4.52188 48240
4.52519 48240
4.5285 48240
4.53181 48240
4.53512 48240
4.53844 48240
4.54175 48240
4.54506 48240
4.54837 48240
4.55168 48240
4.555 48240
4.55831 48240
4.56162 48240
4.56493 48240
4.56824 48240
4.57156 48240
4.57487 48240
4.57818 48240
4.58149 48240
4.5848 48240
4.58812 48240
4.59143 48240
4.59474 48240
4.59805 48240
4.60136 48240
4.60468 48240
4.60799 48240
4.6113 48240
4.61461 48240
4.61792 48240
4.62124 48240
4.62455 48240
4.62786 48240
4.63117 48240
4.63448 48240
4.6378 48240
4.64111 48240
4.64442 48240
4.64773 48240
4.65104 48240
4.65436 48240
4.65767 48240
4.66098 48240
4.66429 48240
4.6676 48240
4.67092 48240
4.67423 48240
4.67754 48240
4.68085 48240
4.68416 48240
4.68748 48240
4.69079 48240
4.6941 48240
4.69741 48240
4.70072 48240
4.70404 48240
4.70735 48240
4.71066 48240
4.71397 48240
4.71728 48240
4.7206 48240
4.72391 48240
4.72722 48240
4.73053 48240
4.73384 48240
4.73716 48240
4.74047 48240
4.74378 48240
4.74709 48240
4.7504 48240
4.75372 48240
4.75703 48240
4.76034 48240
4.76365 48240
4.76696 48240
4.77028 48240
4.77359 48240
4.7769 48240
4.78021 48240
4.78352 48240
4.78684 48240
4.79015 48240
4.79346 48240
4.79677 48240
4.80008 48240
4.8034 48240
4.80671 48240
4.81002 48240
4.81333 48240
4.81664 48240
4.81996 48240
4.82327 48240
4.82658 48240
4.82989 48240
4.8332 48240
4.83652 48240
4.83983 48240
4.84314 48240
4.84645 48240
4.84976 48240
4.85308 48240
4.85639 48240
4.8597 48240
4.86301 48240
4.86632 48240
4.86964 48240
4.87295 48240
4.87626 48240
4.87957 48240
4.88288 48240
4.8862 48240
4.88951 48240
4.89282 48240
4.89613 48240
4.89944 48240
4.90276 48240
4.90607 48240
4.90938 48240
4.91269 48240
4.916 48240
4.91932 48240
4.92263 48240
4.92594 48240
4.92925 48240
4.93256 48240
4.93588 48240
4.93919 48240
4.9425 48240
4.94581 48240
4.94912 48240
4.95244 48240
4.95575 48240
4.95906 48240
4.96237 48240
4.96568 48240
4.969 48240
4.97231 48240
4.97562 48240
4.97893 48240
4.98224 48240
4.98556 48240
4.98887 48240
4.99218 48240
4.99549 48240
4.9988 48240
5.00212 48240
5.00543 48240
5.00874 48240
5.01205 48240
5.01536 48240
5.01868 48240
5.02199 48240
5.0253 48240
5.02861 48240
5.03192 48240
5.03524 48240
5.03855 48240
5.04186 48240
5.04517 48240
5.04848 48240
5.0518 48240
5.05511 48240
5.05842 48240
5.06173 48240
5.06504 48240
5.06836 48240
5.07167 48240
5.07498 48240
5.07829 48240
5.0816 48240
5.08492 48240
5.08823 48240
5.09154 48240
5.09485 48240
5.09816 48240
5.10148 48240
5.10479 48240
5.1081 48240
5.11141 48240
5.11472 48240
5.11804 48240
5.12135 48240
5.12466 48240
5.12797 48240
5.13128 48240
5.1346 48240
5.13791 48240
5.14122 48240
5.14453 48240
5.14784 48240
5.15116 48240
5.15447 48240
5.15778 48240
5.16109 48240
5.1644 48240
5.16772 48240
5.17103 48240
5.17434 48240
5.17765 48240
5.18096 48240
5.18428 48240
5.18759 48240
5.1909 48240
5.19421 48240
5.19752 48240
5.20084 48240
5.20415 48240
5.20746 48240
5.21077 48240
5.21408 48240
5.2174 48240
5.22071 48240
5.22402 48240
5.22733 48240
5.23064 48240
5.23396 48240
5.23727 48240
5.24058 48240
5.24389 48240
5.2472 48240
5.25052 48240
5.25383 48240
5.25714 48240
5.26045 48240
5.26376 48240
5.26708 48240
5.27039 48240
5.2737 48240
5.27701 48240
5.28032 48240
5.28364 48240
5.28695 48240
5.29026 48240
5.29357 48240
5.29688 48240
5.3002 48240
5.30351 48240
5.30682 48240
5.31013 48240
5.31344 48240
5.31676 48240
5.32007 48240
5.32338 48240
5.32669 48240
5.33 48240
5.33332 48240
5.33663 48240
5.33994 48240
5.34325 48240
5.34656 48240
5.34988 48240
5.35319 48240
5.3565 48240
5.35981 48240
5.36312 48240
5.36644 48240
5.36975 48240
5.37306 48240
5.37637 48240
5.37968 48240
5.383 48240
5.38631 48240
5.38962 48240
5.39293 48240
5.39624 48240
5.39956 48240
5.40287 48240
5.40618 48240
5.40949 48240
5.4128 48240
5.41612 48240
5.41943 48240
5.42274 48240
5.42605 48240
5.42936 48240
5.43268 48240
5.43599 48240
5.4393 48240
5.44261 48240
5.44592 48240
5.44924 48240
5.45255 48240
5.45586 48240
5.45917 48240
5.46248 48240
5.4658 48240
5.46911 48240
5.47242 48240
5.47573 48240
5.47904 48240
5.48236 48240
5.48567 48240
5.48898 48240
5.49229 48240
5.4956 48240
5.49892 48240
5.50223 48240
5.50554 48240
5.50885 48240
5.51216 48240
5.51548 48240
5.51879 48240
5.5221 48240
5.52541 48240
5.52872 48240
5.53204 48240
5.53535 48240
5.53866 48240
5.54197 48240
5.54528 48240
5.5486 48240
5.55191 48240
5.55522 48240
5.55853 48240
5.56184 48240
5.56516 48240
5.56847 48240
5.57178 48240
5.57509 48240
5.5784 48240
5.58172 48240
5.58503 48240
5.58834 48240
5.59165 48240
5.59496 48240
5.59828 48240
5.60159 48240
5.6049 48240
5.60821 48240
5.61152 48240
5.61484 48240
5.61815 48240
5.62146 48240
5.62477 48240
5.62808 48240
5.6314 48240
5.63471 48240
5.63802 48240
5.64133 48240
5.64464 48240
5.64796 48240
5.65127 48240
5.65458 48240
5.65789 48240
5.6612 48240
5.66452 48240
5.66783 48240
5.67114 48240
5.67445 48240
5.67776 48240
5.68108 48240
5.68439 48240
5.6877 48240
5.69101 48240
5.69432 48240
5.69764 48240
5.70095 48240
5.70426 48240
5.70757 48240
5.71088 48240
5.7142 48240
5.71751 48240
5.72082 48240
5.72413 48240
5.72744 48240
5.73076 48240
5.73407 48240
5.73738 48240
5.74069 48240
5.744 48240
5.74732 48240
5.75063 48240
5.75394 48240
5.75725 48240
5.76056 48240
5.76388 48240
5.76719 48240
5.7705 48240
5.77381 48240
5.77712 48240
5.78044 48240
5.78375 48240
5.78706 48240
5.79037 48240
5.79368 48240
5.797 48240
5.80031 48240
5.80362 48240
5.80693 48240
5.81024 48240
5.81356 48240
5.81687 48240
5.82018 48240
5.82349 48240
5.8268 48240
5.83012 48240
5.83343 48240
5.83674 48240
5.84005 48240
5.84336 48240
5.84668 48240
5.84999 48240
5.8533 48240
5.85661 48240
5.85992 48240
5.86324 48240
5.86655 48240
5.86986 48240
5.87317 48240
5.87648 48240
5.8798 48240
5.88311 48240
5.88642 48240
5.88973 48240
5.89304 48240
5.89636 48240
5.89967 48240
5.90298 48240
5.90629 48240
5.9096 48240
5.91292 48240
5.91623 48240
5.91954 48240
5.92285 48240
5.92616 48240
5.92948 48240
5.93279 48240
5.9361 48240
5.93941 48240
5.94272 48240
5.94604 48240
5.94935 48240
5.95266 48240
5.95597 48240
5.95928 48240
5.9626 48240
5.96591 48240
5.96922 48240
5.97253 48240
5.97584 48240
5.97916 48240
5.98247 48240
5.98578 48240
5.98909 48240
5.9924 48240
5.99572 48240
5.99903 48240
6.00234 48240
6.00565 48240
6.00896 48240
6.01228 48240
6.01559 48240
6.0189 48240
6.02221 48240
6.02552 48240
6.02884 48240
6.03215 48240
6.03546 48240
6.03877 48240
6.04208 48240
6.0454 48240
6.04871 48240
6.05202 48240
6.05533 48240
6.05864 48240
6.06196 48240
6.06527 48240
6.06858 48240
6.07189 48240
6.0752 48240
6.07852 48240
6.08183 48240
6.08514 48240
6.08845 48240
6.09176 48240
6.09508 48240
6.09839 48240
6.1017 48240
6.10501 48240
6.10832 48240
6.11164 48240
6.11495 48240
6.11826 48240
6.12157 48240
6.12488 48240
6.1282 48240
6.13151 48240
6.13482 48240
6.13813 48240
6.14144 48240
6.14476 48240
6.14807 48240
6.15138 48240
6.15469 48240
6.158 48240
6.16132 48240
6.16463 48240
6.16794 48240
6.17125 48240
6.17456 48240
6.17788 48240
6.18119 48240
6.1845 48240
6.18781 48240
6.19112 48240
6.19444 48240
6.19775 48240
6.20106 48240
6.20437 48240
6.20768 48240
6.211 48240
6.21431 48240
6.21762 48240
6.22093 48240
6.22424 48240
6.22756 48240
6.23087 48240
6.23418 48240
6.23749 48240
6.2408 48240
6.24412 48240
6.24743 48240
6.25074 48240
6.25405 48240
6.25736 48240
6.26068 48240
6.26399 48240
6.2673 48240
6.27061 48240
6.27392 48240
6.27724 48240
6.28055 48240
6.28386 48240
6.28717 48240
6.29048 48240
6.2938 48240
6.29711 48240
6.30042 48240
6.30373 48240
6.30704 48240
6.31036 48240
6.31367 48240
6.31698 48240
6.32029 48240
6.3236 48240
6.32692 48240
6.33023 48240
6.33354 48240
6.33685 48240
6.34016 48240
6.34348 48240
6.34679 48240
6.3501 48240
6.35341 48240
6.35672 48240
6.36004 48240
6.36335 48240
6.36666 48240
6.36997 48240
6.37328 48240
6.3766 48240
6.37991 48240
6.38322 48240
6.38653 48240
6.38984 48240
6.39316 48240
6.39647 48240
6.39978 48240
6.40309 48240
6.4064 48240
6.40972 48240
6.41303 48240
6.41634 48240
6.41965 48240
6.42296 48240
6.42628 48240
6.42959 48240
6.4329 48240
6.43621 48240
6.43952 48240
6.44284 48240
6.44615 48240
6.44946 48240
6.45277 48240
6.45608 48240
6.4594 48240
6.46271 48240
6.46602 48240
6.46933 48240
6.47264 48240
6.47596 48240
6.47927 48240
6.48258 48240
6.48589 48240
6.4892 48240
6.49252 48240
6.49583 48240
6.49914 48240
6.50245 48240
6.50576 48240
6.50908 48240
6.51239 48240
6.5157 48240
6.51901 48240
6.52232 48240
6.52564 48240
6.52895 48240
6.53226 48240
6.53557 48240
6.53888 48240
6.5422 48240
6.54551 48240
6.54882 48240
6.55213 48240
6.55544 48240
6.55876 48240
6.56207 48240
6.56538 48240
6.56869 48240
6.572 48240
6.57532 48240
6.57863 48240
6.58194 48240
6.58525 48240
6.58856 48240
6.59188 48240
6.59519 48240
6.5985 48240
6.60181 48240
6.60512 48240
6.60844 48240
6.61175 48240
6.61506 48240
6.61837 48240
6.62168 48240
6.625 48240
6.62831 48240
6.63162 48240
6.63493 48240
6.63824 48240
6.64156 48240
6.64487 48240
6.64818 48240
6.65149 48240
6.6548 48240
6.65812 48240
6.66143 48240
6.66474 48240
6.66805 48240
6.67136 48240
6.67468 48240
6.67799 48240
6.6813 48240
6.68461 48240
6.68792 48240
6.69123 48240
6.69455 48240
6.69786 48240
6.70117 48240
6.70448 48240
6.70779 48240
6.71111 48240
6.71442 48240
6.71773 48240
6.72104 48240
6.72435 48240
6.72767 48240
6.73098 48240
6.73429 48240
6.7376 48240
6.74091 48240
6.74423 48240
6.74754 48240
6.75085 48240
6.75416 48240
6.75747 48240
6.76079 48240
6.7641 48240
6.76741 48240
6.77072 48240
6.77403 48240
6.77735 48240
6.78066 48240
6.78397 48240
6.78728 48240
6.79059 48240
6.79391 48240
6.79722 48240
6.80053 48240
6.80384 48240
6.80715 48240
6.81047 48240
6.81378 48240
6.81709 48240
6.8204 48240
6.82371 48240
6.82703 48240
6.83034 48240
6.83365 48240
6.83696 48240
6.84027 48240
6.84359 48240
6.8469 48240
6.85021 48240
6.85352 48240
6.85683 48240
6.86015 48240
6.86346 48240
6.86677 48240
6.87008 48240
6.87339 48240
6.87671 48240
6.88002 48240
6.88333 48240
6.88664 48240
6.88995 48240
6.89327 48240
6.89658 48240
6.89989 48240
6.9032 48240
6.90651 48240
6.90983 48240
6.91314 48240
6.91645 48240
6.91976 48240
6.92307 48240
6.92639 48240
6.9297 48240
6.93301 48240
6.93632 48240
6.93963 48240
6.94295 48240
6.94626 48240
6.94957 48240
6.95288 48240
6.95619 48240
6.95951 48240
6.96282 48240
6.96613 48240
6.96944 48240
6.97275 48240
6.97607 48240
6.97938 48240
6.98269 48240
6.986 48240
6.98931 48240
6.99263 48240
6.99594 48240
6.99925 48240
7.00256 48240
7.00587 48240
7.00919 48240
7.0125 48240
7.01581 48240
7.01912 48240
7.02243 48240
7.02575 48240
7.02906 48240
7.03237 48240
7.03568 48240
7.03899 48240
7.04231 48240
7.04562 48240
7.04893 48240
7.05224 48240
7.05555 48240
7.05887 48240
7.06218 48240
7.06549 48240
7.0688 48240
7.07211 48240
7.07543 48240
7.07874 48240
7.08205 48240
7.08536 48240
7.08867 48240
7.09199 48240
7.0953 48240
7.09861 48240
7.10192 48240
7.10523 48240
7.10855 48240
7.11186 48240
7.11517 48240
7.11848 48240
7.12179 48240
7.12511 48240
7.12842 48240
7.13173 48240
7.13504 48240
7.13835 48240
7.14167 48240
7.14498 48240
7.14829 48240
7.1516 48240
7.15491 48240
7.15823 48240
7.16154 48240
7.16485 48240
7.16816 48240
7.17147 48240
7.17479 48240
7.1781 48240
7.18141 48240
7.18472 48240
7.18803 48240
7.19135 48240
7.19466 48240
7.19797 48240
7.20128 48240
7.20459 48240
7.20791 48240
7.21122 48240
7.21453 48240
7.21784 48240
7.22115 48240
7.22447 48240
7.22778 48240
7.23109 48240
7.2344 48240
7.23771 48240
7.24103 48240
7.24434 48240
7.24765 48240
7.25096 48240
7.25427 48240
7.25759 48240
7.2609 48240
7.26421 48240
7.26752 48240
7.27083 48240
7.27415 48240
7.27746 48240
7.28077 48240
7.28408 48240
7.28739 48240
7.29071 48240
7.29402 48240
7.29733 48240
7.30064 48240
7.30395 48240
7.30727 48240
7.31058 48240
7.31389 48240
7.3172 48240
7.32051 48240
7.32383 48240
7.32714 48240
7.33045 48240
7.33376 48240
7.33707 48240
7.34039 48240
7.3437 48240
7.34701 48240
7.35032 48240
7.35363 48240
7.35695 48240
7.36026 48240
7.36357 48240
7.36688 48240
7.37019 48240
7.37351 48240
7.37682 48240
7.38013 48240
7.38344 48240
7.38675 48240
7.39007 48240
7.39338 48240
7.39669 48240
7.4 48240
7.40331 48240
7.40663 48240
7.40994 48240
7.41325 48240
7.41656 48240
7.41987 48240
7.42319 48240
7.4265 48240
7.42981 48240
7.43312 48240
7.43643 48240
7.43975 48240
7.44306 48240
7.44637 48240
7.44968 48240
7.45299 48240
7.45631 48240
7.45962 48240
7.46293 48240
7.46624 48240
7.46955 48240
7.47287 48240
7.47618 48240
7.47949 48240
7.4828 48240
7.48611 48240
7.48943 48240
7.49274 48240
7.49605 48240
7.49936 48240
7.50267 48240
7.50599 48240
7.5093 48240
7.51261 48240
7.51592 48240
7.51923 48240
7.52255 48240
7.52586 48240
7.52917 48240
7.53248 48240
7.53579 48240
7.53911 48240
7.54242 48240
7.54573 48240
7.54904 48240
7.55235 48240
7.55567 48240
7.55898 48240
7.56229 48240
7.5656 48240
7.56891 48240
7.57223 48240
7.57554 48240
7.57885 48240
7.58216 48240
7.58547 48240
7.58879 48240
7.5921 48240
7.59541 48240
7.59872 48240
7.60203 48240
7.60535 48240
7.60866 48240
7.61197 48240
7.61528 48240
7.61859 48240
7.62191 48240
7.62522 48240
7.62853 48240
7.63184 48240
7.63515 48240
7.63847 48240
7.64178 48240
7.64509 48240
7.6484 48240
7.65171 48240
7.65503 48240
7.65834 48240
7.66165 48240
7.66496 48240
7.66827 48240
7.67159 48240
7.6749 48240
7.67821 48240
7.68152 48240
7.68483 48240
7.68815 48240
7.69146 48240
7.69477 48240
7.69808 48240
7.70139 48240
7.70471 48240
7.70802 48240
7.71133 48240
7.71464 48240
7.71795 48240
7.72127 48240
7.72458 48240
7.72789 48240
7.7312 48240
7.73451 48240
7.73783 48240
7.74114 48240
7.74445 48240
7.74776 48240
7.75107 48240
7.75439 48240
7.7577 48240
7.76101 48240
7.76432 48240
7.76763 48240
7.77095 48240
7.77426 48240
7.77757 48240
7.78088 48240
7.78419 48240
7.78751 48240
7.79082 48240
7.79413 48240
7.79744 48240
7.80075 48240
7.80407 48240
7.80738 48240
7.81069 48240
7.814 48240
7.81731 48240
7.82063 48240
7.82394 48240
7.82725 48240
7.83056 48240
7.83387 48240
7.83719 48240
7.8405 48240
7.84381 48240
7.84712 48240
7.85043 48240
7.85375 48240
7.85706 48240
7.86037 48240
7.86368 48240
7.86699 48240
7.87031 48240
7.87362 48240
7.87693 48240
7.88024 48240
7.88355 48240
7.88687 48240
7.89018 48240
7.89349 48240
7.8968 48240
7.90011 48240
7.90343 48240
7.90674 48240
7.91005 48240
7.91336 48240
7.91667 48240
7.91999 48240
7.9233 48240
7.92661 48240
7.92992 48240
7.93323 48240
7.93655 48240
7.93986 48240
7.94317 48240
7.94648 48240
7.94979 48240
7.95311 48240
7.95642 48240
7.95973 48240
7.96304 48240
7.96635 48240
7.96967 48240
7.97298 48240
7.97629 48240
7.9796 48240
7.98291 48240
7.98623 48240
7.98954 48240
7.99285 48240
7.99616 48240
7.99947 48240
8.00279 48240
8.0061 48240
8.00941 48240
8.01272 48240
8.01603 48240
8.01935 48240
8.02266 48240
8.02597 48240
8.02928 48240
8.03259 48240
8.03591 48240
8.03922 48240
8.04253 48240
8.04584 48240
8.04915 48240
8.05247 48240
8.05578 48240
8.05909 48240
8.0624 48240
8.06571 48240
8.06903 48240
8.07234 48240
8.07565 48240
8.07896 48240
8.08227 48240
8.08559 48240
8.0889 48240
8.09221 48240
8.09552 48240
8.09883 48240
8.10215 48240
8.10546 48240
8.10877 48240
8.11208 48240
8.11539 48240
8.11871 48240
8.12202 48240
8.12533 48240
8.12864 48240
8.13195 48240
8.13527 48240
8.13858 48240
8.14189 48240
8.1452 48240
8.14851 48240
8.15183 48240
8.15514 48240
8.15845 48240
8.16176 48240
8.16507 48240
8.16839 48240
8.1717 48240
8.17501 48240
8.17832 48240
8.18163 48240
8.18495 48240
8.18826 48240
8.19157 48240
8.19488 48240
8.19819 48240
8.20151 48240
8.20482 48240
8.20813 48240
8.21144 48240
8.21475 48240
8.21807 48240
8.22138 48240
8.22469 48240
8.228 48240
8.23131 48240
8.23463 48240
8.23794 48240
8.24125 48240
8.24456 48240
8.24787 48240
8.25119 48240
8.2545 48240
8.25781 48240
8.26112 48240
8.26443 48240
8.26775 48240
8.27106 48240
8.27437 48240
8.27768 48240
8.28099 48240
8.28431 48240
8.28762 48240
8.29093 48240
8.29424 48240
8.29755 48240
8.30087 48240
8.30418 48240
8.30749 48240
8.3108 48240
8.31411 48240
8.31743 48240
8.32074 48240
8.32405 48240
8.32736 48240
8.33067 48240
8.33399 48240
8.3373 48240
8.34061 48240
8.34392 48240
8.34723 48240
8.35055 48240
8.35386 48240
8.35717 48240
8.36048 48240
8.36379 48240
8.36711 48240
8.37042 48240
8.37373 48240
8.37704 48240
8.38035 48240
8.38367 48240
8.38698 48240
8.39029 48240
8.3936 48240
8.39691 48240
8.40023 48240
8.40354 48240
8.40685 48240
8.41016 48240
8.41347 48240
8.41679 48240
8.4201 48240
8.42341 48240
8.42672 48240
8.43003 48240
8.43335 48240
8.43666 48240
8.43997 48240
8.44328 48240
8.44659 48240
8.44991 48240
8.45322 48240
8.45653 48240
8.45984 48240
8.46315 48240
8.46647 48240
8.46978 48240
8.47309 48240
8.4764 48240
8.47971 48240
8.48303 48240
8.48634 48240
8.48965 48240
8.49296 48240
8.49627 48240
8.49959 48240
8.5029 48240
8.50621 48240
8.50952 48240
8.51283 48240
8.51615 48240
8.51946 48240
8.52277 48240
8.52608 48240
8.52939 48240
8.53271 48240
8.53602 48240
8.53933 48240
8.54264 48240
8.54595 48240
8.54927 48240
8.55258 48240
8.55589 48240
8.5592 48240
8.56251 48240
8.56583 48240
8.56914 48240
8.57245 48240
8.57576 48240
8.57907 48240
8.58239 48240
8.5857 48240
8.58901 48240
8.59232 48240
8.59563 48240
8.59895 48240
8.60226 48240
8.60557 48240
8.60888 48240
8.61219 48240
8.61551 48240
8.61882 48240
8.62213 48240
8.62544 48240
8.62875 48240
8.63207 48240
8.63538 48240
8.63869 48240
8.642 48240
8.64531 48240
8.64863 48240
8.65194 48240
8.65525 48240
8.65856 48240
8.66187 48240
8.66519 48240
8.6685 48240
8.67181 48240
8.67512 48240
8.67843 48240
8.68175 48240
8.68506 48240
8.68837 48240
8.69168 48240
8.69499 48240
8.69831 48240
8.70162 48240
8.70493 48240
8.70824 48240
8.71155 48240
8.71487 48240
8.71818 48240
8.72149 48240
8.7248 48240
8.72811 48240
8.73143 48240
8.73474 48240
8.73805 48240
8.74136 48240
8.74467 48240
8.74799 48240
8.7513 48240
8.75461 48240
8.75792 48240
8.76123 48240
8.76455 48240
8.76786 48240
8.77117 48240
8.77448 48240
8.77779 48240
8.78111 48240
8.78442 48240
8.78773 48240
8.79104 48240
8.79435 48240
8.79767 48240
8.80098 48240
8.80429 48240
8.8076 48240
8.81091 48240
8.81423 48240
8.81754 48240
8.82085 48240
8.82416 48240
8.82747 48240
8.83079 48240
8.8341 48240
8.83741 48240
8.84072 48240
8.84403 48240
8.84735 48240
8.85066 48240
8.85397 48240
8.85728 48240
8.86059 48240
8.86391 48240
8.86722 48240
8.87053 48240
8.87384 48240
8.87715 48240
8.88047 48240
8.88378 48240
8.88709 48240
8.8904 48240
8.89371 48240
8.89703 48240
8.90034 48240
8.90365 48240
8.90696 48240
8.91027 48240
8.91359 48240
8.9169 48240
8.92021 48240
8.92352 48240
8.92683 48240
8.93015 48240
8.93346 48240
8.93677 48240
8.94008 48240
8.94339 48240
8.94671 48240
8.95002 48240
8.95333 48240
8.95664 48240
8.95995 48240
8.96327 48240
8.96658 48240
8.96989 48240
8.9732 48240
8.97651 48240
8.97983 48240
8.98314 48240
8.98645 48240
8.98976 48240
8.99307 48240
8.99639 48240
8.9997 48240
9.00301 48240
9.00632 48240
9.00963 48240
9.01295 48240
9.01626 48240
9.01957 48240
9.02288 48240
9.02619 48240
9.02951 48240
9.03282 48240
9.03613 48240
9.03944 48240
9.04275 48240
9.04607 48240
9.04938 48240
9.05269 48240
9.056 48240
9.05931 48240
9.06263 48240
9.06594 48240
9.06925 48240
9.07256 48240
9.07587 48240
9.07919 48240
9.0825 48240
9.08581 48240
9.08912 48240
9.09243 48240
9.09575 48240
9.09906 48240
9.10237 48240
9.10568 48240
9.10899 48240
9.11231 48240
9.11562 48240
9.11893 48240
9.12224 48240
9.12555 48240
9.12887 48240
9.13218 48240
9.13549 48240
9.1388 48240
9.14211 48240
9.14543 48240
9.14874 48240
9.15205 48240
9.15536 48240
9.15867 48240
9.16199 48240
9.1653 48240
9.16861 48240
9.17192 48240
9.17523 48240
9.17855 48240
9.18186 48240
9.18517 48240
9.18848 48240
9.19179 48240
9.19511 48240
9.19842 48240
9.20173 48240
9.20504 48240
9.20835 48240
9.21167 48240
9.21498 48240
9.21829 48240
9.2216 48240
9.22491 48240
9.22823 48240
9.23154 48240
9.23485 48240
9.23816 48240
9.24147 48240
9.24479 48240
9.2481 48240
9.25141 48240
9.25472 48240
9.25803 48240
9.26135 48240
9.26466 48240
9.26797 48240
9.27128 48240
9.27459 48240
9.27791 48240
9.28122 48240
9.28453 48240
9.28784 48240
9.29115 48240
9.29447 48240
9.29778 48240
9.30109 48240
9.3044 48240
9.30771 48240
9.31103 48240
9.31434 48240
9.31765 48240
9.32096 48240
9.32427 48240
9.32759 48240
9.3309 48240
9.33421 48240
9.33752 48240
9.34083 48240
9.34415 48240
9.34746 48240
9.35077 48240
9.35408 48240
9.35739 48240
9.36071 48240
9.36402 48240
9.36733 48240
9.37064 48240
9.37395 48240
9.37727 48240
9.38058 48240
9.38389 48240
9.3872 48240
9.39051 48240
9.39383 48240
9.39714 48240
9.40045 48240
9.40376 48240
9.40707 48240
9.41039 48240
9.4137 48240
9.41701 48240
9.42032 48240
9.42363 48240
9.42695 48240
9.43026 48240
9.43357 48240
9.43688 48240
9.44019 48240
9.44351 48240
9.44682 48240
9.45013 48240
9.45344 48240
9.45675 48240
9.46007 48240
9.46338 48240
9.46669 48240
9.47 48240
9.47331 48240
9.47663 48240
9.47994 48240
9.48325 48240
9.48656 48240
9.48987 48240
9.49319 48240
9.4965 48240
9.49981 48240
9.50312 48240
9.50643 48240
9.50975 48240
9.51306 48240
9.51637 48240
9.51968 48240
9.52299 48240
9.52631 48240
9.52962 48240
9.53293 48240
9.53624 48240
9.53955 48240
9.54287 48240
9.54618 48240
9.54949 48240
9.5528 48240
9.55611 48240
9.55943 48240
9.56274 48240
9.56605 48240
9.56936 48240
9.57267 48240
9.57599 48240
9.5793 48240
9.58261 48240
9.58592 48240
9.58923 48240
9.59255 48240
9.59586 48240
9.59917 48240
9.60248 48240
9.60579 48240
9.60911 48240
9.61242 48240
9.61573 48240
9.61904 48240
9.62235 48240
9.62567 48240
9.62898 48240
9.63229 48240
9.6356 48240
9.63891 48240
9.64223 48240
9.64554 48240
9.64885 48240
9.65216 48240
9.65547 48240
9.65879 48240
9.6621 48240
9.66541 48240
9.66872 48240
9.67203 48240
9.67535 48240
9.67866 48240
9.68197 48240
9.68528 48240
9.68859 48240
9.69191 48240
9.69522 48240
9.69853 48240
9.70184 48240
9.70515 48240
9.70847 48240
9.71178 48240
9.71509 48240
9.7184 48240
9.72171 48240
9.72503 48240
9.72834 48240
9.73165 48240
9.73496 48240
9.73827 48240
9.74159 48240
9.7449 48240
9.74821 48240
9.75152 48240
9.75483 48240
9.75815 48240
9.76146 48240
9.76477 48240
9.76808 48240
9.77139 48240
9.77471 48240
9.77802 48240
9.78133 48240
9.78464 48240
9.78795 48240
9.79127 48240
9.79458 48240
9.79789 48240
9.8012 48240
9.80451 48240
9.80783 48240
9.81114 48240
9.81445 48240
9.81776 48240
9.82107 48240
9.82439 48240
9.8277 48240
9.83101 48240
9.83432 48240
9.83763 48240
9.84095 48240
9.84426 48240
9.84757 48240
9.85088 48240
9.85419 48240
9.85751 48240
9.86082 48240
9.86413 48240
9.86744 48240
9.87075 48240
9.87407 48240
9.87738 48240
9.88069 48240
9.884 48240
9.88731 48240
9.89063 48240
9.89394 48240
9.89725 48240
9.90056 48240
9.90387 48240
9.90719 48240
9.9105 48240
9.91381 48240
9.91712 48240
9.92043 48240
9.92375 48240
9.92706 48240
9.93037 48240
9.93368 48240
9.93699 48240
9.94031 48240
9.94362 48240
9.94693 48240
9.95024 48240
9.95355 48240
9.95687 48240
9.96018 48240
9.96349 48240
9.9668 48240
9.97011 48240
9.97343 48240
9.97674 48240
9.98005 48240
9.98336 48240
9.98667 48240
9.98999 48240
9.9933 48240
9.99661 48240
9.99992 48240
10.0032 48240
10.0065 48240
10.0099 48240
10.0132 48240
10.0165 48240
10.0198 48240
10.0231 48240
10.0264 48240
10.0297 48240
10.033 48240
10.0364 48240
10.0397 48240
10.043 48240
10.0463 48240
10.0496 48240
10.0529 48240
10.0562 48240
10.0595 48240
10.0628 48240
10.0662 48240
10.0695 48240
10.0728 48240
10.0761 48240
10.0794 48240
10.0827 48240
10.086 48240
10.0893 48240
10.0927 48240
10.096 48240
10.0993 48240
10.1026 48240
10.1059 48240
10.1092 48240
10.1125 48240
10.1158 48240
10.1192 48240
10.1225 48240
10.1258 48240
10.1291 48240
10.1324 48240
10.1357 48240
10.139 48240
10.1423 48240
10.1456 48240
10.149 48240
10.1523 48240
10.1556 48240
10.1589 48240
10.1622 48240
10.1655 48240
10.1688 48240
10.1721 48240
10.1755 48240
10.1788 48240
10.1821 48240
10.1854 48240
10.1887 48240
10.192 48240
10.1953 48240
10.1986 48240
10.202 48240
10.2053 48240
10.2086 48240
10.2119 48240
10.2152 48240
10.2185 48240
10.2218 48240
10.2251 48240
10.2284 48240
10.2318 48240
10.2351 48240
10.2384 48240
10.2417 48240
10.245 48240
10.2483 48240
10.2516 48240
10.2549 48240
10.2583 48240
10.2616 48240
10.2649 48240
10.2682 48240
10.2715 48240
10.2748 48240
10.2781 48240
10.2814 48240
10.2848 48240
10.2881 48240
10.2914 48240
10.2947 48240
10.298 48240
10.3013 48240
10.3046 48240
10.3079 48240
10.3112 48240
10.3146 48240
10.3179 48240
10.3212 48240
10.3245 48240
10.3278 48240
10.3311 48240
10.3344 48240
10.3377 48240
10.3411 48240
10.3444 48240
10.3477 48240
10.351 48240
10.3543 48240
10.3576 48240
10.3609 48240
10.3642 48240
10.3676 48240
10.3709 48240
10.3742 48240
10.3775 48240
10.3808 48240
10.3841 48240
10.3874 48240
10.3907 48240
10.394 48240
10.3974 48240
10.4007 48240
10.404 48240
10.4073 48240
10.4106 48240
10.4139 48240
10.4172 48240
10.4205 48240
10.4239 48240
10.4272 48240
10.4305 48240
10.4338 48240
10.4371 48240
10.4404 48240
10.4437 48240
10.447 48240
10.4504 48240
10.4537 48240
10.457 48240
10.4603 48240
10.4636 48240
10.4669 48240
10.4702 48240
10.4735 48240
10.4768 48240
10.4802 48240
10.4835 48240
10.4868 48240
10.4901 48240
10.4934 48240
10.4967 48240
10.5 48240
10.5033 48240
10.5067 48240
10.51 48240
10.5133 48240
10.5166 48240
10.5199 48240
10.5232 48240
10.5265 48240
10.5298 48240
10.5332 48240
10.5365 48240
10.5398 48240
10.5431 48240
10.5464 48240
10.5497 48240
10.553 48240
10.5563 48240
10.5596 48240
10.563 48240
10.5663 48240
10.5696 48240
10.5729 48240
10.5762 48240
10.5795 48240
10.5828 48240
10.5861 48240
10.5895 48240
10.5928 48240
10.5961 48240
10.5994 48240
10.6027 48240
10.606 48240
10.6093 48240
10.6126 48240
10.616 48240
10.6193 48240
10.6226 48240
10.6259 48240
10.6292 48240
10.6325 48240
10.6358 48240
10.6391 48240
10.6424 48240
10.6458 48240
10.6491 48240
10.6524 48240
10.6557 48240
10.659 48240
10.6623 48240
10.6656 48240
10.6689 48240
10.6723 48240
10.6756 48240
10.6789 48240
10.6822 48240
10.6855 48240
10.6888 48240
10.6921 48240
10.6954 48240
10.6988 48240
10.7021 48240
10.7054 48240
10.7087 48240
10.712 48240
10.7153 48240
10.7186 48240
10.7219 48240
10.7252 48240
10.7286 48240
10.7319 48240
10.7352 48240
10.7385 48240
10.7418 48240
10.7451 48240
10.7484 48240
10.7517 48240
10.7551 48240
10.7584 48240
10.7617 48240
10.765 48240
10.7683 48240
10.7716 48240
10.7749 48240
10.7782 48240
10.7816 48240
10.7849 48240
10.7882 48240
10.7915 48240
10.7948 48240
10.7981 48240
10.8014 48240
10.8047 48240
10.808 48240
10.8114 48240
10.8147 48240
10.818 48240
10.8213 48240
10.8246 48240
10.8279 48240
10.8312 48240
10.8345 48240
10.8379 48240
10.8412 48240
10.8445 48240
10.8478 48240
10.8511 48240
10.8544 48240
10.8577 48240
10.861 48240
10.8644 48240
10.8677 48240
10.871 48240
10.8743 48240
10.8776 48240
10.8809 48240
10.8842 48240
10.8875 48240
10.8908 48240
10.8942 48240
10.8975 48240
10.9008 48240
10.9041 48240
10.9074 48240
10.9107 48240
10.914 48240
10.9173 48240
10.9207 48240
10.924 48240
10.9273 48240
10.9306 48240
10.9339 48240
10.9372 48240
10.9405 48240
10.9438 48240
10.9472 48240
10.9505 48240
10.9538 48240
10.9571 48240
10.9604 48240
10.9637 48240
10.967 48240
10.9703 48240
10.9736 48240
10.977 48240
10.9803 48240
10.9836 48240
10.9869 48240
10.9902 48240
10.9935 48240
10.9968 48240
11.0001 48240
11.0035 48240
11.0068 48240
11.0101 48240
11.0134 48240
11.0167 48240
11.02 48240
11.0233 48240
11.0266 48240
11.03 48240
11.0333 48240
11.0366 48240
11.0399 48240
11.0432 48240
11.0465 48240
11.0498 48240
11.0531 48240
11.0564 48240
11.0598 48240
11.0631 48240
11.0664 48240
11.0697 48240
11.073 48240
11.0763 48240
11.0796 48240
11.0829 48240
11.0863 48240
11.0896 48240
11.0929 48240
11.0962 48240
11.0995 48240
11.1028 48240
11.1061 48240
11.1094 48240
11.1128 48240
11.1161 48240
11.1194 48240
11.1227 48240
11.126 48240
11.1293 48240
11.1326 48240
11.1359 48240
11.1392 48240
11.1426 48240
11.1459 48240
11.1492 48240
11.1525 48240
11.1558 48240
11.1591 48240
11.1624 48240
11.1657 48240
11.1691 48240
11.1724 48240
11.1757 48240
11.179 48240
11.1823 48240
11.1856 48240
11.1889 48240
11.1922 48240
11.1956 48240
11.1989 48240
11.2022 48240
11.2055 48240
11.2088 48240
11.2121 48240
11.2154 48240
11.2187 48240
11.222 48240
11.2254 48240
11.2287 48240
11.232 48240
11.2353 48240
11.2386 48240
11.2419 48240
11.2452 48240
11.2485 48240
11.2519 48240
11.2552 48240
11.2585 48240
11.2618 48240
11.2651 48240
11.2684 48240
11.2717 48240
11.275 48240
11.2784 48240
11.2817 48240
11.285 48240
11.2883 48240
11.2916 48240
11.2949 48240
11.2982 48240
11.3015 48240
11.3048 48240
11.3082 48240
11.3115 48240
11.3148 48240
11.3181 48240
11.3214 48240
11.3247 48240
11.328 48240
11.3313 48240
11.3347 48240
11.338 48240
11.3413 48240
11.3446 48240
11.3479 48240
11.3512 48240
11.3545 48240
11.3578 48240
11.3612 48240
11.3645 48240
11.3678 48240
11.3711 48240
11.3744 48240
11.3777 48240
11.381 48240
11.3843 48240
11.3876 48240
11.391 48240
11.3943 48240
11.3976 48240
11.4009 48240
11.4042 48240
11.4075 48240
11.4108 48240
11.4141 48240
11.4175 48240
11.4208 48240
11.4241 48240
11.4274 48240
11.4307 48240
11.434 48240
11.4373 48240
11.4406 48240
11.444 48240
11.4473 48240
11.4506 48240
11.4539 48240
11.4572 48240
11.4605 48240
11.4638 48240
11.4671 48240
11.4704 48240
11.4738 48240
11.4771 48240
11.4804 48240
11.4837 48240
11.487 48240
11.4903 48240
11.4936 48240
11.4969 48240
11.5003 48240
11.5036 48240
11.5069 48240
11.5102 48240
11.5135 48240
11.5168 48240
11.5201 48240
11.5234 48240
11.5268 48240
11.5301 48240
11.5334 48240
11.5367 48240
11.54 48240
11.5433 48240
11.5466 48240
11.5499 48240
11.5532 48240
11.5566 48240
11.5599 48240
11.5632 48240
11.5665 48240
11.5698 48240
11.5731 48240
11.5764 48240
11.5797 48240
11.5831 48240
11.5864 48240
11.5897 48240
11.593 48240
11.5963 48240
11.5996 48240
11.6029 48240
11.6062 48240
11.6096 48240
11.6129 48240
11.6162 48240
11.6195 48240
11.6228 48240
11.6261 48240
11.6294 48240
11.6327 48240
11.636 48240
11.6394 48240
11.6427 48240
11.646 48240
11.6493 48240
11.6526 48240
11.6559 48240
11.6592 48240
11.6625 48240
11.6659 48240
11.6692 48240
11.6725 48240
11.6758 48240
11.6791 48240
11.6824 48240
11.6857 48240
11.689 48240
11.6924 48240
11.6957 48240
11.699 48240
11.7023 48240
11.7056 48240
11.7089 48240
11.7122 48240
11.7155 48240
11.7188 48240
11.7222 48240
11.7255 48240
11.7288 48240
11.7321 48240
11.7354 48240
11.7387 48240
11.742 48240
11.7453 48240
11.7487 48240
11.752 48240
11.7553 48240
11.7586 48240
11.7619 48240
11.7652 48240
11.7685 48240
11.7718 48240
11.7752 48240
11.7785 48240
11.7818 48240
11.7851 48240
11.7884 48240
11.7917 48240
11.795 48240
11.7983 48240
11.8016 48240
11.805 48240
11.8083 48240
11.8116 48240
11.8149 48240
11.8182 48240
11.8215 48240
11.8248 48240
11.8281 48240
11.8315 48240
11.8348 48240
11.8381 48240
11.8414 48240
11.8447 48240
11.848 48240
11.8513 48240
11.8546 48240
11.858 48240
11.8613 48240
11.8646 48240
11.8679 48240
11.8712 48240
11.8745 48240
11.8778 48240
11.8811 48240
11.8844 48240
11.8878 48240
11.8911 48240
11.8944 48240
11.8977 48240
11.901 48240
11.9043 48240
11.9076 48240
11.9109 48240
11.9143 48240
11.9176 48240
11.9209 48240
11.9242 48240
11.9275 48240
11.9308 48240
11.9341 48240
11.9374 48240
11.9408 48240
11.9441 48240
11.9474 48240
11.9507 48240
11.954 48240
11.9573 48240
11.9606 48240
11.9639 48240
11.9672 48240
11.9706 48240
11.9739 48240
11.9772 48240
11.9805 48240
11.9838 48240
11.9871 48240
11.9904 48240
11.9937 48240
11.9971 48240
12.0004 48240
12.0037 48240
12.007 48240
12.0103 48240
12.0136 48240
12.0169 48240
12.0202 48240
12.0236 48240
12.0269 48240
12.0302 48240
12.0335 48240
12.0368 48240
12.0401 48240
12.0434 48240
12.0467 48240
12.05 48240
12.0534 48240
12.0567 48240
12.06 48240
12.0633 48240
12.0666 48240
12.0699 48240
12.0732 48240
12.0765 48240
12.0799 48240
12.0832 48240
12.0865 48240
12.0898 48240
12.0931 48240
12.0964 48240
12.0997 48240
12.103 48240
12.1064 48240
12.1097 48240
12.113 48240
12.1163 48240
12.1196 48240
12.1229 48240
12.1262 48240
12.1295 48240
12.1328 48240
12.1362 48240
12.1395 48240
12.1428 48240
12.1461 48240
12.1494 48240
12.1527 48240
12.156 48240
12.1593 48240
12.1627 48240
12.166 48240
12.1693 48240
12.1726 48240
12.1759 48240
12.1792 48240
12.1825 48240
12.1858 48240
12.1892 48240
12.1925 48240
12.1958 48240
12.1991 48240
12.2024 48240
12.2057 48240
12.209 48240
12.2123 48240
12.2156 48240
12.219 48240
12.2223 48240
12.2256 48240
12.2289 48240
12.2322 48240
12.2355 48240
12.2388 48240
12.2421 48240
12.2455 48240
12.2488 48240
12.2521 48240
12.2554 48240
12.2587 48240
12.262 48240
12.2653 48240
12.2686 48240
12.272 48240
12.2753 48240
12.2786 48240
12.2819 48240
12.2852 48240
12.2885 48240
12.2918 48240
12.2951 48240
12.2984 48240
12.3018 48240
12.3051 48240
12.3084 48240
12.3117 48240
12.315 48240
12.3183 48240
12.3216 48240
12.3249 48240
12.3283 48240
12.3316 48240
12.3349 48240
12.3382 48240
12.3415 48240
12.3448 48240
12.3481 48240
12.3514 48240
12.3548 48240
12.3581 48240
12.3614 48240
12.3647 48240
12.368 48240
12.3713 48240
12.3746 48240
12.3779 48240
12.3812 48240
12.3846 48240
12.3879 48240
12.3912 48240
12.3945 48240
12.3978 48240
12.4011 48240
12.4044 48240
12.4077 48240
12.4111 48240
12.4144 48240
12.4177 48240
12.421 48240
12.4243 48240
12.4276 48240
12.4309 48240
12.4342 48240
12.4376 48240
12.4409 48240
12.4442 48240
12.4475 48240
12.4508 48240
12.4541 48240
12.4574 48240
12.4607 48240
12.464 48240
12.4674 48240
12.4707 48240
12.474 48240
12.4773 48240
12.4806 48240
12.4839 48240
12.4872 48240
12.4905 48240
12.4939 48240
12.4972 48240
12.5005 48240
12.5038 48240
12.5071 48240
12.5104 48240
12.5137 48240
12.517 48240
12.5204 48240
12.5237 48240
12.527 48240
12.5303 48240
12.5336 48240
12.5369 48240
12.5402 48240
12.5435 48240
12.5468 48240
12.5502 48240
12.5535 48240
12.5568 48240
12.5601 48240
12.5634 48240
12.5667 48240
12.57 48240
12.5733 48240
12.5767 48240
12.58 48240
12.5833 48240
12.5866 48240
12.5899 48240
12.5932 48240
12.5965 48240
12.5998 48240
