0.0905768 1
0.182886 361
0.276809 1081
0.370731 1801
0.462998 2521
0.46631 3241
0.55692 3961
0.560232 4681
0.563544 5401
0.650842 6121
0.654154 6841
0.657466 7561
0.660778 8281
0.743109 9001
0.746421 9721
0.749733 10441
0.753045 11161
0.756357 11881
0.759669 12601
0.835375 13321
0.838687 14041
0.841999 14761
0.845311 15481
0.848623 16201
0.851935 16921
0.855247 17641
0.858559 18361
0.861871 19081
0.927642 19801
0.930954 20521
0.934266 21241
0.937578 21961
0.94089 22681
0.944202 23401
0.947514 24121
0.950826 24841
0.954138 25561
0.95745 26281
0.960762 27001
0.964074 27721
0.967386 28441
0.970698 29161
1.02156 29881
1.02488 30601
1.02819 31321
1.0315 32041
1.03481 32761
1.03812 33481
1.04144 34201
1.04475 34921
1.04806 35641
1.05137 36361
1.05468 37081
1.058 37801
1.06131 38521
1.06462 39241
1.06793 39961
1.07124 40681
1.07456 41401
1.08118 42841
1.08449 43561
1.0878 44281
1.11549 45001
1.1188 45721
1.12211 46441
1.12542 47161
1.12873 47881
1.13205 48601
1.13536 49321
1.13867 50041
1.14198 50761
1.14529 51481
1.14861 52201
1.15192 52921
1.15523 53641
1.15854 54361
1.16185 55081
1.16517 55801
1.16848 56521
1.17179 57241
1.1751 57961
1.17841 58681
1.18173 59401
1.18504 60121
1.18835 60841
1.19166 61561
1.19497 62281
1.19829 63001
1.2016 63721
1.20491 64441
1.20822 65161
1.21153 65881
1.21485 66601
1.21816 67321
1.22147 68041
1.22478 68761
1.22809 69481
1.23141 70201
1.23472 70921
1.23803 71641
1.24134 72361
1.24465 73081
1.24797 73801
1.25128 74521
1.25459 75241
1.2579 75961
1.26121 76681
1.26453 77401
1.26784 78121
1.27115 78841
1.27446 79561
1.27777 80281
1.28109 81001
1.2844 81721
1.28771 82441
1.29102 83161
1.29433 83881
1.29765 84601
1.30096 85321
1.30427 86041
1.30758 86761
1.31089 87481
1.31421 88201
1.31752 88921
1.32083 89641
1.5328 135361
1.53611 136081
1.53942 136801
1.54273 137521
1.54605 138241
1.54936 138961
1.55267 139681
1.55598 140401
1.55929 141121
1.56261 141841
1.56592 142561
1.56923 143281
1.57254 144001
1.57585 144721
1.57917 145441
1.58248 146161
1.58579 146881
1.5891 147601
1.59241 148321
1.59573 149041
1.59904 149761
1.60235 150481
1.70999 173521
1.75593 174241
1.75924 174961
1.76255 175681
1.76586 176401
1.76917 177121
1.77249 177841
1.7758 178561
1.77911 179281
1.78242 180001
1.78573 180721
1.78905 181441
1.79236 182161
1.79567 182881
1.79898 183601
1.80229 184321
1.84985 185041
1.85316 185761
1.85647 186481
1.85979 187201
1.8631 187921
1.86641 188641
1.86972 189361
1.87303 190081
1.87635 190801
1.87966 191521
1.88297 192241
1.88628 192961
1.88959 193681
1.89291 194401
1.89622 195121
1.94377 195841
1.94708 196561
1.9504 197281
1.95371 198001
1.95702 198721
1.96033 199441
1.96364 200161
1.96696 200881
1.97027 201601
1.97358 202321
1.97689 203041
1.9802 203761
1.98352 204481
1.98683 205201
1.99014 205921
2.03769 206641
2.04101 207361
2.04432 208081
2.14325 219601
2.1714 220321
2.17471 221041
2.22227 221761
2.22558 222481
2.22889 223201
2.23224 223921
2.23555 224641
2.26532 225361
2.26863 226081
2.31619 226801
2.3195 227521
2.32281 228241
2.32616 228961
2.32947 229681
2.35924 230401
2.36256 231121
2.41011 231841
2.41342 232561
2.41673 233281
2.42008 234001
2.4234 234721
2.45317 235441
2.45648 236161
2.50403 236881
2.50734 237601
2.51066 238321
2.51401 239041
2.51732 239761
2.54709 240481
2.5504 241201
2.59795 241921
2.60127 242641
2.60458 243361
2.60793 244081
2.61124 244801
2.64101 245521
2.64432 246241
2.69188 246961
2.69519 247681
2.6985 248401
2.70185 249121
2.70516 249841
2.73493 250561
2.73825 251281
2.7858 252001
2.78911 252721
2.79242 253441
2.79577 254161
2.79909 254881
2.82886 255601
2.83217 256321
2.87972 257041
2.88303 257761
2.88635 258481
2.8897 259201
2.89301 259921
2.92278 260641
2.92609 261361
2.97364 262081
2.97696 262801
2.98027 263521
2.98362 264241
2.98693 264961
3.0167 265681
3.02001 266401
3.06757 267121
3.07088 267841
3.07419 268561
3.07754 269281
3.08085 270001
3.11062 270721
3.11393 271441
3.16149 272161
3.1648 272881
3.16811 273601
3.17146 274321
3.17478 275041
3.20455 275761
3.20786 276481
3.25541 277201
3.25872 277921
3.26204 278641
3.26539 279361
3.2687 280081
3.29847 280801
3.30178 281521
3.34933 282241
3.35265 282961
3.35596 283681
3.35931 284401
3.36262 285121
3.39239 285841
3.3957 286561
3.44326 287281
3.44657 288001
3.44988 288721
3.45323 289441
3.45654 290161
3.48631 290881
3.48962 291601
3.53718 292321
3.54049 293041
3.5438 293761
3.54715 294481
3.55047 295201
3.58023 295921
3.58355 296641
3.6311 297361
3.63441 298081
3.63773 298801
3.64108 299521
3.64439 300241
3.67416 300961
3.67747 301681
3.72502 302401
3.72834 303121
3.73165 303841
3.735 304561
3.73831 305281
3.76808 306001
3.77139 306721
3.81895 307441
3.82226 308161
3.82557 308881
3.82892 309601
3.83223 310321
3.862 311041
3.86531 311761
3.91287 312481
3.91618 313201
3.91949 313921
3.92284 314641
3.92615 315361
3.95592 316081
3.95924 316801
4.00679 317521
4.0101 318241
4.01341 318961
4.01677 319681
4.02008 320401
4.04985 321121
4.05316 321841
4.10071 322561
4.10403 323281
4.10734 324001
4.11069 324721
4.114 325441
4.14377 326161
4.14708 326881
4.19464 327601
4.19795 328321
4.20126 329041
4.20461 329761
4.20792 330481
4.23769 331201
4.241 331921
4.28856 332641
4.29187 333361
4.29518 334081
4.29853 334801
4.30184 335521
4.33161 336241
4.33493 336961
4.38248 337681
4.38579 338401
4.3891 339121
4.39245 339841
4.39577 340561
4.42554 341281
4.42885 342001
4.4764 342721
4.47971 343441
4.48303 344161
4.48638 344881
4.48969 345601
4.51946 346321
4.52277 347041
4.57033 347761
4.57364 348481
4.57695 349201
4.5803 349921
4.58361 350641
4.61338 351361
4.61669 352081
4.66425 352801
4.66756 353521
4.67087 354241
4.67422 354961
4.67753 355681
4.7073 356401
4.71062 357121
4.75817 357841
4.76148 358561
4.76479 359281
4.76814 360001
4.77146 360721
4.80123 361441
4.80454 362161
4.85209 362881
4.8554 363601
4.85872 364321
4.86207 365041
4.86538 365761
4.89515 366481
4.89846 367201
4.94601 367921
4.94933 368641
4.95264 369361
4.95599 370081
4.9593 370801
4.98907 371521
4.99238 372241
5.03994 372961
5.04325 373681
5.04656 374401
5.04991 375121
5.05322 375841
5.08299 376561
5.08631 377281
5.13386 378001
5.13717 378721
5.14048 379441
5.14383 380161
5.14715 380881
5.17692 381601
5.18023 382321
5.22778 383041
5.23109 383761
5.23441 384481
5.23776 385201
5.24107 385921
5.27084 386641
5.27415 387361
5.3217 388081
5.32502 388801
5.32833 389521
5.33168 390241
5.33499 390961
5.36476 391681
5.36807 392401
5.41563 393121
5.41894 393841
5.42225 394561
5.4256 395281
5.42891 396001
5.45868 396721
5.46199 397441
5.50955 398161
5.51286 398881
5.51617 399601
5.51952 400321
5.52284 401041
5.55261 401761
5.55592 402481
5.60347 403201
5.60678 403921
5.6101 404641
5.61345 405361
5.61676 406081
5.64653 406801
5.64984 407521
5.69739 408241
5.70071 408961
5.70402 409681
5.70737 410401
5.71068 411121
5.74045 411841
5.74376 412561
5.79132 413281
5.79463 414001
5.79794 414721
5.80129 415441
5.8046 416161
5.83437 416881
5.83768 417601
5.88524 418321
5.88855 419041
5.89186 419761
5.89521 420481
5.89853 421201
5.92829 421921
5.93161 422641
5.97916 423361
5.98247 424081
5.98579 424801
5.98914 425521
5.99245 426241
6.02222 426961
6.02553 427681
6.07308 428401
6.0764 429121
6.07971 429841
6.08306 430561
6.08637 431281
6.11614 432001
6.11945 432721
6.16701 433441
6.17032 434161
6.17363 434881
6.17698 435601
6.18029 436321
6.21006 437041
6.21337 437761
6.26093 438481
6.26424 439201
6.26755 439921
6.2709 440641
6.27421 441361
6.30398 442081
6.3073 442801
6.35485 443521
6.35816 444241
6.36147 444961
6.36483 445681
6.36814 446401
6.39791 447121
6.40122 447841
6.44877 448561
6.45209 449281
6.4554 450001
6.45875 450721
6.46206 451441
6.49183 452161
6.49514 452881
6.5427 453601
6.54601 454321
6.54932 455041
6.55267 455761
6.55598 456481
6.58575 457201
6.58906 457921
6.63662 458641
6.63993 459361
6.64324 460081
6.64659 460801
6.6499 461521
6.67967 462241
6.68299 462961
6.73054 463681
6.73385 464401
6.73716 465121
6.74051 465841
6.74383 466561
6.7736 467281
6.77691 468001
6.82446 468721
6.82777 469441
6.83109 470161
6.83444 470881
6.83775 471601
6.86752 472321
6.87083 473041
6.91839 473761
6.9217 474481
6.92501 475201
6.92836 475921
6.93167 476641
6.96144 477361
6.96475 478081
7.01231 478801
7.01562 479521
7.01893 480241
7.02228 480961
7.02559 481681
7.05536 482401
7.05868 483121
7.10623 483841
7.10954 484561
7.11285 485281
7.1162 486001
7.11952 486721
7.14929 487441
7.1526 488161
7.20015 488881
7.20346 489601
7.20678 490321
7.21013 491041
7.21344 491761
7.24321 492481
7.24652 493201
7.29407 493921
7.29739 494641
7.3007 495361
7.30405 496081
7.30736 496801
7.33713 497521
7.34044 498241
7.388 498961
7.39131 499681
7.39462 500401
7.39797 501121
7.40128 501841
7.43105 502561
7.43436 503281
7.48192 504001
7.48523 504721
7.48854 505441
7.49189 506161
7.49521 506881
7.52498 507601
7.52829 508321
7.57584 509041
7.57915 509761
7.58247 510481
7.58582 511201
7.58913 511921
7.6189 512641
7.62221 513361
7.66976 514081
7.67308 514801
7.67639 515521
7.67974 516241
7.68305 516961
7.71282 517681
7.71613 518401
7.76369 519121
7.767 519841
7.77031 520561
7.77366 521281
7.77697 522001
7.80674 522721
7.81005 523441
7.85761 524161
7.86092 524881
7.86423 525601
7.86758 526321
7.8709 527041
7.90066 527761
7.90398 528481
7.95153 529201
7.95484 529921
7.95816 530641
7.96151 531361
7.96482 532081
7.99459 532801
7.9979 533521
8.04545 534241
8.04877 534961
8.05208 535681
8.05543 536401
8.05874 537121
8.08851 537841
8.09182 538561
8.13938 539281
8.14269 540001
8.146 540721
8.14935 541441
8.15266 542161
8.18243 542881
8.18574 543601
8.2333 544321
8.23661 545041
8.23992 545761
8.24327 546481
8.24658 547201
8.27635 547921
8.27967 548641
8.32722 549361
8.33053 550081
8.33384 550801
8.3372 551521
8.34051 552241
8.37028 552961
8.37359 553681
8.42114 554401
8.42446 555121
8.42777 555841
8.43112 556561
8.43443 557281
8.4642 558001
8.46751 558721
8.51507 559441
8.51838 560161
8.52169 560881
8.52504 561601
8.52835 562321
8.55812 563041
8.56143 563761
8.60899 564481
8.6123 565201
8.61561 565921
8.61896 566641
8.62227 567361
8.65204 568081
8.65536 568801
8.70291 569521
8.70622 570241
8.70953 570961
8.71288 571681
8.7162 572401
8.74597 573121
8.74928 573841
8.79683 574561
8.80014 575281
8.80346 576001
8.80681 576721
8.81012 577441
8.83989 578161
8.8432 578881
8.89076 579601
8.89407 580321
8.89738 581041
8.90073 581761
8.90404 582481
8.93381 583201
8.93712 583921
8.98468 584641
8.98799 585361
8.9913 586081
8.99465 586801
8.99796 587521
9.02773 588241
9.03105 588961
9.0786 589681
9.08191 590401
9.08522 591121
9.08857 591841
9.09189 592561
9.12166 593281
9.12497 594001
9.17252 594721
9.17583 595441
9.17915 596161
9.1825 596881
9.18581 597601
9.21558 598321
9.21889 599041
9.26644 599761
9.26976 600481
9.27307 601201
9.27642 601921
9.27973 602641
9.3095 603361
9.31281 604081
9.36037 604801
9.36368 605521
9.36699 606241
9.37034 606961
9.37365 607681
9.40342 608401
9.40674 609121
9.45429 609841
9.4576 610561
9.46091 611281
9.46426 612001
9.46758 612721
9.49735 613441
9.50066 614161
9.54821 614881
9.55152 615601
9.55484 616321
9.55819 617041
9.5615 617761
9.59127 618481
9.59458 619201
9.64213 619921
9.64545 620641
9.64876 621361
9.65211 622081
9.65542 622801
9.68519 623521
9.6885 624241
9.73606 624961
9.73937 625681
9.74268 626401
9.74603 627121
9.74934 627841
9.77911 628561
9.78242 629281
9.82998 630001
9.83329 630721
9.8366 631441
9.83995 632161
9.84327 632881
9.87304 633601
9.87635 634321
9.9239 635041
9.92721 635761
9.93053 636481
9.93388 637201
9.93719 637921
9.96696 638641
9.97027 639361
10.0178 640081
10.0211 640801
10.0244 641521
10.0278 642241
10.0311 642961
10.0609 643681
10.0642 644401
10.1117 645121
10.1151 645841
10.1184 646561
10.1217 647281
10.125 648001
10.1548 648721
10.1581 649441
10.2057 650161
10.209 650881
10.2123 651601
10.2156 652321
10.219 653041
10.2487 653761
10.252 654481
10.2996 655201
10.3029 655921
10.3062 656641
10.3096 657361
10.3129 658081
10.3426 658801
10.346 659521
10.3935 660241
10.3968 660961
10.4001 661681
10.4035 662401
10.4068 663121
10.4366 663841
10.4399 664561
10.4874 665281
10.4907 666001
10.4941 666721
10.4974 667441
10.5007 668161
10.5305 668881
10.5338 669601
10.5814 670321
10.5847 671041
10.588 671761
10.5913 672481
10.5946 673201
10.6244 673921
10.6277 674641
10.6753 675361
10.6786 676081
10.6819 676801
10.6853 677521
10.6886 678241
10.7183 678961
10.7216 679681
10.7692 680401
10.7725 681121
10.7758 681841
10.7792 682561
10.7825 683281
10.8123 684001
10.8156 684721
10.8631 685441
10.8664 686161
10.8697 686881
10.8731 687601
10.8764 688321
10.9062 689041
10.9095 689761
10.957 690481
10.9604 691201
10.9637 691921
10.967 692641
10.9703 693361
11.0001 694081
11.0034 694801
11.051 695521
11.0543 696241
11.0576 696961
11.0609 697681
11.0643 698401
11.094 699121
11.0973 699841
11.1449 700561
11.1482 701281
11.1515 702001
11.1549 702721
11.1582 703441
11.1879 704161
11.1913 704881
11.2388 705601
11.2421 706321
11.2454 707041
11.2488 707761
11.2521 708481
11.2819 709201
11.2852 709921
11.3327 710641
11.336 711361
11.3394 712081
11.3427 712801
11.346 713521
11.3758 714241
11.3791 714961
11.4267 715681
11.43 716401
11.4333 717121
11.4366 717841
11.4399 718561
11.4697 719281
11.473 720001
11.5206 720721
11.5239 721441
11.5272 722161
11.5306 722881
11.5339 723601
11.5636 724321
11.567 725041
11.6145 725761
11.6178 726481
11.6211 727201
11.6245 727921
11.6278 728641
11.6576 729361
11.6609 730081
11.7084 730801
11.7117 731521
11.7151 732241
11.7184 732961
11.7217 733681
11.7515 734401
11.7548 735121
11.8023 735841
11.8057 736561
11.809 737281
11.8123 738001
11.8156 738721
11.8454 739441
11.8487 740161
11.8963 740881
11.8996 741601
11.9029 742321
11.9062 743041
11.9096 743761
11.9393 744481
11.9426 745201
11.9902 745921
11.9935 746641
11.9968 747361
12.0002 748081
12.0035 748801
12.0333 749521
12.0366 750241
12.0841 750961
12.0874 751681
12.0907 752401
12.0941 753121
12.0974 753841
12.1272 754561
12.1305 755281
12.178 756001
12.1814 756721
12.1847 757441
12.188 758161
12.1913 758881
12.2211 759601
12.2244 760321
12.272 761041
12.2753 761761
12.2786 762481
12.2819 763201
12.2852 763921
12.315 764641
12.3183 765361
12.3659 766081
12.3692 766801
12.3725 767521
12.3759 768241
12.3792 768961
12.4089 769681
12.4123 770401
12.4598 771121
12.4631 771841
12.4664 772561
12.4698 773281
12.4731 774001
12.5029 774721
12.5062 775441
12.5537 776161
12.557 776881
12.5604 777601
12.5637 778321
12.567 779041
12.5968 779761
12.6001 780481
12.6477 781201
12.651 781921
12.6543 782641
12.6576 783361
12.6609 784081
12.6907 784801
12.694 785521
12.7416 786241
12.7449 786961
12.7482 787681
12.7515 788401
12.7549 789121
12.7846 789841
12.7879 790561
12.8355 791281
12.8388 792001
12.8421 792721
12.8455 793441
12.8488 794161
12.8786 794881
12.8819 795601
12.9294 796321
12.9327 797041
12.936 797761
12.9394 798481
12.9427 799201
12.9725 799921
12.9758 800641
13.0233 801361
13.0267 802081
13.03 802801
13.0333 803521
13.0366 804241
13.0664 804961
13.0697 805681
13.1173 806401
13.1206 807121
13.1239 807841
13.1272 808561
13.1305 809281
13.1603 810001
13.1636 810721
13.2112 811441
13.2145 812161
13.2178 812881
13.2212 813601
13.2245 814321
13.2542 815041
13.2576 815761
13.3051 816481
13.3084 817201
13.3117 817921
13.3151 818641
13.3184 819361
13.3482 820081
13.3515 820801
13.399 821521
13.4023 822241
13.4057 822961
13.409 823681
13.4123 824401
13.4421 825121
13.4454 825841
13.493 826561
13.4963 827281
13.4996 828001
13.5029 828721
13.5062 829441
13.536 830161
13.5393 830881
13.5869 831601
13.5902 832321
13.5935 833041
13.5968 833761
13.6002 834481
13.6299 835201
13.6332 835921
13.6808 836641
13.6841 837361
13.6874 838081
13.6908 838801
13.6941 839521
13.7239 840241
13.7272 840961
13.7747 841681
13.778 842401
13.7813 843121
13.7847 843841
13.788 844561
13.8178 845281
13.8211 846001
13.8686 846721
13.872 847441
13.8753 848161
13.8786 848881
13.8819 849601
13.9117 850321
13.915 851041
13.9626 851761
13.9659 852481
13.9692 853201
13.9725 853921
13.9759 854641
14.0056 855361
14.0089 856081
14.0565 856801
14.0598 857521
14.0631 858241
14.0665 858961
14.0698 859681
14.0995 860401
14.1029 861121
14.1504 861841
14.1537 862561
14.157 863281
14.1604 864001
14.1637 864721
14.1935 865441
14.1968 866161
14.2443 866881
14.2476 867601
14.251 868321
14.2543 869041
14.2576 869761
14.2874 870481
14.2907 871201
14.3383 871921
14.3416 872641
14.3449 873361
14.3482 874081
14.3515 874801
14.3813 875521
14.3846 876241
14.4322 876961
14.4355 877681
14.4388 878402
