0.0 0
0.180557 0.18
0.362846 0.18025
0.546749 0.180719
0.730651 0.181129
0.912898 0.204238
0.91621 0.201958
1.0968 0.199713
1.10011 0.198249
1.10342 0.196843
1.2807 0.195238
1.28401 0.194333
1.28733 0.193416
1.29064 0.192614
1.46295 0.213412
1.46626 0.209986
1.46957 0.206863
1.47288 0.204505
1.4762 0.202567
1.47951 0.200871
1.6452 0.220137
1.64851 0.21587
1.65182 0.212011
1.65513 0.209135
1.65844 0.206618
1.66176 0.204416
1.66507 0.202989
1.66838 0.201615
1.67169 0.200413
1.82744 0.218862
1.83075 0.214629
1.83407 0.21105
1.83738 0.208294
1.84069 0.205882
1.844 0.203772
1.84731 0.2023
1.85063 0.201013
1.85394 0.199886
1.85725 0.199401
1.86056 0.19885
1.86387 0.198369
1.86719 0.198448
1.8705 0.198517
2.01134 0.196702
2.01466 0.19549
2.01797 0.194428
2.02128 0.1935
2.02459 0.193062
2.0279 0.19268
2.03122 0.19247
2.03453 0.192661
2.03784 0.192703
2.04115 0.192865
2.04446 0.193382
2.04778 0.193834
2.05109 0.194355
2.0544 0.195186
2.05771 0.195788
2.06102 0.196439
2.06434 0.197384
2.06765 0.198211
2.07096 0.19881
2.07427 0.199834
2.07758 0.200729
2.19525 0.198638
2.19856 0.197183
2.20187 0.19591
2.20518 0.194922
2.20849 0.194431
2.21181 0.193878
2.21512 0.193518
2.21843 0.193578
2.22174 0.193631
2.22505 0.193677
2.22837 0.194092
2.23168 0.194456
2.23499 0.194774
2.2383 0.195552
2.24161 0.196108
2.24493 0.196595
2.24824 0.19752
2.25155 0.19833
2.25486 0.198914
2.25817 0.199925
2.26149 0.200809
2.2648 0.201583
2.26811 0.20276
2.27142 0.203665
2.27473 0.204457
2.27805 0.20565
2.28136 0.206694
2.28467 0.207607
2.28798 0.208781
2.29129 0.209808
2.29461 0.210707
2.37749 0.221869
2.3808 0.21726
2.38412 0.213353
2.38743 0.210309
2.39074 0.207645
2.39405 0.205314
2.39736 0.20365
2.40068 0.202194
2.40399 0.20092
2.4073 0.200305
2.41061 0.199642
2.41392 0.199061
2.41724 0.199054
2.42055 0.199047
2.42386 0.198916
2.42717 0.199302
2.43048 0.199639
2.4338 0.199934
2.43711 0.200692
2.44042 0.201356
2.44373 0.201811
2.44704 0.20271
2.45036 0.203496
2.45367 0.204184
2.45698 0.205161
2.46029 0.206016
2.4636 0.206764
2.46692 0.207793
2.47023 0.208819
2.47354 0.209592
2.47685 0.210643
2.48016 0.211688
2.48348 0.212602
2.48679 0.213776
2.4901 0.214804
2.49341 0.215704
2.49672 0.216866
2.50004 0.218008
2.50335 0.218882
2.50666 0.220021
2.50997 0.221019
2.51328 0.222016
2.5166 0.223264
2.51991 0.224356
2.52322 0.225312
2.52653 0.226523
2.52984 0.227582
2.5614 0.222135
2.56471 0.217743
2.56802 0.214025
2.57133 0.210647
2.57464 0.208066
2.57796 0.205808
2.58127 0.203957
2.58458 0.202712
2.58789 0.201498
2.5912 0.200561
2.59452 0.200116
2.59783 0.199726
2.60114 0.199511
2.60445 0.199697
2.60776 0.199735
2.61108 0.199893
2.61439 0.200406
2.6177 0.200855
2.62101 0.201248
2.62432 0.201967
2.62764 0.202596
2.63095 0.203147
2.63426 0.204129
2.63757 0.204862
2.64088 0.205505
2.6442 0.206567
2.64751 0.207496
2.65082 0.208184
2.65413 0.209286
2.65744 0.21025
2.66076 0.211094
2.66407 0.212332
2.66738 0.213291
2.67069 0.214129
2.674 0.215363
2.67732 0.216443
2.68063 0.217387
2.68394 0.218589
2.68725 0.21964
2.69056 0.22056
2.69388 0.22174
2.69719 0.222898
2.7005 0.223786
2.70381 0.224937
2.70712 0.22607
2.71044 0.227061
2.71375 0.228304
2.71706 0.229391
2.72037 0.230342
2.72368 0.231549
2.727 0.232606
2.73031 0.23353
2.73362 0.234714
2.73693 0.235749
2.74024 0.236781
2.74356 0.238058
2.74687 0.239051
2.75018 0.240045
2.75349 0.241289
2.7568 0.242378
2.76012 0.243456
2.76343 0.244774
2.76674 0.245802
2.77005 0.246827
2.77336 0.248098
2.77668 0.249211
2.77999 0.25006
2.7833 0.251302
2.78661 0.252389
2.78992 0.253341
2.79324 0.254673
2.79655 0.252214
2.79986 0.250062
2.80317 0.248679
2.80648 0.247345
2.8098 0.246176
2.81311 0.245654
2.81642 0.245198
2.81973 0.244798
2.82304 0.244948
2.82635 0.244955
2.82967 0.24496
2.83298 0.24534
2.83629 0.245798
2.8396 0.246073
2.84291 0.246689
2.84623 0.247353
2.84954 0.247934
2.85285 0.248817
2.85616 0.24959
2.85947 0.250266
2.86279 0.251233
2.8661 0.252204
2.86941 0.252928
2.87272 0.253937
2.87603 0.254945
2.87935 0.255827
2.88266 0.256974
2.88597 0.257852
2.88928 0.258745
2.89259 0.259902
2.89591 0.260914
2.89922 0.261925
2.90253 0.263184
2.90584 0.264161
2.90915 0.265141
2.91247 0.266374
2.91578 0.267452
2.91909 0.268395
2.9224 0.269596
2.92571 0.270646
2.92903 0.271691
2.93234 0.272979
2.93565 0.273982
2.93896 0.274859
2.94227 0.276127
2.94559 0.277236
2.9489 0.278081
2.95221 0.279321
2.95552 0.280406
2.95883 0.281355
2.96215 0.282686
2.96546 0.283725
2.96877 0.284635
2.97208 0.28593
2.97539 0.287064
2.97871 0.288056
2.98202 0.289424
2.98533 0.290496
2.98864 0.291434
2.99195 0.29263
2.99527 0.293801
2.99858 0.294701
3.00189 0.295863
3.0052 0.297005
3.00851 0.298005
3.01183 0.299254
3.01514 0.300347
3.01845 0.301304
3.02176 0.302516
3.02507 0.303701
3.02839 0.304614
3.0317 0.305787
3.03501 0.306939
3.03832 0.307946
3.04163 0.309203
3.04495 0.310303
3.04826 0.311265
3.05157 0.312482
3.05488 0.313547
3.05819 0.314603
3.06151 0.315903
3.06482 0.316915
3.06813 0.317926
3.07144 0.319185
3.07475 0.320287
3.07807 0.321251
3.08138 0.32247
3.08469 0.323536
3.088 0.324594
3.09131 0.325895
3.09463 0.326908
3.09794 0.327794
3.10125 0.32907
3.10456 0.330186
3.10787 0.331038
3.11119 0.332283
3.1145 0.333373
3.11781 0.334326
3.12112 0.33566
3.12443 0.336828
3.12775 0.337724
3.13106 0.339009
3.13437 0.340133
3.13768 0.341116
3.14099 0.342352
3.14431 0.343433
3.14762 0.344379
3.15093 0.345581
3.15424 0.346759
3.15755 0.347664
3.16087 0.348831
3.16418 0.349977
3.16749 0.35098
3.1708 0.352232
3.17411 0.353328
3.17743 0.354287
3.18074 0.355501
3.18405 0.356689
3.18736 0.357603
3.19067 0.358777
3.19399 0.359805
3.1973 0.360829
3.20061 0.362101
3.20392 0.363213
3.20723 0.364187
3.21055 0.365413
3.21386 0.366487
3.21717 0.367551
3.22048 0.368857
3.22379 0.369875
3.22711 0.37089
3.23042 0.372154
3.23373 0.37326
3.23704 0.374227
3.24035 0.375449
3.24367 0.376518
3.24698 0.377453
3.25029 0.378771
3.2536 0.3798
3.25691 0.3807
4.11638 0.369738
4.11969 0.36027
4.123 0.352362
4.12631 0.345566
4.12963 0.339746
4.13294 0.334652
4.13625 0.330321
4.13956 0.326656
4.14287 0.323824
4.14619 0.321846
4.1495 0.32049
4.15281 0.319679
4.15612 0.319469
4.15943 0.31966
4.16275 0.320203
4.16606 0.321177
4.16937 0.32203
4.17268 0.322776
4.17599 0.323304
4.17931 0.320766
4.18262 0.318921
4.18593 0.31768
4.18924 0.317095
4.19255 0.316959
4.19587 0.317214
4.19918 0.317937
4.20249 0.318945
4.2058 0.320202
4.20911 0.321802
4.21243 0.323576
4.21739 0.321254
4.22071 0.319598
4.22402 0.318648
4.22733 0.318192
4.23064 0.318168
4.23395 0.318522
4.23727 0.319332
4.24058 0.320415
4.24389 0.321738
4.2472 0.323396
4.25051 0.325221
4.25548 0.322819
4.25879 0.321091
4.26211 0.32008
4.26542 0.31957
4.26873 0.319499
4.27204 0.319936
4.27535 0.320694
4.27867 0.321733
4.28198 0.323016
4.28529 0.324639
4.2886 0.326434
4.29191 0.324005
4.29523 0.322379
4.29854 0.321332
4.30185 0.32079
4.30516 0.320817
4.30847 0.321214
4.31179 0.321938
4.3151 0.32307
4.31841 0.324437
4.32172 0.326007
4.32503 0.327881
4.32835 0.325646
4.33166 0.324065
4.33497 0.323057
4.33828 0.322675
4.34159 0.322716
4.34491 0.323126
4.34822 0.323985
4.35153 0.325112
4.35484 0.326473
4.35815 0.328164
4.36147 0.326019
4.36478 0.324516
4.36809 0.323702
4.3714 0.323364
4.37471 0.323443
4.37803 0.324013
4.38134 0.324886
4.38465 0.326026
4.38796 0.327397
4.39127 0.325473
4.39459 0.324164
4.3979 0.323393
4.40121 0.323219
4.40452 0.323442
4.40783 0.324011
4.41115 0.32501
4.41446 0.326259
4.41777 0.327726
4.42108 0.329511
4.42439 0.326822
4.42771 0.323969
4.43102 0.321223
4.43433 0.31832
4.43764 0.315405
4.44095 0.312729
4.44427 0.310513
4.44758 0.308074
4.45089 0.30594
4.4542 0.304197
4.45751 0.302173
4.46083 0.300401
4.46414 0.298476
4.46745 0.296791
4.47076 0.294818
4.47407 0.293215
4.47739 0.291813
4.4807 0.290087
4.48401 0.288701
4.48732 0.287363
4.49063 0.285568
4.49395 0.283997
4.49726 0.282622
4.50057 0.281044
4.50388 0.279664
4.50719 0.278456
4.51051 0.277024
4.51382 0.275646
4.51713 0.274565
4.52044 0.272995
4.52375 0.271495
4.52707 0.270308
4.53038 0.26877
4.53369 0.267424
4.537 0.266371
4.54031 0.264949
4.54363 0.263331
4.54694 0.261789
4.55025 0.260566
4.55356 0.258995
4.55687 0.257621
4.56019 0.256543
4.5635 0.2551
4.56681 0.253838
4.57012 0.252358
4.57343 0.251063
4.57675 0.24943
4.58006 0.248126
4.58337 0.246986
4.58668 0.245487
4.58999 0.244177
4.59331 0.242654
4.59662 0.241323
4.59993 0.239657
4.60324 0.238325
4.60655 0.237035
4.60987 0.23553
4.61318 0.234339
4.61649 0.233172
4.6198 0.231775
4.62311 0.230553
4.62643 0.229484
4.62974 0.228049
4.63305 0.226917
4.63636 0.225928
4.63967 0.224562
4.64299 0.223367
4.6463 0.222321
4.64961 0.221031
4.65292 0.219902
4.65623 0.218914
4.65955 0.217675
4.66286 0.216465
4.66617 0.215532
4.66948 0.214216
4.67279 0.213064
4.67611 0.212181
4.67942 0.211283
4.68273 0.210498
4.68604 0.209936
4.68935 0.209319
4.69267 0.208779
4.69598 0.208306
4.69929 0.208018
4.7026 0.207641
4.70591 0.207311
4.70923 0.207147
4.71254 0.206879
4.71585 0.206644
4.71916 0.206563
4.72247 0.206368
4.72579 0.206197
4.7291 0.206172
4.73241 0.206026
4.73572 0.205898
4.73903 0.20591
4.74235 0.205797
4.74566 0.205697
4.74897 0.20561
4.75228 0.205659
4.75559 0.205576
4.75891 0.205504
4.76222 0.205566
4.76553 0.205495
4.76884 0.205434
4.77215 0.205504
4.77547 0.205441
4.77878 0.205386
4.78209 0.205463
4.7854 0.205405
4.78871 0.205354
4.79203 0.205435
4.79534 0.205506
4.79865 0.205442
4.80196 0.205387
4.80527 0.205464
4.80859 0.205406
4.8119 0.205355
4.81521 0.205436
4.81852 0.205381
4.82183 0.205334
4.82515 0.205417
4.82846 0.205365
4.83177 0.205319
4.83508 0.205404
4.83839 0.205354
4.84171 0.20531
4.84502 0.205396
4.84833 0.205471
4.85164 0.205412
4.85495 0.205361
4.85827 0.205441
4.86158 0.205386
4.86489 0.205337
4.8682 0.20542
4.87151 0.205368
4.87483 0.205322
4.87814 0.205407
4.88145 0.205356
4.88476 0.205311
4.88807 0.205397
4.89139 0.205348
4.8947 0.205304
4.89801 0.205391
4.90132 0.205467
4.90463 0.205409
4.90795 0.205358
4.91126 0.205438
4.91457 0.205383
4.91788 0.205335
4.92119 0.205418
4.92451 0.205366
4.92782 0.20532
4.93113 0.205405
4.93444 0.205355
4.93775 0.20531
4.94107 0.205397
4.94438 0.205347
4.94769 0.205304
4.951 0.205391
4.95431 0.205467
4.95763 0.205408
4.96094 0.205357
4.96425 0.205438
4.96756 0.205383
4.97087 0.205335
4.97419 0.205418
4.9775 0.205366
4.98081 0.20532
4.98412 0.205405
4.98743 0.205355
4.99075 0.20531
4.99406 0.205396
4.99737 0.205347
5.00068 0.205304
5.00399 0.205266
5.00731 0.205357
5.01062 0.205313
5.01393 0.205274
5.01724 0.205364
5.02055 0.205319
5.02387 0.205279
5.02718 0.205369
5.03049 0.205323
5.0338 0.205283
5.03711 0.205372
5.04043 0.205326
5.04374 0.205285
5.04705 0.205374
5.05036 0.205328
5.05367 0.205287
5.05699 0.205251
5.0603 0.205344
5.06361 0.205301
5.06692 0.205264
5.07023 0.205356
5.07355 0.205311
5.07686 0.205272
5.08017 0.205363
5.08348 0.205318
5.08679 0.205278
5.09011 0.205368
5.09342 0.205322
5.09673 0.205282
5.10004 0.205372
5.10335 0.205325
5.10667 0.205285
5.10998 0.205249
5.11329 0.205343
5.1166 0.2053
5.11991 0.205263
5.12323 0.205355
5.12654 0.20531
5.12985 0.205272
5.13316 0.205363
5.13647 0.205317
5.13979 0.205278
5.1431 0.205368
5.14641 0.205322
5.14972 0.205282
5.15303 0.205371
5.15635 0.205325
5.15966 0.205284
5.16297 0.205249
5.16628 0.205343
5.16959 0.2053
5.17291 0.205262
5.17622 0.205355
5.17953 0.20531
5.18284 0.205272
5.18615 0.205363
5.18947 0.205317
5.19278 0.205278
5.19609 0.205368
5.1994 0.205322
5.20271 0.205282
5.20603 0.205371
5.20934 0.20545
5.21265 0.205394
5.21596 0.205345
5.21927 0.205426
5.22259 0.205373
5.2259 0.205327
5.22921 0.205411
5.23252 0.205359
5.23583 0.205314
5.23915 0.2054
5.24246 0.20535
5.24577 0.205306
5.24908 0.205393
5.25239 0.205344
5.25571 0.205301
5.25902 0.205388
5.26233 0.205465
5.26564 0.205407
5.26895 0.205356
5.27227 0.205436
5.27558 0.205382
5.27889 0.205334
5.2822 0.205417
5.28551 0.205365
5.28883 0.20532
5.29214 0.205405
5.29545 0.205354
5.29876 0.20531
5.30207 0.205396
5.30539 0.205347
5.3087 0.205303
5.31201 0.20539
5.31532 0.205467
5.31863 0.205408
5.32195 0.205357
5.32526 0.205438
5.32857 0.205383
5.33188 0.205335
5.33519 0.205418
5.33851 0.205366
5.34182 0.20532
5.34513 0.205405
5.34844 0.205354
5.35175 0.20531
5.35507 0.205396
5.35838 0.205347
5.36169 0.205303
5.365 0.205391
5.36831 0.205467
5.37163 0.205408
5.37494 0.205357
5.37825 0.205438
5.38156 0.205383
5.38487 0.205335
5.38819 0.205418
5.3915 0.205366
5.39481 0.20532
5.39812 0.205405
5.40143 0.205355
5.40475 0.20531
5.40806 0.205396
5.41137 0.205347
5.41468 0.205304
5.41799 0.205266
5.42131 0.205357
5.42462 0.205313
5.42793 0.205274
5.43124 0.205364
5.43455 0.205319
5.43787 0.205279
5.44118 0.205369
5.44449 0.205323
5.4478 0.205283
5.45111 0.205372
5.45443 0.205326
5.45774 0.205285
5.46105 0.205374
5.46436 0.205328
5.46767 0.205287
5.47099 0.205251
5.4743 0.205344
5.47761 0.205301
5.48092 0.205264
5.48423 0.205356
5.48755 0.205311
5.49086 0.205272
5.49417 0.205363
5.49748 0.205318
5.50079 0.205278
5.50411 0.205368
5.50742 0.205322
5.51073 0.205282
5.51404 0.205372
5.51735 0.205325
5.52067 0.205285
5.52398 0.205249
5.52729 0.205343
5.5306 0.2053
5.53391 0.205263
5.53723 0.205355
5.54054 0.20531
5.54385 0.205272
5.54716 0.205363
5.55047 0.205317
5.55379 0.205278
5.5571 0.205368
5.56041 0.205322
5.56372 0.205282
5.56703 0.205371
5.57035 0.205325
5.57366 0.205284
5.57697 0.205249
5.58028 0.205343
5.58359 0.2053
5.58691 0.205262
5.59022 0.205355
5.59353 0.20531
5.59684 0.205272
5.60015 0.205363
5.60347 0.205317
5.60678 0.205278
5.61009 0.205368
5.6134 0.205322
5.61671 0.205282
5.62003 0.205371
5.62334 0.20545
5.62665 0.205394
5.62996 0.205345
5.63327 0.205426
5.63659 0.205373
5.6399 0.205327
5.64321 0.205411
5.64652 0.205359
5.64983 0.205314
5.65315 0.2054
5.65646 0.20535
5.65977 0.205306
5.66308 0.205393
5.66639 0.205344
5.66971 0.205301
5.67302 0.205388
5.67633 0.205465
5.67964 0.205407
5.68295 0.205356
5.68627 0.205436
5.68958 0.205382
5.69289 0.205334
5.6962 0.205417
5.69951 0.205365
5.70283 0.20532
5.70614 0.205405
5.70945 0.205354
5.71276 0.20531
5.71607 0.205396
5.71939 0.205347
5.7227 0.205303
5.72601 0.20539
5.72932 0.205467
5.73263 0.205408
5.73595 0.205357
5.73926 0.205438
5.74257 0.205383
5.74588 0.205335
5.74919 0.205418
5.75251 0.205366
5.75582 0.20532
5.75913 0.205405
5.76244 0.205354
5.76575 0.20531
5.76907 0.205396
5.77238 0.205347
5.77569 0.205303
5.779 0.205391
5.78231 0.205467
5.78563 0.205408
5.78894 0.205357
5.79225 0.205438
5.79556 0.205383
5.79887 0.205335
5.80219 0.205418
5.8055 0.205366
5.80881 0.20532
5.81212 0.205405
5.81543 0.205355
5.81875 0.20531
5.82206 0.205396
5.82537 0.205347
5.82868 0.205304
5.83199 0.205266
5.83531 0.205357
5.83862 0.205313
5.84193 0.205274
5.84524 0.205364
5.84855 0.205319
5.85187 0.205279
5.85518 0.205369
5.85849 0.205323
5.8618 0.205283
5.86511 0.205372
5.86843 0.205326
5.87174 0.205285
5.87505 0.205374
5.87836 0.205328
5.88167 0.205287
5.88499 0.205251
5.8883 0.205344
5.89161 0.205301
5.89492 0.205264
5.89823 0.205356
5.90155 0.205311
5.90486 0.205272
5.90817 0.205363
5.91148 0.205318
5.91479 0.205278
5.91811 0.205368
5.92142 0.205322
5.92473 0.205282
5.92804 0.205372
5.93135 0.205325
5.93467 0.205285
5.93798 0.205249
5.94129 0.205343
5.9446 0.2053
5.94791 0.205263
5.95123 0.205355
5.95454 0.20531
5.95785 0.205272
5.96116 0.205363
5.96447 0.205317
5.96779 0.205278
5.9711 0.205368
5.97441 0.205322
5.97772 0.205282
5.98103 0.205371
5.98435 0.205325
5.98766 0.205284
5.99097 0.205249
5.99428 0.205343
5.99759 0.2053
6.00091 0.205262
6.00422 0.205355
6.00753 0.20531
6.01084 0.205272
6.01415 0.205363
6.01747 0.205317
6.02078 0.205278
6.02409 0.205368
6.0274 0.205322
6.03071 0.205282
6.03403 0.205371
6.03734 0.20545
6.04065 0.205394
6.04396 0.205345
6.04727 0.205426
6.05059 0.205373
6.0539 0.205327
6.05721 0.205411
6.06052 0.205359
6.06383 0.205314
6.06715 0.2054
6.07046 0.20535
6.07377 0.205306
6.07708 0.205393
6.08039 0.205344
6.08371 0.205301
6.08702 0.205388
6.09033 0.205465
6.09364 0.205407
6.09695 0.205356
6.10027 0.205436
6.10358 0.205382
6.10689 0.205334
6.1102 0.205417
6.11351 0.205365
6.11683 0.20532
6.12014 0.205405
6.12345 0.205354
6.12676 0.20531
6.13007 0.205396
6.13338 0.205347
6.1367 0.205303
6.14001 0.20539
6.14332 0.205467
6.14663 0.205408
6.14994 0.205357
6.15326 0.205438
6.15657 0.205383
6.15988 0.205335
6.16319 0.205418
6.1665 0.205366
6.16982 0.20532
6.17313 0.205405
6.17644 0.205354
6.17975 0.20531
6.18306 0.205396
6.18638 0.205347
6.18969 0.205303
6.193 0.205391
6.19631 0.205467
6.19962 0.205408
6.20294 0.205357
6.20625 0.205438
6.20956 0.205383
6.21287 0.205335
6.21618 0.205418
6.2195 0.205366
6.22281 0.20532
6.22612 0.205405
6.22943 0.205355
6.23274 0.20531
6.23606 0.205396
6.23937 0.205347
6.24268 0.205304
6.24599 0.205266
6.2493 0.205357
6.25262 0.205313
6.25593 0.205274
6.25924 0.205364
6.26255 0.205319
6.26586 0.205279
6.26918 0.205369
6.27249 0.205323
6.2758 0.205283
6.27911 0.205372
6.28242 0.205326
6.28574 0.205285
6.28905 0.205374
6.29236 0.205328
6.29567 0.205287
6.29898 0.205251
6.3023 0.205344
6.30561 0.205301
6.30892 0.205264
6.31223 0.205356
6.31554 0.205311
6.31886 0.205272
6.32217 0.205363
6.32548 0.205318
6.32879 0.205278
6.3321 0.205368
6.33542 0.205322
6.33873 0.205282
6.34204 0.205372
6.34535 0.205325
6.34866 0.205285
6.35198 0.205249
6.35529 0.205343
6.3586 0.2053
6.36191 0.205263
6.36522 0.205355
6.36854 0.20531
6.37185 0.205272
6.37516 0.205363
6.37847 0.205317
6.38178 0.205278
6.3851 0.205368
6.38841 0.205322
6.39172 0.205282
6.39503 0.205371
6.39834 0.205325
6.40166 0.205284
6.40497 0.205249
6.40828 0.205343
6.41159 0.2053
6.4149 0.205262
6.41822 0.205355
6.42153 0.20531
6.42484 0.205272
6.42815 0.205363
6.43146 0.205317
6.43478 0.205278
6.43809 0.205368
6.4414 0.205322
6.44471 0.205282
6.44802 0.205371
6.45134 0.20545
6.45465 0.205394
6.45796 0.205345
6.46127 0.205426
6.46458 0.205373
6.4679 0.205327
6.47121 0.205411
6.47452 0.205359
6.47783 0.205314
6.48114 0.2054
6.48446 0.20535
6.48777 0.205306
6.49108 0.205393
6.49439 0.205344
6.4977 0.205301
6.50102 0.205388
6.50433 0.205465
6.50764 0.205407
6.51095 0.205356
6.51426 0.205436
6.51758 0.205382
6.52089 0.205334
6.5242 0.205417
6.52751 0.205365
6.53082 0.20532
6.53414 0.205405
6.53745 0.205354
6.54076 0.20531
6.54407 0.205396
6.54738 0.205347
6.5507 0.205303
6.55401 0.20539
6.55732 0.205467
6.56063 0.205408
6.56394 0.205357
6.56726 0.205438
6.57057 0.205383
6.57388 0.205335
6.57719 0.205418
6.5805 0.205366
6.58382 0.20532
6.58713 0.205405
6.59044 0.205354
6.59375 0.20531
6.59706 0.205396
6.60038 0.205347
6.60369 0.205303
6.607 0.205391
6.61031 0.205467
6.61362 0.205408
6.61694 0.205357
6.62025 0.205438
6.62356 0.205383
6.62687 0.205335
6.63018 0.205418
6.6335 0.205366
6.63681 0.20532
6.64012 0.205405
6.64343 0.205355
6.64674 0.20531
6.65006 0.205396
6.65337 0.205347
6.65668 0.205304
6.65999 0.205266
6.6633 0.205357
6.66662 0.205313
6.66993 0.205274
6.67324 0.205364
6.67655 0.205319
6.67986 0.205279
6.68318 0.205369
6.68649 0.205323
6.6898 0.205283
6.69311 0.205372
6.69642 0.205326
6.69974 0.205285
6.70305 0.205374
6.70636 0.205328
6.70967 0.205287
6.71298 0.205251
6.7163 0.205344
6.71961 0.205301
6.72292 0.205264
6.72623 0.205356
6.72954 0.205311
6.73286 0.205272
6.73617 0.205363
6.73948 0.205318
6.74279 0.205278
6.7461 0.205368
6.74942 0.205322
6.75273 0.205282
6.75604 0.205372
6.75935 0.205325
6.76266 0.205285
6.76598 0.205249
6.76929 0.205343
6.7726 0.2053
6.77591 0.205263
6.77922 0.205355
6.78254 0.20531
6.78585 0.205272
6.78916 0.205363
6.79247 0.205317
6.79578 0.205278
6.7991 0.205368
6.80241 0.205322
6.80572 0.205282
6.80903 0.205371
6.81234 0.205325
6.81566 0.205284
6.81897 0.205249
6.82228 0.205343
6.82559 0.2053
6.8289 0.205262
6.83222 0.205355
6.83553 0.20531
6.83884 0.205272
6.84215 0.205363
6.84546 0.205317
6.84878 0.205278
6.85209 0.205368
6.8554 0.205322
6.85871 0.205282
6.86202 0.205371
6.86534 0.20545
6.86865 0.205394
6.87196 0.205345
6.87527 0.205426
6.87858 0.205373
6.8819 0.205327
6.88521 0.205411
6.88852 0.205359
6.89183 0.205314
6.89514 0.2054
6.89846 0.20535
6.90177 0.205306
6.90508 0.205393
6.90839 0.205344
6.9117 0.205301
6.91502 0.205388
6.91833 0.205465
6.92164 0.205407
6.92495 0.205356
6.92826 0.205436
6.93158 0.205382
6.93489 0.205334
6.9382 0.205417
6.94151 0.205365
6.94482 0.20532
6.94814 0.205405
6.95145 0.205354
6.95476 0.20531
6.95807 0.205396
6.96138 0.205347
6.9647 0.205303
6.96801 0.20539
6.97132 0.205467
6.97463 0.205408
6.97794 0.205357
6.98126 0.205438
6.98457 0.205383
6.98788 0.205335
6.99119 0.205418
6.9945 0.205366
6.99782 0.20532
7.00113 0.205405
7.00444 0.205354
7.00775 0.20531
7.01106 0.205396
7.01438 0.205347
7.01769 0.205303
7.021 0.205391
7.02431 0.205467
7.02762 0.205408
7.03094 0.205357
7.03425 0.205438
7.03756 0.205383
7.04087 0.205335
7.04418 0.205418
7.0475 0.205366
7.05081 0.20532
7.05412 0.205405
7.05743 0.205355
7.06074 0.20531
7.06406 0.205396
7.06737 0.205347
7.07068 0.205304
7.07399 0.205266
7.0773 0.205357
7.08062 0.205313
7.08393 0.205274
7.08724 0.205364
7.09055 0.205319
7.09386 0.205279
7.09718 0.205369
7.10049 0.205323
7.1038 0.205283
7.10711 0.205372
7.11042 0.205326
7.11374 0.205285
7.11705 0.205374
7.12036 0.205328
7.12367 0.205287
7.12698 0.205251
7.1303 0.205344
7.13361 0.205301
7.13692 0.205264
7.14023 0.205356
7.14354 0.205311
7.14686 0.205272
7.15017 0.205363
7.15348 0.205318
7.15679 0.205278
7.1601 0.205368
7.16342 0.205322
7.16673 0.205282
7.17004 0.205372
7.17335 0.205325
7.17666 0.205285
7.17998 0.205249
7.18329 0.205343
7.1866 0.2053
7.18991 0.205263
7.19322 0.205355
7.19654 0.20531
7.19985 0.205272
7.20316 0.205363
7.20647 0.205317
7.20978 0.205278
7.2131 0.205368
7.21641 0.205322
7.21972 0.205282
7.22303 0.205371
7.22634 0.205325
7.22966 0.205284
7.23297 0.205249
7.23628 0.205343
7.23959 0.2053
7.2429 0.205262
7.24622 0.205355
7.24953 0.20531
7.25284 0.205272
7.25615 0.205363
7.25946 0.205317
7.26278 0.205278
7.26609 0.205368
7.2694 0.205322
7.27271 0.205282
7.27602 0.205371
7.27934 0.20545
7.28265 0.205394
7.28596 0.205345
7.28927 0.205426
7.29258 0.205373
7.2959 0.205327
7.29921 0.205411
7.30252 0.205359
7.30583 0.205314
7.30914 0.2054
7.31246 0.20535
7.31577 0.205306
7.31908 0.205393
7.32239 0.205344
7.3257 0.205301
7.32902 0.205388
7.33233 0.205465
7.33564 0.205407
7.33895 0.205356
7.34226 0.205436
7.34558 0.205382
7.34889 0.205334
7.3522 0.205417
7.35551 0.205365
7.35882 0.20532
7.36214 0.205405
7.36545 0.205354
7.36876 0.20531
7.37207 0.205396
7.37538 0.205347
7.3787 0.205303
7.38201 0.20539
7.38532 0.205467
7.38863 0.205408
7.39194 0.205357
7.39526 0.205438
7.39857 0.205383
7.40188 0.205335
7.40519 0.205418
7.4085 0.205366
7.41182 0.20532
7.41513 0.205405
7.41844 0.205354
7.42175 0.20531
7.42506 0.205396
7.42838 0.205347
7.43169 0.205303
7.435 0.205391
7.43831 0.205467
7.44162 0.205408
7.44494 0.205357
7.44825 0.205438
7.45156 0.205383
7.45487 0.205335
7.45818 0.205418
7.4615 0.205366
7.46481 0.20532
7.46812 0.205405
7.47143 0.205355
7.47474 0.20531
7.47806 0.205396
7.48137 0.205347
7.48468 0.205304
7.48799 0.205266
7.4913 0.205357
7.49462 0.205313
7.49793 0.205274
7.50124 0.205364
7.50455 0.205319
7.50786 0.205279
7.51118 0.205369
7.51449 0.205323
7.5178 0.205283
7.52111 0.205372
7.52442 0.205326
7.52774 0.205285
7.53105 0.205374
7.53436 0.205328
7.53767 0.205287
7.54098 0.205251
7.5443 0.205344
7.54761 0.205301
7.55092 0.205264
7.55423 0.205356
7.55754 0.205311
7.56086 0.205272
7.56417 0.205363
7.56748 0.205318
7.57079 0.205278
7.5741 0.205368
7.57742 0.205322
7.58073 0.205282
7.58404 0.205372
7.58735 0.205325
7.59066 0.205285
7.59398 0.205249
7.59729 0.205343
7.6006 0.2053
7.60391 0.205263
7.60722 0.205355
7.61054 0.20531
7.61385 0.205272
7.61716 0.205363
7.62047 0.205317
7.62378 0.205278
7.6271 0.205368
7.63041 0.205322
7.63372 0.205282
7.63703 0.205371
7.64034 0.205325
7.64366 0.205284
7.64697 0.205249
7.65028 0.205343
7.65359 0.2053
7.6569 0.205262
7.66022 0.205355
7.66353 0.20531
7.66684 0.205272
7.67015 0.205363
7.67346 0.205317
7.67678 0.205278
7.68009 0.205368
7.6834 0.205322
7.68671 0.205282
7.69002 0.205371
7.69334 0.20545
7.69665 0.205394
7.69996 0.205345
7.70327 0.205426
7.70658 0.205373
7.7099 0.205327
7.71321 0.205411
7.71652 0.205359
7.71983 0.205314
7.72314 0.2054
7.72646 0.20535
7.72977 0.205306
7.73308 0.205393
7.73639 0.205344
7.7397 0.205301
7.74302 0.205388
7.74633 0.205465
7.74964 0.205407
7.75295 0.205356
7.75626 0.205436
7.75958 0.205382
7.76289 0.205334
7.7662 0.205417
7.76951 0.205365
7.77282 0.20532
7.77614 0.205405
7.77945 0.205354
7.78276 0.20531
7.78607 0.205396
7.78938 0.205347
7.7927 0.205303
7.79601 0.20539
7.79932 0.205467
7.80263 0.205408
7.80594 0.205357
7.80926 0.205438
7.81257 0.205383
7.81588 0.205335
7.81919 0.205418
7.8225 0.205366
7.82582 0.20532
7.82913 0.205405
7.83244 0.205354
7.83575 0.20531
7.83906 0.205396
7.84238 0.205347
7.84569 0.205303
7.849 0.205266
7.85231 0.205357
7.85562 0.205313
7.85894 0.205274
7.86225 0.205364
7.86556 0.205319
7.86887 0.205279
7.87218 0.205369
7.8755 0.205323
7.87881 0.205283
7.88212 0.205372
7.88543 0.205326
7.88874 0.205285
7.89206 0.205374
7.89537 0.205328
7.89868 0.205287
7.90199 0.205251
7.9053 0.205344
7.90862 0.205301
7.91193 0.205264
7.91524 0.205356
7.91855 0.205311
7.92186 0.205272
7.92518 0.205363
7.92849 0.205318
7.9318 0.205278
7.93511 0.205368
7.93842 0.205322
7.94174 0.205282
7.94505 0.205372
7.94836 0.205325
7.95167 0.205285
7.95498 0.205249
7.9583 0.205343
7.96161 0.2053
7.96492 0.205263
7.96823 0.205355
7.97154 0.20531
7.97486 0.205272
7.97817 0.205363
7.98148 0.205317
7.98479 0.205278
7.9881 0.205368
7.99142 0.205322
7.99473 0.205282
7.99804 0.205371
8.00135 0.205325
8.00466 0.205284
8.00798 0.205249
8.01129 0.205343
8.0146 0.2053
8.01791 0.205262
8.02122 0.205355
8.02454 0.20531
8.02785 0.205272
8.03116 0.205363
8.03447 0.205317
8.03778 0.205278
8.0411 0.205368
8.04441 0.205322
8.04772 0.205282
8.05103 0.205371
8.05434 0.20545
8.05766 0.205394
8.06097 0.205345
8.06428 0.205426
8.06759 0.205373
8.0709 0.205327
8.07422 0.205411
8.07753 0.205359
8.08084 0.205314
8.08415 0.2054
8.08746 0.20535
8.09078 0.205306
8.09409 0.205393
8.0974 0.205344
8.10071 0.205301
8.10402 0.205388
8.10734 0.205465
8.11065 0.205407
8.11396 0.205356
8.11727 0.205436
8.12058 0.205382
8.1239 0.205334
8.12721 0.205417
8.13052 0.205365
8.13383 0.20532
8.13714 0.205405
8.14046 0.205354
8.14377 0.20531
8.14708 0.205396
8.15039 0.205347
8.1537 0.205303
8.15702 0.20539
8.16033 0.205467
8.16364 0.205408
8.16695 0.205357
8.17026 0.205438
8.17358 0.205383
8.17689 0.205335
8.1802 0.205418
8.18351 0.205366
8.18682 0.20532
8.19014 0.205405
8.19345 0.205354
8.19676 0.20531
8.20007 0.205396
8.20338 0.205347
8.2067 0.205303
8.21001 0.205391
8.21332 0.205467
8.21663 0.205408
8.21994 0.205357
8.22326 0.205438
8.22657 0.205383
8.22988 0.205335
8.23319 0.205418
8.2365 0.205366
8.23982 0.20532
8.24313 0.205405
8.24644 0.205355
8.24975 0.20531
8.25306 0.205396
8.25638 0.205347
8.25969 0.205304
8.263 0.205266
8.26631 0.205357
8.26962 0.205313
8.27294 0.205274
8.27625 0.205364
8.27956 0.205319
8.28287 0.205279
8.28618 0.205369
8.2895 0.205323
8.29281 0.205283
8.29612 0.205372
8.29943 0.205326
8.30274 0.205285
8.30606 0.205374
8.30937 0.205328
8.31268 0.205287
8.31599 0.205251
8.3193 0.205344
8.32262 0.205301
8.32593 0.205264
8.32924 0.205356
8.33255 0.205311
8.33586 0.205272
8.33918 0.205363
8.34249 0.205318
8.3458 0.205278
8.34911 0.205368
8.35242 0.205322
8.35574 0.205282
8.35905 0.205372
8.36236 0.205325
8.36567 0.205285
8.36898 0.205249
8.3723 0.205343
8.37561 0.2053
8.37892 0.205263
8.38223 0.205355
8.38554 0.20531
8.38886 0.205272
8.39217 0.205363
8.39548 0.205317
8.39879 0.205278
8.4021 0.205368
8.40542 0.205322
8.40873 0.205282
8.41204 0.205371
8.41535 0.205325
8.41866 0.205284
8.42198 0.205249
8.42529 0.205343
8.4286 0.2053
8.43191 0.205262
8.43522 0.205355
8.43854 0.20531
8.44185 0.205272
8.44516 0.205363
8.44847 0.205317
8.45178 0.205278
8.4551 0.205368
8.45841 0.205322
8.46172 0.205282
8.46503 0.205371
8.46834 0.20545
8.47166 0.205394
8.47497 0.205345
8.47828 0.205426
8.48159 0.205373
8.4849 0.205327
8.48822 0.205411
8.49153 0.205359
8.49484 0.205314
8.49815 0.2054
8.50146 0.20535
8.50478 0.205306
8.50809 0.205393
8.5114 0.205344
8.51471 0.205301
8.51802 0.205388
8.52134 0.205465
8.52465 0.205407
8.52796 0.205356
8.53127 0.205436
8.53458 0.205382
8.5379 0.205334
8.54121 0.205417
8.54452 0.205365
8.54783 0.20532
8.55114 0.205405
8.55446 0.205354
8.55777 0.20531
8.56108 0.205396
8.56439 0.205347
8.5677 0.205303
8.57102 0.20539
8.57433 0.205467
8.57764 0.205408
8.58095 0.205357
8.58426 0.205438
8.58758 0.205383
8.59089 0.205335
8.5942 0.205418
8.59751 0.205366
8.60082 0.20532
8.60414 0.205405
8.60745 0.205354
8.61076 0.20531
8.61407 0.205396
8.61738 0.205347
8.6207 0.205303
8.62401 0.205391
8.62732 0.205467
8.63063 0.205408
8.63394 0.205357
8.63726 0.205438
8.64057 0.205383
8.64388 0.205335
8.64719 0.205418
8.6505 0.205366
8.65382 0.20532
8.65713 0.205405
8.66044 0.205355
8.66375 0.20531
8.66706 0.205396
8.67038 0.205347
8.67369 0.205304
8.677 0.205266
8.68031 0.205357
8.68362 0.205313
8.68694 0.205274
8.69025 0.205364
8.69356 0.205319
8.69687 0.205279
8.70018 0.205369
8.7035 0.205323
8.70681 0.205283
8.71012 0.205372
8.71343 0.205326
8.71674 0.205285
8.72006 0.205374
8.72337 0.205328
8.72668 0.205287
8.72999 0.205251
8.7333 0.205344
8.73662 0.205301
8.73993 0.205264
8.74324 0.205356
8.74655 0.205311
8.74986 0.205272
8.75318 0.205363
8.75649 0.205318
8.7598 0.205278
8.76311 0.205368
8.76642 0.205322
8.76974 0.205282
8.77305 0.205372
8.77636 0.205325
8.77967 0.205285
8.78298 0.205249
8.7863 0.205343
8.78961 0.2053
8.79292 0.205263
8.79623 0.205355
8.79954 0.20531
8.80286 0.205272
8.80617 0.205363
8.80948 0.205317
8.81279 0.205278
8.8161 0.205368
8.81942 0.205322
8.82273 0.205282
8.82604 0.205371
8.82935 0.205325
8.83266 0.205284
8.83598 0.205249
8.83929 0.205343
8.8426 0.2053
8.84591 0.205262
8.84922 0.205355
8.85254 0.20531
8.85585 0.205272
8.85916 0.205363
8.86247 0.205317
8.86578 0.205278
8.8691 0.205368
8.87241 0.205322
8.87572 0.205282
8.87903 0.205371
8.88234 0.20545
8.88566 0.205394
8.88897 0.205345
8.89228 0.205426
8.89559 0.205373
8.8989 0.205327
8.90222 0.205411
8.90553 0.205359
8.90884 0.205314
8.91215 0.2054
8.91546 0.20535
8.91878 0.205306
8.92209 0.205393
8.9254 0.205344
8.92871 0.205301
8.93202 0.205388
8.93534 0.205465
8.93865 0.205407
8.94196 0.205356
8.94527 0.205436
8.94858 0.205382
8.9519 0.205334
8.95521 0.205417
8.95852 0.205365
8.96183 0.20532
8.96514 0.205405
8.96846 0.205354
8.97177 0.20531
8.97508 0.205396
8.97839 0.205347
8.9817 0.205303
8.98502 0.20539
8.98833 0.205467
8.99164 0.205408
8.99495 0.205357
8.99826 0.205438
9.00158 0.205383
9.00489 0.205335
9.0082 0.205418
9.01151 0.205366
9.01482 0.20532
9.01814 0.205405
9.02145 0.205354
9.02476 0.20531
9.02807 0.205396
9.03138 0.205347
9.0347 0.205303
9.03801 0.205391
9.04132 0.205467
9.04463 0.205408
9.04794 0.205357
9.05126 0.205438
9.05457 0.205383
9.05788 0.205335
9.06119 0.205418
9.0645 0.205366
9.06782 0.20532
9.07113 0.205405
9.07444 0.205355
9.07775 0.20531
9.08106 0.205396
9.08438 0.205347
9.08769 0.205304
9.091 0.205266
9.09431 0.205357
9.09762 0.205313
9.10094 0.205274
9.10425 0.205364
9.10756 0.205319
9.11087 0.205279
9.11418 0.205369
9.1175 0.205323
9.12081 0.205283
9.12412 0.205372
9.12743 0.205326
9.13074 0.205285
9.13406 0.205374
9.13737 0.205328
9.14068 0.205287
9.14399 0.205251
9.1473 0.205344
9.15062 0.205301
9.15393 0.205264
9.15724 0.205356
9.16055 0.205311
9.16386 0.205272
9.16718 0.205363
9.17049 0.205318
9.1738 0.205278
9.17711 0.205368
9.18042 0.205322
9.18374 0.205282
9.18705 0.205372
9.19036 0.205325
9.19367 0.205285
9.19698 0.205249
9.2003 0.205343
9.20361 0.2053
9.20692 0.205263
9.21023 0.205355
9.21354 0.20531
9.21686 0.205272
9.22017 0.205363
9.22348 0.205317
9.22679 0.205278
9.2301 0.205368
9.23342 0.205322
9.23673 0.205282
9.24004 0.205371
9.24335 0.205325
9.24666 0.205284
9.24998 0.205249
9.25329 0.205343
9.2566 0.2053
9.25991 0.205262
9.26322 0.205355
9.26654 0.20531
9.26985 0.205272
9.27316 0.205363
9.27647 0.205317
9.27978 0.205278
9.2831 0.205368
9.28641 0.205322
9.28972 0.205282
9.29303 0.205371
9.29634 0.20545
9.29966 0.205394
9.30297 0.205345
9.30628 0.205426
9.30959 0.205373
9.3129 0.205327
9.31622 0.205411
9.31953 0.205359
9.32284 0.205314
9.32615 0.2054
9.32946 0.20535
9.33278 0.205306
9.33609 0.205393
9.3394 0.205344
9.34271 0.205301
9.34602 0.205388
9.34934 0.205465
9.35265 0.205407
9.35596 0.205356
9.35927 0.205436
9.36258 0.205382
9.3659 0.205334
9.36921 0.205417
9.37252 0.205365
9.37583 0.20532
9.37914 0.205405
9.38246 0.205354
9.38577 0.20531
9.38908 0.205396
9.39239 0.205347
9.3957 0.205303
9.39902 0.20539
9.40233 0.205467
9.40564 0.205408
9.40895 0.205357
9.41226 0.205438
9.41558 0.205383
9.41889 0.205335
9.4222 0.205418
9.42551 0.205366
9.42882 0.20532
9.43214 0.205405
9.43545 0.205354
9.43876 0.20531
9.44207 0.205396
9.44538 0.205347
9.44869 0.205303
9.45201 0.205391
9.45532 0.205467
9.45863 0.205408
9.46194 0.205357
9.46525 0.205438
9.46857 0.205383
9.47188 0.205335
9.47519 0.205418
9.4785 0.205366
9.48181 0.20532
9.48513 0.205405
9.48844 0.205355
9.49175 0.20531
9.49506 0.205396
9.49837 0.205347
9.50169 0.205304
9.505 0.205266
9.50831 0.205357
9.51162 0.205313
9.51493 0.205274
9.51825 0.205364
9.52156 0.205319
9.52487 0.205279
9.52818 0.205369
9.53149 0.205323
9.53481 0.205283
9.53812 0.205372
9.54143 0.205326
9.54474 0.205285
9.54805 0.205374
9.55137 0.205328
9.55468 0.205287
9.55799 0.205251
9.5613 0.205344
9.56461 0.205301
9.56793 0.205264
9.57124 0.205356
9.57455 0.205311
9.57786 0.205272
9.58117 0.205363
9.58449 0.205318
9.5878 0.205278
9.59111 0.205368
9.59442 0.205322
9.59773 0.205282
9.60105 0.205372
9.60436 0.205325
9.60767 0.205285
9.61098 0.205249
9.61429 0.205343
9.61761 0.2053
9.62092 0.205263
9.62423 0.205355
9.62754 0.20531
9.63085 0.205272
9.63417 0.205363
9.63748 0.205317
9.64079 0.205278
9.6441 0.205368
9.64741 0.205322
9.65073 0.205282
9.65404 0.205371
9.65735 0.205325
9.66066 0.205284
9.66397 0.205249
9.66729 0.205343
9.6706 0.2053
9.67391 0.205262
9.67722 0.205355
9.68053 0.20531
9.68385 0.205272
9.68716 0.205363
9.69047 0.205317
9.69378 0.205278
9.69709 0.205368
9.70041 0.205322
9.70372 0.205282
9.70703 0.205371
9.71034 0.20545
9.71365 0.205394
9.71697 0.205345
9.72028 0.205426
9.72359 0.205373
9.7269 0.205327
9.73021 0.205411
9.73353 0.205359
9.73684 0.205314
9.74015 0.2054
9.74346 0.20535
9.74677 0.205306
9.75009 0.205393
9.7534 0.205344
9.75671 0.205301
9.76002 0.205388
9.76333 0.205465
9.76665 0.205407
9.76996 0.205356
9.77327 0.205436
9.77658 0.205382
9.77989 0.205334
9.78321 0.205417
9.78652 0.205365
9.78983 0.20532
9.79314 0.205405
9.79645 0.205354
9.79977 0.20531
9.80308 0.205396
9.80639 0.205347
9.8097 0.205303
9.81301 0.20539
9.81633 0.205467
9.81964 0.205408
9.82295 0.205357
9.82626 0.205438
9.82957 0.205383
9.83289 0.205335
9.8362 0.205418
9.83951 0.205366
9.84282 0.20532
9.84613 0.205405
9.84945 0.205354
9.85276 0.20531
9.85607 0.205396
9.85938 0.205347
9.86269 0.205303
9.86601 0.205391
9.86932 0.205467
9.87263 0.205408
9.87594 0.205357
9.87925 0.205438
9.88257 0.205383
9.88588 0.205335
9.88919 0.205418
9.8925 0.205366
9.89581 0.20532
9.89913 0.205405
9.90244 0.205355
9.90575 0.20531
9.90906 0.205396
9.91237 0.205347
9.91569 0.205304
9.919 0.205266
9.92231 0.205357
9.92562 0.205313
9.92893 0.205274
9.93225 0.205364
9.93556 0.205319
9.93887 0.205279
9.94218 0.205369
9.94549 0.205323
9.94881 0.205283
9.95212 0.205372
9.95543 0.205326
9.95874 0.205285
9.96205 0.205374
9.96537 0.205328
9.96868 0.205287
9.97199 0.205251
9.9753 0.205344
9.97861 0.205301
9.98193 0.205264
9.98524 0.205356
9.98855 0.205311
9.99186 0.205272
9.99517 0.205363
9.99849 0.205318
10.0018 0.205278
10.0051 0.205368
10.0084 0.205322
10.0117 0.205282
10.015 0.205372
10.0184 0.205325
10.0217 0.205285
10.025 0.205249
10.0283 0.205343
10.0316 0.2053
10.0349 0.205263
10.0382 0.205355
10.0415 0.20531
10.0449 0.205272
10.0482 0.205363
10.0515 0.205317
10.0548 0.205278
10.0581 0.205368
10.0614 0.205322
10.0647 0.205282
10.068 0.205371
10.0714 0.205325
10.0747 0.205284
10.078 0.205249
10.0813 0.205343
10.0846 0.2053
10.0879 0.205262
10.0912 0.205355
10.0945 0.20531
10.0978 0.205272
10.1012 0.205363
10.1045 0.205317
10.1078 0.205278
10.1111 0.205368
10.1144 0.205322
10.1177 0.205282
10.121 0.205371
10.1243 0.20545
10.1277 0.205394
10.131 0.205345
10.1343 0.205426
10.1376 0.205373
10.1409 0.205327
10.1442 0.205411
10.1475 0.205359
10.1508 0.205314
10.1542 0.2054
10.1575 0.20535
10.1608 0.205306
10.1641 0.205393
10.1674 0.205344
10.1707 0.205301
10.174 0.205388
10.1773 0.205465
10.1806 0.205407
10.184 0.205356
10.1873 0.205436
10.1906 0.205382
10.1939 0.205334
10.1972 0.205417
10.2005 0.205365
10.2038 0.20532
10.2071 0.205405
10.2105 0.205354
10.2138 0.20531
10.2171 0.205396
10.2204 0.205347
10.2237 0.205303
10.227 0.20539
10.2303 0.205467
10.2336 0.205408
10.237 0.205357
10.2403 0.205438
10.2436 0.205383
10.2469 0.205335
10.2502 0.205418
10.2535 0.205366
10.2568 0.20532
10.2601 0.205405
10.2634 0.205354
10.2668 0.20531
10.2701 0.205396
10.2734 0.205347
10.2767 0.205303
10.28 0.205391
10.2833 0.205467
10.2866 0.205408
10.2899 0.205357
10.2933 0.205438
10.2966 0.205383
10.2999 0.205335
10.3032 0.205418
10.3065 0.205366
10.3098 0.20532
10.3131 0.205405
10.3164 0.205355
10.3198 0.20531
10.3231 0.205396
10.3264 0.205347
10.3297 0.205304
10.333 0.205266
10.3363 0.205357
10.3396 0.205313
10.3429 0.205274
10.3462 0.205364
10.3496 0.205319
10.3529 0.205279
10.3562 0.205369
10.3595 0.205323
10.3628 0.205283
10.3661 0.205372
10.3694 0.205326
10.3727 0.205285
10.3761 0.205374
10.3794 0.205328
10.3827 0.205287
10.386 0.205251
10.3893 0.205344
10.3926 0.205301
10.3959 0.205264
10.3992 0.205356
10.4026 0.205311
10.4059 0.205272
10.4092 0.205363
10.4125 0.205318
10.4158 0.205278
10.4191 0.205368
10.4224 0.205322
10.4257 0.205282
10.429 0.205372
10.4324 0.205325
10.4357 0.205285
10.439 0.205249
10.4423 0.205343
10.4456 0.2053
10.4489 0.205263
10.4522 0.205355
10.4555 0.20531
10.4589 0.205272
10.4622 0.205363
10.4655 0.205317
10.4688 0.205278
10.4721 0.205368
10.4754 0.205322
10.4787 0.205282
10.482 0.205371
10.4854 0.205325
10.4887 0.205284
10.492 0.205249
10.4953 0.205343
10.4986 0.2053
10.5019 0.205262
10.5052 0.205355
10.5085 0.20531
10.5118 0.205272
10.5152 0.205363
10.5185 0.205317
10.5218 0.205278
10.5251 0.205368
10.5284 0.205322
10.5317 0.205282
10.535 0.205371
10.5383 0.20545
10.5417 0.205394
10.545 0.205345
10.5483 0.205426
10.5516 0.205373
10.5549 0.205327
10.5582 0.205411
10.5615 0.205359
10.5648 0.205314
10.5682 0.2054
10.5715 0.20535
10.5748 0.205306
10.5781 0.205393
10.5814 0.205344
10.5847 0.205301
10.588 0.205388
10.5913 0.205465
10.5946 0.205407
10.598 0.205356
10.6013 0.205436
10.6046 0.205382
10.6079 0.205334
10.6112 0.205417
10.6145 0.205365
10.6178 0.20532
10.6211 0.205405
10.6245 0.205354
10.6278 0.20531
10.6311 0.205396
10.6344 0.205347
10.6377 0.205303
10.641 0.20539
10.6443 0.205467
10.6476 0.205408
10.651 0.205357
10.6543 0.205438
10.6576 0.205383
10.6609 0.205335
10.6642 0.205418
10.6675 0.205366
10.6708 0.20532
10.6741 0.205405
10.6774 0.205354
10.6808 0.20531
10.6841 0.205396
10.6874 0.205347
10.6907 0.205303
10.694 0.205391
10.6973 0.205467
10.7006 0.205408
10.7039 0.205357
10.7073 0.205438
10.7106 0.205383
10.7139 0.205335
10.7172 0.205418
10.7205 0.205366
10.7238 0.20532
10.7271 0.205405
10.7304 0.205355
10.7338 0.20531
10.7371 0.205396
10.7404 0.205347
10.7437 0.205304
10.747 0.205266
10.7503 0.205357
10.7536 0.205313
10.7569 0.205274
10.7602 0.205364
10.7636 0.205319
10.7669 0.205279
10.7702 0.205369
10.7735 0.205323
10.7768 0.205283
10.7801 0.205372
10.7834 0.205326
10.7867 0.205285
10.7901 0.205374
10.7934 0.205328
10.7967 0.205287
10.8 0.205251
10.8033 0.205344
10.8066 0.205301
10.8099 0.205264
10.8132 0.205356
10.8166 0.205311
10.8199 0.205272
10.8232 0.205363
10.8265 0.205318
10.8298 0.205278
10.8331 0.205368
10.8364 0.205322
10.8397 0.205282
10.843 0.205372
10.8464 0.205325
10.8497 0.205285
10.853 0.205249
10.8563 0.205343
10.8596 0.2053
10.8629 0.205263
10.8662 0.205355
10.8695 0.20531
10.8729 0.205272
10.8762 0.205363
10.8795 0.205317
10.8828 0.205278
10.8861 0.205368
10.8894 0.205322
10.8927 0.205282
10.896 0.205371
10.8994 0.205325
10.9027 0.205284
10.906 0.205249
10.9093 0.205343
10.9126 0.2053
10.9159 0.205262
10.9192 0.205355
10.9225 0.20531
10.9258 0.205272
10.9292 0.205363
10.9325 0.205317
10.9358 0.205278
10.9391 0.205368
10.9424 0.205322
10.9457 0.205282
10.949 0.205371
10.9523 0.20545
10.9557 0.205394
10.959 0.205345
10.9623 0.205426
10.9656 0.205373
10.9689 0.205327
10.9722 0.205411
10.9755 0.205359
10.9788 0.205314
10.9822 0.2054
10.9855 0.20535
10.9888 0.205306
10.9921 0.205393
10.9954 0.205344
10.9987 0.205301
11.002 0.205388
11.0053 0.205465
11.0086 0.205407
11.012 0.205356
11.0153 0.205436
11.0186 0.205382
11.0219 0.205334
11.0252 0.205417
11.0285 0.205365
11.0318 0.20532
11.0351 0.205405
11.0385 0.205354
11.0418 0.20531
11.0451 0.205396
11.0484 0.205347
11.0517 0.205303
11.055 0.20539
11.0583 0.205467
11.0616 0.205408
11.065 0.205357
11.0683 0.205438
11.0716 0.205383
11.0749 0.205335
11.0782 0.205418
11.0815 0.205366
11.0848 0.20532
11.0881 0.205405
11.0914 0.205354
11.0948 0.20531
11.0981 0.205396
11.1014 0.205347
11.1047 0.205303
11.108 0.205391
11.1113 0.205467
11.1146 0.205408
11.1179 0.205357
11.1213 0.205438
11.1246 0.205383
11.1279 0.205335
11.1312 0.205418
11.1345 0.205366
11.1378 0.20532
11.1411 0.205405
11.1444 0.205355
11.1477 0.20531
11.1511 0.205396
11.1544 0.205347
11.1577 0.205304
11.161 0.205266
11.1643 0.205357
11.1676 0.205313
11.1709 0.205274
11.1742 0.205364
11.1776 0.205319
11.1809 0.205279
11.1842 0.205369
11.1875 0.205323
11.1908 0.205283
11.1941 0.205372
11.1974 0.205326
11.2007 0.205285
11.2041 0.205374
11.2074 0.205328
11.2107 0.205287
11.214 0.205251
11.2173 0.205344
11.2206 0.205301
11.2239 0.205264
11.2272 0.205356
11.2305 0.205311
11.2339 0.205272
11.2372 0.205363
11.2405 0.205318
11.2438 0.205278
11.2471 0.205368
11.2504 0.205322
11.2537 0.205282
11.257 0.205372
11.2604 0.205325
11.2637 0.205285
11.267 0.205249
11.2703 0.205343
11.2736 0.2053
11.2769 0.205263
11.2802 0.205355
11.2835 0.20531
11.2869 0.205272
11.2902 0.205363
11.2935 0.205317
11.2968 0.205278
11.3001 0.205368
11.3034 0.205322
11.3067 0.205282
11.31 0.205371
11.3133 0.205325
11.3167 0.205284
11.32 0.205249
11.3233 0.205343
11.3266 0.2053
11.3299 0.205262
11.3332 0.205355
11.3365 0.20531
11.3398 0.205272
11.3432 0.205363
11.3465 0.205317
11.3498 0.205278
11.3531 0.205368
11.3564 0.205322
11.3597 0.205282
11.363 0.205371
11.3663 0.20545
11.3697 0.205394
11.373 0.205345
11.3763 0.205426
11.3796 0.205373
11.3829 0.205327
11.3862 0.205411
11.3895 0.205359
11.3928 0.205314
11.3961 0.2054
11.3995 0.20535
11.4028 0.205306
11.4061 0.205393
11.4094 0.205344
11.4127 0.205301
11.416 0.205388
11.4193 0.205465
11.4226 0.205407
11.426 0.205356
11.4293 0.205436
11.4326 0.205382
11.4359 0.205334
11.4392 0.205417
11.4425 0.205365
11.4458 0.20532
11.4491 0.205405
11.4525 0.205354
11.4558 0.20531
11.4591 0.205396
11.4624 0.205347
11.4657 0.205303
11.469 0.20539
11.4723 0.205467
11.4756 0.205408
11.4789 0.205357
11.4823 0.205438
11.4856 0.205383
11.4889 0.205335
11.4922 0.205418
11.4955 0.205366
11.4988 0.20532
11.5021 0.205405
11.5054 0.205354
11.5088 0.20531
11.5121 0.205396
11.5154 0.205347
11.5187 0.205303
11.522 0.205391
11.5253 0.205467
11.5286 0.205408
11.5319 0.205357
11.5353 0.205438
11.5386 0.205383
11.5419 0.205335
11.5452 0.205418
11.5485 0.205366
11.5518 0.20532
11.5551 0.205405
11.5584 0.205355
11.5617 0.20531
11.5651 0.205396
11.5684 0.205347
11.5717 0.205304
11.575 0.205266
11.5783 0.205357
11.5816 0.205313
11.5849 0.205274
11.5882 0.205364
11.5916 0.205319
11.5949 0.205279
11.5982 0.205369
11.6015 0.205323
11.6048 0.205283
11.6081 0.205372
11.6114 0.205326
11.6147 0.205285
11.6181 0.205374
11.6214 0.205328
11.6247 0.205287
11.628 0.205251
11.6313 0.205344
11.6346 0.205301
11.6379 0.205264
11.6412 0.205356
11.6445 0.205311
11.6479 0.205272
11.6512 0.205363
11.6545 0.205318
11.6578 0.205278
11.6611 0.205368
11.6644 0.205322
11.6677 0.205282
11.671 0.205372
11.6744 0.205325
11.6777 0.205285
11.681 0.205249
11.6843 0.205343
11.6876 0.2053
11.6909 0.205263
11.6942 0.205355
11.6975 0.20531
11.7009 0.205272
11.7042 0.205363
11.7075 0.205317
11.7108 0.205278
11.7141 0.205368
11.7174 0.205322
11.7207 0.205282
11.724 0.205371
11.7273 0.205325
11.7307 0.205284
11.734 0.205249
11.7373 0.205343
11.7406 0.2053
11.7439 0.205262
11.7472 0.205355
11.7505 0.20531
11.7538 0.205272
11.7572 0.205363
11.7605 0.205317
11.7638 0.205278
11.7671 0.205368
11.7704 0.205322
11.7737 0.205282
11.777 0.205371
11.7803 0.20545
11.7837 0.205394
11.787 0.205345
11.7903 0.205426
11.7936 0.205373
11.7969 0.205327
11.8002 0.205411
11.8035 0.205359
11.8068 0.205314
11.8101 0.2054
11.8135 0.20535
11.8168 0.205306
11.8201 0.205393
11.8234 0.205344
11.8267 0.205301
11.83 0.205388
11.8333 0.205465
11.8366 0.205407
11.84 0.205356
11.8433 0.205436
11.8466 0.205382
11.8499 0.205334
11.8532 0.205417
11.8565 0.205365
11.8598 0.20532
11.8631 0.205405
11.8665 0.205354
11.8698 0.20531
11.8731 0.205396
11.8764 0.205347
11.8797 0.205303
11.883 0.20539
11.8863 0.205467
11.8896 0.205408
11.8929 0.205357
11.8963 0.205438
11.8996 0.205383
11.9029 0.205335
11.9062 0.205418
11.9095 0.205366
11.9128 0.20532
11.9161 0.205405
11.9194 0.205354
11.9228 0.20531
11.9261 0.205396
11.9294 0.205347
11.9327 0.205303
11.936 0.205391
11.9393 0.205467
11.9426 0.205408
11.9459 0.205357
11.9493 0.205438
11.9526 0.205383
11.9559 0.205335
11.9592 0.205418
11.9625 0.205366
11.9658 0.20532
11.9691 0.205405
11.9724 0.205355
11.9757 0.20531
11.9791 0.205396
11.9824 0.205347
11.9857 0.205304
11.989 0.205266
11.9923 0.205357
11.9956 0.205313
11.9989 0.205274
12.0022 0.205364
12.0056 0.205319
12.0089 0.205279
12.0122 0.205369
12.0155 0.205323
12.0188 0.205283
12.0221 0.205372
12.0254 0.205326
12.0287 0.205285
12.0321 0.205374
12.0354 0.205328
12.0387 0.205287
12.042 0.205251
12.0453 0.205344
12.0486 0.205301
12.0519 0.205264
12.0552 0.205356
12.0585 0.205311
12.0619 0.205272
12.0652 0.205363
12.0685 0.205318
12.0718 0.205278
12.0751 0.205368
12.0784 0.205322
12.0817 0.205282
12.085 0.205372
12.0884 0.205325
12.0917 0.205285
12.095 0.205249
12.0983 0.205343
12.1016 0.2053
12.1049 0.205263
12.1082 0.205355
12.1115 0.20531
12.1149 0.205272
12.1182 0.205363
12.1215 0.205317
12.1248 0.205278
12.1281 0.205368
12.1314 0.205322
12.1347 0.205282
12.138 0.205371
12.1413 0.205325
12.1447 0.205284
12.148 0.205249
12.1513 0.205343
12.1546 0.2053
12.1579 0.205262
12.1612 0.205355
12.1645 0.20531
12.1678 0.205272
12.1712 0.205363
12.1745 0.205317
12.1778 0.205278
12.1811 0.205368
12.1844 0.205322
12.1877 0.205282
12.191 0.205371
12.1943 0.20545
12.1977 0.205394
12.201 0.205345
12.2043 0.205426
12.2076 0.205373
12.2109 0.205327
12.2142 0.205411
12.2175 0.205359
12.2208 0.205314
12.2241 0.2054
12.2275 0.20535
12.2308 0.205306
12.2341 0.205393
12.2374 0.205344
12.2407 0.205301
12.244 0.205388
12.2473 0.205465
12.2506 0.205407
12.254 0.205356
12.2573 0.205436
12.2606 0.205382
12.2639 0.205334
12.2672 0.205417
12.2705 0.205365
12.2738 0.20532
12.2771 0.205405
12.2805 0.205354
12.2838 0.20531
12.2871 0.205396
12.2904 0.205347
12.2937 0.205303
12.297 0.20539
12.3003 0.205467
12.3036 0.205408
12.3069 0.205357
12.3103 0.205438
12.3136 0.205383
12.3169 0.205335
12.3202 0.205418
12.3235 0.205366
12.3268 0.20532
12.3301 0.205405
12.3334 0.205354
12.3368 0.20531
12.3401 0.205396
12.3434 0.205347
12.3467 0.205303
12.35 0.205391
12.3533 0.205467
12.3566 0.205408
12.3599 0.205357
12.3633 0.205438
12.3666 0.205383
12.3699 0.205335
12.3732 0.205418
12.3765 0.205366
12.3798 0.20532
12.3831 0.205405
12.3864 0.205355
12.3897 0.20531
12.3931 0.205396
12.3964 0.205347
12.3997 0.205304
12.403 0.205266
12.4063 0.205357
12.4096 0.205313
12.4129 0.205274
12.4162 0.205364
12.4196 0.205319
12.4229 0.205279
12.4262 0.205369
12.4295 0.205323
12.4328 0.205283
12.4361 0.205372
12.4394 0.205326
12.4427 0.205285
12.4461 0.205374
12.4494 0.205328
12.4527 0.205287
12.456 0.205251
12.4593 0.205344
12.4626 0.205301
12.4659 0.205264
12.4692 0.205356
12.4725 0.205311
12.4759 0.205272
12.4792 0.205363
12.4825 0.205318
12.4858 0.205278
12.4891 0.205368
12.4924 0.205322
12.4957 0.205282
12.499 0.205372
12.5024 0.205325
12.5057 0.205285
12.509 0.205249
12.5123 0.205343
12.5156 0.2053
12.5189 0.205263
12.5222 0.205355
12.5255 0.20531
12.5289 0.205272
12.5322 0.205363
12.5355 0.205317
12.5388 0.205278
12.5421 0.205368
12.5454 0.205322
12.5487 0.205282
12.552 0.205371
12.5553 0.205325
12.5587 0.205284
12.562 0.205249
12.5653 0.205343
12.5686 0.2053
12.5719 0.205262
12.5752 0.205355
12.5785 0.20531
12.5818 0.205272
12.5852 0.205363
12.5885 0.205317
12.5918 0.205278
12.5951 0.205368
12.5984 0.205322
12.6017 0.205282
12.605 0.205371
12.6083 0.20545
12.6117 0.205394
12.615 0.205345
12.6183 0.205426
12.6216 0.205373
12.6249 0.205327
12.6282 0.205411
12.6315 0.205359
12.6348 0.205314
12.6381 0.2054
12.6415 0.20535
12.6448 0.205306
12.6481 0.205393
12.6514 0.205344
12.6547 0.205301
12.658 0.205388
12.6613 0.205465
12.6646 0.205407
12.668 0.205356
12.6713 0.205436
12.6746 0.205382
12.6779 0.205334
12.6812 0.205417
12.6845 0.205365
12.6878 0.20532
12.6911 0.205405
12.6945 0.205354
12.6978 0.20531
12.7011 0.205396
12.7044 0.205347
12.7077 0.205303
12.711 0.20539
12.7143 0.205467
12.7176 0.205408
12.7209 0.205357
12.7243 0.205438
12.7276 0.205383
12.7309 0.205335
12.7342 0.205418
12.7375 0.205366
12.7408 0.20532
12.7441 0.205405
12.7474 0.205354
12.7508 0.20531
12.7541 0.205396
12.7574 0.205347
12.7607 0.205303
12.764 0.205391
12.7673 0.205467
12.7706 0.205408
12.7739 0.205357
12.7773 0.205438
12.7806 0.205383
12.7839 0.205335
12.7872 0.205418
12.7905 0.205366
12.7938 0.20532
12.7971 0.205405
12.8004 0.205355
12.8037 0.20531
12.8071 0.205396
12.8104 0.205347
12.8137 0.205304
12.817 0.205266
12.8203 0.205357
12.8236 0.205313
12.8269 0.205274
12.8302 0.205364
12.8336 0.205319
12.8369 0.205279
12.8402 0.205369
12.8435 0.205323
12.8468 0.205283
12.8501 0.205372
12.8534 0.205326
12.8567 0.205285
12.8601 0.205374
12.8634 0.205328
12.8667 0.205287
12.87 0.205251
12.8733 0.205344
12.8766 0.205301
12.8799 0.205264
12.8832 0.205356
12.8865 0.205311
12.8899 0.205272
12.8932 0.205363
12.8965 0.205318
12.8998 0.205278
12.9031 0.205368
12.9064 0.205322
12.9097 0.205282
12.913 0.205372
12.9164 0.205325
12.9197 0.205285
12.923 0.205249
12.9263 0.205343
12.9296 0.2053
12.9329 0.205263
12.9362 0.205355
12.9395 0.20531
12.9429 0.205272
12.9462 0.205363
12.9495 0.205317
12.9528 0.205278
12.9561 0.205368
12.9594 0.205322
12.9627 0.205282
12.966 0.205371
12.9693 0.205325
12.9727 0.205284
12.976 0.205249
12.9793 0.205343
12.9826 0.2053
12.9859 0.205262
12.9892 0.205355
12.9925 0.20531
12.9958 0.205272
12.9992 0.205363
13.0025 0.205317
13.0058 0.205278
13.0091 0.205368
13.0124 0.205322
13.0157 0.205282
13.019 0.205371
13.0223 0.20545
13.0257 0.205394
13.029 0.205345
13.0323 0.205426
13.0356 0.205373
13.0389 0.205327
13.0422 0.205411
13.0455 0.205359
13.0488 0.205314
13.0521 0.2054
13.0555 0.20535
13.0588 0.205306
13.0621 0.205393
13.0654 0.205344
13.0687 0.205301
13.072 0.205388
13.0753 0.205465
13.0786 0.205407
13.082 0.205356
13.0853 0.205436
13.0886 0.205382
13.0919 0.205334
13.0952 0.205417
13.0985 0.205365
13.1018 0.20532
13.1051 0.205405
13.1085 0.205354
13.1118 0.20531
13.1151 0.205396
13.1184 0.205347
13.1217 0.205303
13.125 0.20539
13.1283 0.205467
13.1316 0.205408
13.1349 0.205357
13.1383 0.205438
13.1416 0.205383
13.1449 0.205335
13.1482 0.205418
13.1515 0.205366
13.1548 0.20532
13.1581 0.205405
13.1614 0.205354
13.1648 0.20531
13.1681 0.205396
13.1714 0.205347
13.1747 0.205303
13.178 0.205391
13.1813 0.205467
13.1846 0.205408
13.1879 0.205357
13.1913 0.205438
13.1946 0.205383
13.1979 0.205335
13.2012 0.205418
13.2045 0.205366
13.2078 0.20532
13.2111 0.205405
13.2144 0.205355
13.2177 0.20531
13.2211 0.205396
13.2244 0.205347
13.2277 0.205304
13.231 0.205266
13.2343 0.205357
13.2376 0.205313
13.2409 0.205274
13.2442 0.205364
13.2476 0.205319
13.2509 0.205279
13.2542 0.205369
13.2575 0.205323
13.2608 0.205283
13.2641 0.205372
13.2674 0.205326
13.2707 0.205285
13.2741 0.205374
13.2774 0.205328
13.2807 0.205287
13.284 0.205251
13.2873 0.205344
13.2906 0.205301
13.2939 0.205264
13.2972 0.205356
13.3005 0.205311
13.3039 0.205272
13.3072 0.205363
13.3105 0.205318
13.3138 0.205278
13.3171 0.205368
13.3204 0.205322
13.3237 0.205282
13.327 0.205372
13.3304 0.205325
13.3337 0.205285
13.337 0.205249
13.3403 0.205343
13.3436 0.2053
13.3469 0.205263
13.3502 0.205355
13.3535 0.20531
13.3569 0.205272
13.3602 0.205363
13.3635 0.205317
13.3668 0.205278
13.3701 0.205368
13.3734 0.205322
13.3767 0.205282
13.38 0.205371
13.3833 0.205325
13.3867 0.205284
13.39 0.205249
13.3933 0.205343
13.3966 0.2053
13.3999 0.205262
13.4032 0.205355
13.4065 0.20531
13.4098 0.205272
13.4132 0.205363
13.4165 0.205317
13.4198 0.205278
13.4231 0.205368
13.4264 0.205322
13.4297 0.205282
13.433 0.205371
13.4363 0.20545
13.4397 0.205394
13.443 0.205345
13.4463 0.205426
13.4496 0.205373
13.4529 0.205327
13.4562 0.205411
13.4595 0.205359
13.4628 0.205314
13.4661 0.2054
13.4695 0.20535
13.4728 0.205306
13.4761 0.205393
13.4794 0.205344
13.4827 0.205301
13.486 0.205388
13.4893 0.205465
13.4926 0.205407
13.496 0.205356
13.4993 0.205436
13.5026 0.205382
13.5059 0.205334
13.5092 0.205417
13.5125 0.205365
13.5158 0.20532
13.5191 0.205405
13.5225 0.205354
13.5258 0.20531
13.5291 0.205396
13.5324 0.205347
13.5357 0.205303
13.539 0.20539
13.5423 0.205467
13.5456 0.205408
13.5489 0.205357
13.5523 0.205438
13.5556 0.205383
13.5589 0.205335
13.5622 0.205418
13.5655 0.205366
13.5688 0.20532
13.5721 0.205405
13.5754 0.205354
13.5788 0.20531
13.5821 0.205396
13.5854 0.205347
13.5887 0.205303
13.592 0.205391
13.5953 0.205467
13.5986 0.205408
13.6019 0.205357
13.6053 0.205438
13.6086 0.205383
13.6119 0.205335
13.6152 0.205418
13.6185 0.205366
13.6218 0.20532
13.6251 0.205405
13.6284 0.205355
13.6317 0.20531
13.6351 0.205396
13.6384 0.205347
13.6417 0.205304
13.645 0.205266
13.6483 0.205357
13.6516 0.205313
13.6549 0.205274
13.6582 0.205364
13.6616 0.205319
13.6649 0.205279
13.6682 0.205369
13.6715 0.205323
13.6748 0.205283
13.6781 0.205372
13.6814 0.205326
13.6847 0.205285
13.6881 0.205374
13.6914 0.205328
13.6947 0.205287
13.698 0.205251
13.7013 0.205344
13.7046 0.205301
13.7079 0.205264
13.7112 0.205356
13.7145 0.205311
13.7179 0.205272
13.7212 0.205363
13.7245 0.205318
13.7278 0.205278
13.7311 0.205368
13.7344 0.205322
13.7377 0.205282
13.741 0.205372
13.7444 0.205325
13.7477 0.205285
13.751 0.205249
13.7543 0.205343
13.7576 0.2053
13.7609 0.205263
13.7642 0.205355
13.7675 0.20531
13.7709 0.205272
13.7742 0.205363
13.7775 0.205317
13.7808 0.205278
13.7841 0.205368
13.7874 0.205322
13.7907 0.205282
13.794 0.205371
13.7973 0.205325
13.8007 0.205284
13.804 0.205249
13.8073 0.205343
13.8106 0.2053
13.8139 0.205262
13.8172 0.205355
13.8205 0.20531
13.8238 0.205272
13.8272 0.205363
13.8305 0.205317
13.8338 0.205278
13.8371 0.205368
13.8404 0.205322
13.8437 0.205282
13.847 0.205371
13.8503 0.20545
13.8537 0.205394
13.857 0.205345
13.8603 0.205426
13.8636 0.205373
13.8669 0.205327
13.8702 0.205411
13.8735 0.205359
13.8768 0.205314
13.8801 0.2054
13.8835 0.20535
13.8868 0.205306
13.8901 0.205393
13.8934 0.205344
13.8967 0.205301
13.9 0.205388
13.9033 0.205465
13.9066 0.205407
13.91 0.205356
13.9133 0.205436
13.9166 0.205382
13.9199 0.205334
13.9232 0.205417
13.9265 0.205365
13.9298 0.20532
13.9331 0.205405
13.9365 0.205354
13.9398 0.20531
13.9431 0.205396
13.9464 0.205347
13.9497 0.205303
13.953 0.20539
13.9563 0.205467
13.9596 0.205408
13.9629 0.205357
13.9663 0.205438
13.9696 0.205383
13.9729 0.205335
13.9762 0.205418
13.9795 0.205366
13.9828 0.20532
13.9861 0.205405
13.9894 0.205354
13.9928 0.20531
13.9961 0.205396
13.9994 0.205347
14.0027 0.205303
14.006 0.205391
14.0093 0.205467
14.0126 0.205408
14.0159 0.205357
14.0193 0.205438
14.0226 0.205383
14.0259 0.205335
14.0292 0.205418
14.0325 0.205366
14.0358 0.20532
14.0391 0.205405
14.0424 0.205355
14.0457 0.20531
14.0491 0.205396
14.0524 0.205347
14.0557 0.205304
14.059 0.205266
14.0623 0.205357
14.0656 0.205313
14.0689 0.205274
14.0722 0.205364
14.0756 0.205319
14.0789 0.205279
14.0822 0.205369
14.0855 0.205323
14.0888 0.205283
14.0921 0.205372
14.0954 0.205326
14.0987 0.205285
14.1021 0.205374
14.1054 0.205328
14.1087 0.205287
14.112 0.205251
14.1153 0.205344
14.1186 0.205301
14.1219 0.205264
14.1252 0.205356
14.1285 0.205311
14.1319 0.205272
14.1352 0.205363
14.1385 0.205318
14.1418 0.205278
14.1451 0.205368
14.1484 0.205322
14.1517 0.205282
14.155 0.205372
14.1584 0.205325
14.1617 0.205285
14.165 0.205249
14.1683 0.205343
14.1716 0.2053
14.1749 0.205263
14.1782 0.205355
14.1815 0.20531
14.1849 0.205272
14.1882 0.205363
14.1915 0.205317
14.1948 0.205278
14.1981 0.205368
14.2014 0.205322
14.2047 0.205282
14.208 0.205371
14.2113 0.205325
14.2147 0.205284
14.218 0.205249
14.2213 0.205343
14.2246 0.2053
14.2279 0.205262
14.2312 0.205355
14.2345 0.20531
14.2378 0.205272
14.2412 0.205363
14.2445 0.205317
14.2478 0.205278
14.2511 0.205368
14.2544 0.205322
14.2577 0.205282
14.261 0.205371
14.2643 0.20545
14.2677 0.205394
14.271 0.205345
14.2743 0.205426
14.2776 0.205373
14.2809 0.205327
14.2842 0.205411
14.2875 0.205359
14.2908 0.205314
14.2941 0.2054
14.2975 0.20535
14.3008 0.205306
14.3041 0.205393
14.3074 0.205344
14.3107 0.205301
14.314 0.205388
14.3173 0.205465
14.3206 0.205407
14.324 0.205356
14.3273 0.205436
14.3306 0.205382
14.3339 0.205334
14.3372 0.205417
14.3405 0.205365
14.3438 0.20532
14.3471 0.205405
14.3505 0.205354
14.3538 0.20531
14.3571 0.205396
14.3604 0.205347
14.3637 0.205303
14.367 0.20539
14.3703 0.205467
14.3736 0.205408
14.3769 0.205357
14.3803 0.205438
14.3836 0.205383
14.3869 0.205335
14.3902 0.205418
14.3935 0.205366
14.3968 0.20532
14.4001 0.205405
14.4034 0.205354
14.4068 0.20531
14.4101 0.205396
14.4134 0.205347
14.4167 0.205303
14.42 0.205391
14.4233 0.205467
14.4266 0.205408
14.4299 0.205357
14.4333 0.205438
14.4366 0.205383
14.4399 0.205335
14.4432 0.205418
14.4465 0.205366
14.4498 0.20532
14.4531 0.205405
14.4564 0.205355
14.4597 0.20531
14.4631 0.205396
14.4664 0.205347
14.4697 0.205304
14.473 0.205266
14.4763 0.205357
14.4796 0.205313
14.4829 0.205274
14.4862 0.205364
14.4896 0.205319
14.4929 0.205279
14.4962 0.205369
14.4995 0.205323
14.5028 0.205283
14.5061 0.205372
14.5094 0.205326
14.5127 0.205285
14.5161 0.205374
14.5194 0.205328
14.5227 0.205287
14.526 0.205251
14.5293 0.205344
14.5326 0.205301
14.5359 0.205264
14.5392 0.205356
14.5425 0.205311
14.5459 0.205272
14.5492 0.205363
14.5525 0.205318
14.5558 0.205278
14.5591 0.205368
14.5624 0.205322
14.5657 0.205282
14.569 0.205372
14.5724 0.205325
14.5757 0.205285
14.579 0.205249
14.5823 0.205343
14.5856 0.2053
14.5889 0.205263
14.5922 0.205355
14.5955 0.20531
14.5989 0.205272
14.6022 0.205363
14.6055 0.205317
14.6088 0.205278
14.6121 0.205368
14.6154 0.205322
14.6187 0.205282
14.622 0.205371
14.6253 0.205325
14.6287 0.205284
14.632 0.205249
14.6353 0.205343
14.6386 0.2053
14.6419 0.205262
14.6452 0.205355
14.6485 0.20531
14.6518 0.205272
14.6552 0.205363
14.6585 0.205317
14.6618 0.205278
14.6651 0.205368
14.6684 0.205322
14.6717 0.205282
14.675 0.205371
14.6783 0.20545
14.6817 0.205394
14.685 0.205345
14.6883 0.205426
14.6916 0.205373
14.6949 0.205327
14.6982 0.205411
14.7015 0.205359
14.7048 0.205314
14.7081 0.2054
14.7115 0.20535
14.7148 0.205306
14.7181 0.205393
14.7214 0.205344
14.7247 0.205301
14.728 0.205388
14.7313 0.205465
14.7346 0.205407
14.738 0.205356
14.7413 0.205436
14.7446 0.205382
14.7479 0.205334
14.7512 0.205417
14.7545 0.205365
14.7578 0.20532
14.7611 0.205405
14.7645 0.205354
14.7678 0.20531
14.7711 0.205396
14.7744 0.205347
14.7777 0.205303
14.781 0.20539
14.7843 0.205467
14.7876 0.205408
14.7909 0.205357
14.7943 0.205438
14.7976 0.205383
14.8009 0.205335
14.8042 0.205418
14.8075 0.205366
14.8108 0.20532
14.8141 0.205405
14.8174 0.205354
14.8208 0.20531
14.8241 0.205396
14.8274 0.205347
14.8307 0.205303
14.834 0.205391
14.8373 0.205467
14.8406 0.205408
14.8439 0.205357
14.8473 0.205438
14.8506 0.205383
14.8539 0.205335
14.8572 0.205418
14.8605 0.205366
14.8638 0.20532
14.8671 0.205405
14.8704 0.205355
14.8737 0.20531
14.8771 0.205396
14.8804 0.205347
14.8837 0.205304
14.887 0.205266
14.8903 0.205357
14.8936 0.205313
14.8969 0.205274
14.9002 0.205364
14.9036 0.205319
14.9069 0.205279
14.9102 0.205369
14.9135 0.205323
14.9168 0.205283
14.9201 0.205372
14.9234 0.205326
14.9267 0.205285
14.9301 0.205374
14.9334 0.205328
14.9367 0.205287
14.94 0.205251
14.9433 0.205344
14.9466 0.205301
14.9499 0.205264
14.9532 0.205356
14.9565 0.205311
14.9599 0.205272
14.9632 0.205363
14.9665 0.205318
14.9698 0.205278
14.9731 0.205368
14.9764 0.205322
14.9797 0.205282
14.983 0.205372
14.9864 0.205325
14.9897 0.205285
14.993 0.205249
14.9963 0.205343
14.9996 0.2053
