0.0 0
0.0905768 4294967295
0.182886 4294967295
0.276809 4294967295
0.370731 4294967295
0.462998 4294967295
0.46631 4294967295
0.55692 4294967295
0.560232 4294967295
0.563544 4294967295
0.650842 4294967295
0.654154 4294967295
0.657466 4294967295
0.660778 4294967295
0.743109 4294967295
0.746421 4294967295
0.749733 4294967295
0.753045 4294967295
0.756357 4294967295
0.759669 4294967295
0.835375 4294967295
0.838687 4294967295
0.841999 4294967295
0.845311 4294967295
0.848623 4294967295
0.851935 4294967295
0.855247 4294967295
0.858559 4294967295
0.861871 4294967295
0.927642 4294967295
0.930954 4294967295
0.934266 4294967295
0.937578 4294967295
0.94089 4294967295
0.944202 4294967295
0.947514 4294967295
0.950826 4294967295
0.954138 4294967295
0.95745 4294967295
0.960762 4294967295
0.964074 4294967295
0.967386 4294967295
0.970698 4294967295
1.02156 4294967295
1.02488 4294967295
1.02819 4294967295
1.0315 4294967295
1.03481 4294967295
1.03812 4294967295
1.04144 4294967295
1.04475 4294967295
1.04806 4294967295
1.05137 4294967295
1.05468 4294967295
1.058 4294967295
1.06131 4294967295
1.06462 4294967295
1.06793 4294967295
1.07124 4294967295
1.07456 4294967295
1.07787 4294967295
1.08118 4294967295
1.08449 4294967295
1.0878 4294967295
1.11549 4294967295
1.1188 4294967295
1.12211 4294967295
1.12542 4294967295
1.12873 4294967295
1.13205 4294967295
1.13536 4294967295
1.13867 4294967295
1.14198 4294967295
1.14529 4294967295
1.14861 4294967295
1.15192 4294967295
1.15523 4294967295
1.15854 4294967295
1.16185 4294967295
1.16517 4294967295
1.16848 4294967295
1.17179 4294967295
1.1751 4294967295
1.17841 4294967295
1.18173 4294967295
1.18504 4294967295
1.18835 4294967295
1.19166 4294967295
1.19497 4294967295
1.19829 4294967295
1.2016 4294967295
1.20491 4294967295
1.20822 4294967295
1.21153 4294967295
1.21485 4294967295
1.21816 4294967295
1.22147 4294967295
1.22478 4294967295
1.22809 4294967295
1.23141 4294967295
1.23472 4294967295
1.23803 4294967295
1.24134 4294967295
1.24465 4294967295
1.24797 4294967295
1.25128 4294967295
1.25459 4294967295
1.2579 4294967295
1.26121 4294967295
1.26453 4294967295
1.26784 4294967295
1.27115 4294967295
1.27446 4294967295
1.27777 4294967295
1.28109 4294967295
1.2844 4294967295
1.28771 4294967295
1.29102 4294967295
1.29433 4294967295
1.29765 4294967295
1.30096 4294967295
1.30427 4294967295
1.30758 4294967295
1.31089 4294967295
1.31421 4294967295
1.31752 4294967295
1.32083 4294967295
1.32414 4294967295
1.32745 4294967295
1.33077 4294967295
1.33408 4294967295
1.33739 4294967295
1.3407 4294967295
1.34401 4294967295
1.34733 4294967295
1.35064 4294967295
1.35395 4294967295
1.35726 4294967295
1.36057 4294967295
1.36389 4294967295
1.3672 4294967295
1.37051 4294967295
1.37382 4294967295
1.37713 4294967295
1.38045 4294967295
1.38376 4294967295
1.38707 4294967295
1.39038 4294967295
1.39369 4294967295
1.39701 4294967295
1.40032 4294967295
1.40363 4294967295
1.40694 4294967295
1.41025 4294967295
1.41357 4294967295
1.41688 4294967295
1.42019 4294967295
1.4235 4294967295
1.42681 4294967295
1.43013 4294967295
1.43344 4294967295
1.43675 4294967295
1.44006 4294967295
1.44337 4294967295
1.44669 4294967295
1.45 4294967295
1.45331 4294967295
1.45662 4294967295
1.45993 4294967295
1.46325 4294967295
1.46656 4294967295
1.46987 4294967295
1.47318 4294967295
1.47649 4294967295
1.47981 4294967295
1.48312 4294967295
1.48643 4294967295
1.48974 4294967295
1.49305 4294967295
1.49637 4294967295
1.49968 4294967295
1.50299 4294967295
1.5063 4294967295
1.50961 4294967295
1.51293 4294967295
1.51624 4294967295
1.51955 4294967295
1.52286 4294967295
1.52617 4294967295
1.52949 4294967295
1.5328 4294967295
1.53611 4294967295
1.53942 4294967295
1.54273 4294967295
1.54605 4294967295
1.54936 4294967295
1.55267 4294967295
1.55598 4294967295
1.55929 4294967295
1.56261 4294967295
1.56592 4294967295
1.56923 4294967295
1.57254 4294967295
1.57585 4294967295
1.57917 4294967295
1.58248 4294967295
1.58579 4294967295
1.5891 4294967295
1.59241 4294967295
1.59573 4294967295
1.59904 4294967295
1.60235 4294967295
1.60566 4294967295
1.60897 4294967295
1.61229 4294967295
1.6156 4294967295
1.61891 4294967295
1.62222 4294967295
1.62553 4294967295
1.62885 4294967295
1.63216 4294967295
1.63547 4294967295
1.63878 4294967295
1.64209 4294967295
1.64541 4294967295
1.64872 4294967295
1.65203 4294967295
1.65534 4294967295
1.65865 4294967295
1.66197 4294967295
1.66528 4294967295
1.66859 4294967295
1.6719 4294967295
1.67521 4294967295
1.67853 4294967295
1.68184 4294967295
1.68515 4294967295
1.68846 4294967295
1.69177 4294967295
1.69509 4294967295
1.6984 4294967295
1.70171 4294967295
1.70502 4294967295
1.70833 4294967295
1.71165 4294967295
1.71496 4294967295
1.71827 4294967295
1.72158 4294967295
1.72489 4294967295
1.72821 4294967295
1.73152 4294967295
1.73483 4294967295
1.73814 4294967295
1.74145 4294967295
1.74477 4294967295
1.74808 4294967295
1.75139 4294967295
1.7547 4294967295
1.75801 4294967295
1.76133 4294967295
1.76464 4294967295
1.76795 4294967295
1.77126 4294967295
1.77457 4294967295
1.77789 4294967295
1.7812 4294967295
1.78451 4294967295
1.78782 4294967295
1.79113 4294967295
1.79445 4294967295
1.7978 4294967295
1.80111 48240
1.80111 48240
2.4585 48240
2.46181 48240
2.46513 48240
2.46513 48239
2.46844 48239
2.46844 48237
2.47175 48237
2.47175 47879
2.47506 47879
2.47506 47876
2.47837 47876
2.47837 47519
2.48169 47519
2.48169 47516
2.485 47516
2.485 47159
2.48831 47159
2.48831 47156
2.49162 47156
2.49162 46799
2.49493 46799
2.49493 46796
2.49825 46796
2.49825 46439
2.50321 46439
2.50321 46436
2.50653 46436
2.50653 46079
2.50984 46079
2.50984 46076
2.51315 46076
2.51315 45719
2.51646 45719
2.51646 45716
2.51977 45716
2.51977 45359
2.52309 45359
2.52309 45356
2.5264 45356
2.5264 44999
2.52971 44999
2.52971 44996
2.53302 44996
2.53302 44639
2.53633 44639
2.53633 44636
2.53965 44636
2.53965 44279
2.54296 44279
2.54296 44276
2.54627 44276
2.54627 43919
2.54958 43919
2.54958 43916
2.55289 43916
2.55289 43559
2.55621 43559
2.55621 43556
2.55952 43556
2.55952 43199
2.56283 43199
2.56283 43196
2.56614 43196
2.56614 42839
2.56945 42839
2.56945 42836
2.57277 42836
2.57277 42479
2.57608 42479
2.57608 42476
2.57939 42476
2.57939 42119
2.5827 42119
2.5827 42116
2.58601 42116
2.58601 41759
2.58933 41759
2.58933 41756
2.59429 41756
2.59429 41399
2.59761 41399
2.59761 41396
2.60092 41396
2.60092 41039
2.60423 41039
2.60423 41036
2.60754 41036
2.60754 40679
2.61085 40679
2.61085 40676
2.61417 40676
2.61417 40319
2.61748 40319
2.61748 40316
2.62079 40316
2.62079 39959
2.6241 39959
2.6241 39956
2.62741 39956
2.62741 39599
2.63073 39599
2.63073 39597
2.63404 39597
2.63404 39239
2.63735 39239
2.63735 39236
2.64066 39236
2.64066 38879
2.64397 38879
2.64397 38875
2.64729 38875
2.64729 38519
2.6506 38519
2.6506 38515
2.65391 38515
2.65391 38159
2.65722 38159
2.65722 38154
2.66053 38154
2.66053 37799
2.66385 37799
2.66385 37794
2.66716 37794
2.66716 37439
2.67047 37439
2.67047 37435
2.67378 37435
2.67378 37079
2.67709 37079
2.67709 37075
2.68041 37075
2.68041 36719
2.68372 36719
2.68372 36715
2.68703 36715
2.68703 36359
2.69034 36359
2.69034 36354
2.69365 36354
2.69365 35999
2.69697 35999
2.69697 35996
2.70028 35996
2.70028 35639
2.70359 35639
2.70359 35636
2.7069 35636
2.7069 35279
2.71021 35279
2.71021 35276
2.71353 35276
2.71353 34919
2.71684 34919
2.71684 34916
2.72015 34916
2.72015 34559
2.72346 34559
2.72346 34557
2.72677 34557
2.72677 34199
2.73009 34199
2.73009 34197
2.7334 34197
2.7334 33839
2.73671 33839
2.73671 33837
2.74002 33837
2.74002 33479
2.74333 33479
2.74333 33477
2.74665 33477
2.74665 33119
2.74996 33119
2.74996 33117
2.75327 33117
2.75327 32759
2.75658 32759
2.75658 32758
2.75989 32758
2.75989 32399
2.76321 32399
2.76321 32398
2.76652 32398
2.76652 32039
2.76983 32039
2.76983 32038
2.77314 32038
2.77314 31679
2.77645 31679
2.77645 31678
2.77977 31678
2.77977 31319
2.78308 31319
2.78308 31318
2.78639 31318
2.78639 30959
12.464 30959
12.464 30239
12.4674 30239
12.4674 29519
12.4707 29519
12.4707 28799
12.474 28799
12.474 28079
12.4773 28079
12.4773 27359
12.4806 27359
12.4806 26639
12.4839 26639
12.4839 25919
12.4872 25919
12.4872 25199
12.4905 25199
12.4905 24479
12.4939 24479
12.4939 23759
12.4972 23759
12.4972 23039
12.5005 23039
12.5005 22319
12.5038 22319
12.5038 21599
12.5071 21599
12.5071 20879
12.5104 20879
12.5104 20159
12.5137 20159
12.5137 19439
12.517 19439
12.517 18719
12.5204 18719
12.5204 17999
12.5237 17999
12.5237 17279
12.527 17279
12.527 16559
12.5303 16559
12.5303 15839
12.5336 15839
12.5336 15119
12.5369 15119
12.5369 14399
12.5402 14399
12.5402 13679
12.5435 13679
12.5435 12959
12.5468 12959
12.5468 12239
12.5502 12239
12.5502 11519
12.5535 11519
12.5535 10799
12.5568 10799
12.5568 10079
12.5601 10079
12.5601 9359
12.5634 9359
12.5634 8639
12.5667 8639
12.5667 7919
12.57 7919
12.57 7199
12.5733 7199
12.5733 6479
12.5767 6479
12.5767 5759
12.58 5759
12.58 5039
12.5833 5039
12.5833 4319
12.5866 4319
12.5866 3599
12.5899 3599
12.5899 2879
12.5932 2879
12.5932 2159
12.5965 2159
12.5965 1439
12.5998 1439
12.5998 719
